2.703939939573351409e-02
2.703939939573351409e-02
2.703939939573351409e-02
2.703939939573351409e-02
2.703939939573351409e-02
2.703939939573351409e-02
2.703939939573351409e-02
2.703939939573351409e-02
2.703939939573351409e-02
2.703939939573351409e-02
2.703939939573351409e-02
2.703939939573351409e-02
2.703939939573351409e-02
2.703939939573351409e-02
2.703939939573351409e-02
2.703939939573351409e-02
2.703939939573351409e-02
2.703939939573351409e-02
2.703939939573351409e-02
2.703939939573351409e-02
1.815851313821833027e-02
2.703939939573351409e-02
1.815851313821833027e-02
1.815851313821833027e-02
2.703939939573351409e-02
2.703939939573351409e-02
2.703939939573351409e-02
1.815851313821833027e-02
2.703939939573351409e-02
1.815851313821833027e-02
1.815851313821833027e-02
2.703939939573351409e-02
1.815851313821833027e-02
1.815851313821833027e-02
1.815851313821833027e-02
1.815851313821833027e-02
1.815851313821833027e-02
1.815851313821833027e-02
1.815851313821833027e-02
1.815851313821833027e-02
1.815851313821833027e-02
1.815851313821833027e-02
1.815851313821833027e-02
1.815851313821833027e-02
1.815851313821833027e-02
1.815851313821833027e-02
1.815851313821833027e-02
1.815851313821833027e-02
1.815851313821833027e-02
1.815851313821833027e-02
1.815851313821833027e-02
1.815851313821833027e-02
1.815851313821833027e-02
1.815851313821833027e-02
1.815851313821833027e-02
1.815851313821833027e-02
1.815851313821833027e-02
1.815851313821833027e-02
1.815851313821833027e-02
1.815851313821833027e-02
1.815851313821833027e-02
1.815851313821833027e-02
1.815851313821833027e-02
1.815851313821833027e-02
1.815851313821833027e-02
1.815851313821833027e-02
1.815851313821833027e-02
1.815851313821833027e-02
1.815851313821833027e-02
1.815851313821833027e-02
9.277626880703146450e-03
1.815851313821833027e-02
9.277626880703146450e-03
1.815851313821833027e-02
1.815851313821833027e-02
1.815851313821833027e-02
1.815851313821833027e-02
1.815851313821833027e-02
1.815851313821833027e-02
1.815851313821833027e-02
1.815851313821833027e-02
9.277626880703146450e-03
1.815851313821833027e-02
1.815851313821833027e-02
1.815851313821833027e-02
1.815851313821833027e-02
1.815851313821833027e-02
1.815851313821833027e-02
1.815851313821833027e-02
1.815851313821833027e-02
9.277626880703146450e-03
1.815851313821833027e-02
1.815851313821833027e-02
1.815851313821833027e-02
1.815851313821833027e-02
9.277626880703146450e-03
1.815851313821833027e-02
9.277626880703146450e-03
1.815851313821833027e-02
9.277626880703146450e-03
9.277626880703146450e-03
9.277626880703146450e-03
1.815851313821833027e-02
9.277626880703146450e-03
9.277626880703146450e-03
9.277626880703146450e-03
9.277626880703146450e-03
9.277626880703146450e-03
9.277626880703146450e-03
9.277626880703146450e-03
9.277626880703146450e-03
9.277626880703146450e-03
9.277626880703146450e-03
9.277626880703146450e-03
9.277626880703146450e-03
9.277626880703146450e-03
9.277626880703146450e-03
9.277626880703146450e-03
9.277626880703146450e-03
9.277626880703146450e-03
9.277626880703146450e-03
9.277626880703146450e-03
9.277626880703146450e-03
9.277626880703146450e-03
9.277626880703146450e-03
9.277626880703146450e-03
9.277626880703146450e-03
9.277626880703146450e-03
9.277626880703146450e-03
9.277626880703146450e-03
9.277626880703146450e-03
9.277626880703146450e-03
9.277626880703146450e-03
9.277626880703146450e-03
9.277626880703146450e-03
9.277626880703146450e-03
9.277626880703146450e-03
9.277626880703146450e-03
9.277626880703146450e-03
9.277626880703146450e-03
9.277626880703146450e-03
9.277626880703146450e-03
9.277626880703146450e-03
9.277626880703146450e-03
9.277626880703146450e-03
9.277626880703146450e-03
9.277626880703146450e-03
9.277626880703146450e-03
9.277626880703146450e-03
9.277626880703146450e-03
9.277626880703146450e-03
9.277626880703146450e-03
9.277626880703146450e-03
9.277626880703146450e-03
9.277626880703146450e-03
9.277626880703146450e-03
9.277626880703146450e-03
9.277626880703146450e-03
3.967406231879634995e-04
9.277626880703146450e-03
9.277626880703146450e-03
1.815851313821833027e-02
9.277626880703146450e-03
9.277626880703146450e-03
9.277626880703146450e-03
9.277626880703146450e-03
9.277626880703146450e-03
9.277626880703146450e-03
9.277626880703146450e-03
9.277626880703146450e-03
9.277626880703146450e-03
9.277626880703146450e-03
9.277626880703146450e-03
3.967406231879634995e-04
9.277626880703146450e-03
9.277626880703146450e-03
9.277626880703146450e-03
9.277626880703146450e-03
9.277626880703146450e-03
9.277626880703146450e-03
9.277626880703146450e-03
9.277626880703146450e-03
9.277626880703146450e-03
9.277626880703146450e-03
9.277626880703146450e-03
9.277626880703146450e-03
9.277626880703146450e-03
9.277626880703146450e-03
9.277626880703146450e-03
9.277626880703146450e-03
9.277626880703146450e-03
9.277626880703146450e-03
9.277626880703146450e-03
9.277626880703146450e-03
9.277626880703146450e-03
9.277626880703146450e-03
9.277626880703146450e-03
9.277626880703146450e-03
9.277626880703146450e-03
3.967406231879634995e-04
3.967406231879634995e-04
9.277626880703146450e-03
9.277626880703146450e-03
3.967406231879634995e-04
9.277626880703146450e-03
9.277626880703146450e-03
3.967406231879634995e-04
3.967406231879634995e-04
9.277626880703146450e-03
3.967406231879634995e-04
3.967406231879634995e-04
9.277626880703146450e-03
9.277626880703146450e-03
3.967406231879634995e-04
9.277626880703146450e-03
3.967406231879634995e-04
3.967406231879634995e-04
9.277626880703146450e-03
9.277626880703146450e-03
9.277626880703146450e-03
9.277626880703146450e-03
3.967406231879634995e-04
9.277626880703146450e-03
3.967406231879634995e-04
9.277626880703146450e-03
3.967406231879634995e-04
3.967406231879634995e-04
9.277626880703146450e-03
9.277626880703146450e-03
9.277626880703146450e-03
9.277626880703146450e-03
3.967406231879634995e-04
9.277626880703146450e-03
9.277626880703146450e-03
3.967406231879634995e-04
3.967406231879634995e-04
9.277626880703146450e-03
3.967406231879634995e-04
9.277626880703146450e-03
3.967406231879634995e-04
3.967406231879634995e-04
9.277626880703146450e-03
3.967406231879634995e-04
3.967406231879634995e-04
9.277626880703146450e-03
3.967406231879634995e-04
9.277626880703146450e-03
9.277626880703146450e-03
3.967406231879634995e-04
3.967406231879634995e-04
9.277626880703146450e-03
9.277626880703146450e-03
9.277626880703146450e-03
3.967406231879634995e-04
3.967406231879634995e-04
3.967406231879634995e-04
9.277626880703146450e-03
3.967406231879634995e-04
3.967406231879634995e-04
3.967406231879634995e-04
9.277626880703146450e-03
3.967406231879634995e-04
9.277626880703146450e-03
3.967406231879634995e-04
3.967406231879634995e-04
3.967406231879634995e-04
9.277626880703146450e-03
3.967406231879634995e-04
3.967406231879634995e-04
3.967406231879634995e-04
3.967406231879634995e-04
3.967406231879634995e-04
3.967406231879634995e-04
3.967406231879634995e-04
3.967406231879634995e-04
3.967406231879634995e-04
3.967406231879634995e-04
3.967406231879634995e-04
3.967406231879634995e-04
3.967406231879634995e-04
3.967406231879634995e-04
3.967406231879634995e-04
9.277626880703146450e-03
9.277626880703146450e-03
9.277626880703146450e-03
3.967406231879634995e-04
3.967406231879634995e-04
3.967406231879634995e-04
3.967406231879634995e-04
9.277626880703146450e-03
3.967406231879634995e-04
3.967406231879634995e-04
3.967406231879634995e-04
3.967406231879634995e-04
9.277626880703146450e-03
3.967406231879634995e-04
3.967406231879634995e-04
3.967406231879634995e-04
3.967406231879634995e-04
3.967406231879634995e-04
3.967406231879634995e-04
9.277626880703146450e-03
3.967406231879634995e-04
3.967406231879634995e-04
3.967406231879634995e-04
3.967406231879634995e-04
3.967406231879634995e-04
3.967406231879634995e-04
3.967406231879634995e-04
3.967406231879634995e-04
3.967406231879634995e-04
9.277626880703146450e-03
3.967406231879634995e-04
3.967406231879634995e-04
9.277626880703146450e-03
3.967406231879634995e-04
3.967406231879634995e-04
3.967406231879634995e-04
3.967406231879634995e-04
3.967406231879634995e-04
3.967406231879634995e-04
3.967406231879634995e-04
3.967406231879634995e-04
3.967406231879634995e-04
3.967406231879634995e-04
3.967406231879634995e-04
3.967406231879634995e-04
3.967406231879634995e-04
3.967406231879634995e-04
3.967406231879634995e-04
3.967406231879634995e-04
3.967406231879634995e-04
3.967406231879634995e-04
3.967406231879634995e-04
9.277626880703146450e-03
3.967406231879634995e-04
9.277626880703146450e-03
3.967406231879634995e-04
3.967406231879634995e-04
3.967406231879634995e-04
3.967406231879634995e-04
9.277626880703146450e-03
9.277626880703146450e-03
3.967406231879634995e-04
9.277626880703146450e-03
3.967406231879634995e-04
3.967406231879634995e-04
3.967406231879634995e-04
9.277626880703146450e-03
3.967406231879634995e-04
3.967406231879634995e-04
3.967406231879634995e-04
3.967406231879634995e-04
3.967406231879634995e-04
3.967406231879634995e-04
3.967406231879634995e-04
3.967406231879634995e-04
3.967406231879634995e-04
3.967406231879634995e-04
3.967406231879634995e-04
3.967406231879634995e-04
3.967406231879634995e-04
3.967406231879634995e-04
3.967406231879634995e-04
3.967406231879634995e-04
3.967406231879634995e-04
3.967406231879634995e-04
3.967406231879634995e-04
3.967406231879634995e-04
3.967406231879634995e-04
3.967406231879634995e-04
3.967406231879634995e-04
3.967406231879634995e-04
3.967406231879634995e-04
3.967406231879634995e-04
3.967406231879634995e-04
3.967406231879634995e-04
3.967406231879634995e-04
3.967406231879634995e-04
3.967406231879634995e-04
3.967406231879634995e-04
3.967406231879634995e-04
3.967406231879634995e-04
3.967406231879634995e-04
3.967406231879634995e-04
3.967406231879634995e-04
3.967406231879634995e-04
3.967406231879634995e-04
3.967406231879634995e-04
3.967406231879634995e-04
3.967406231879634995e-04
3.967406231879634995e-04
3.967406231879634995e-04
3.967406231879634995e-04
3.967406231879634995e-04
3.967406231879634995e-04
3.967406231879634995e-04
3.967406231879634995e-04
3.967406231879634995e-04
3.967406231879634995e-04
3.967406231879634995e-04
3.967406231879634995e-04
3.967406231879634995e-04
3.967406231879634995e-04
3.967406231879634995e-04
3.967406231879634995e-04
3.967406231879634995e-04
3.967406231879634995e-04
3.967406231879634995e-04
3.967406231879634995e-04
3.967406231879634995e-04
9.277626880703146450e-03
3.967406231879634995e-04
3.967406231879634995e-04
3.967406231879634995e-04
3.967406231879634995e-04
3.967406231879634995e-04
3.967406231879634995e-04
9.277626880703146450e-03
3.967406231879634995e-04
3.967406231879634995e-04
3.967406231879634995e-04
9.277626880703146450e-03
3.967406231879634995e-04
3.967406231879634995e-04
3.967406231879634995e-04
3.967406231879634995e-04
3.967406231879634995e-04
3.967406231879634995e-04
3.967406231879634995e-04
3.967406231879634995e-04
3.967406231879634995e-04
3.967406231879634995e-04
3.967406231879634995e-04
3.967406231879634995e-04
3.967406231879634995e-04
3.967406231879634995e-04
3.967406231879634995e-04
3.967406231879634995e-04
3.967406231879634995e-04
3.967406231879634995e-04
3.967406231879634995e-04
3.967406231879634995e-04
3.967406231879634995e-04
3.967406231879634995e-04
3.967406231879634995e-04
3.967406231879634995e-04
3.967406231879634995e-04
9.277626880703146450e-03
3.967406231879634995e-04
3.967406231879634995e-04
3.967406231879634995e-04
3.967406231879634995e-04
3.967406231879634995e-04
3.967406231879634995e-04
3.967406231879634995e-04
3.967406231879634995e-04
3.967406231879634995e-04
3.967406231879634995e-04
3.967406231879634995e-04
3.967406231879634995e-04
3.967406231879634995e-04
3.967406231879634995e-04
3.967406231879634995e-04
3.967406231879634995e-04
3.967406231879634995e-04
3.967406231879634995e-04
3.967406231879634995e-04
3.967406231879634995e-04
3.967406231879634995e-04
3.967406231879634995e-04
3.967406231879634995e-04
3.967406231879634995e-04
3.967406231879634995e-04
3.967406231879634995e-04
3.967406231879634995e-04
3.967406231879634995e-04
3.967406231879634995e-04
3.967406231879634995e-04
9.277626880703146450e-03
3.967406231879634995e-04
3.967406231879634995e-04
3.967406231879634995e-04
3.967406231879634995e-04
3.967406231879634995e-04
3.967406231879634995e-04
3.967406231879634995e-04
3.967406231879634995e-04
3.967406231879634995e-04
3.967406231879634995e-04
3.967406231879634995e-04
3.967406231879634995e-04
3.967406231879634995e-04
3.967406231879634995e-04
3.967406231879634995e-04
3.967406231879634995e-04
3.967406231879634995e-04
3.967406231879634995e-04
3.967406231879634995e-04
3.967406231879634995e-04
3.967406231879634995e-04
3.967406231879634995e-04
3.967406231879634995e-04
3.967406231879634995e-04
3.967406231879634995e-04
3.967406231879634995e-04
3.967406231879634995e-04
3.967406231879634995e-04
3.967406231879634995e-04
3.967406231879634995e-04
3.967406231879634995e-04
3.967406231879634995e-04
3.967406231879634995e-04
3.967406231879634995e-04
3.967406231879634995e-04
3.967406231879634995e-04
3.967406231879634995e-04
3.967406231879634995e-04
3.967406231879634995e-04
3.967406231879634995e-04
3.967406231879634995e-04
3.967406231879634995e-04
3.967406231879634995e-04
3.967406231879634995e-04
3.967406231879634995e-04
3.967406231879634995e-04
3.967406231879634995e-04
3.967406231879634995e-04
3.967406231879634995e-04
3.967406231879634995e-04
3.967406231879634995e-04
3.967406231879634995e-04
3.967406231879634995e-04
3.967406231879634995e-04
3.967406231879634995e-04
3.967406231879634995e-04
3.967406231879634995e-04
3.967406231879634995e-04
3.967406231879634995e-04
3.967406231879634995e-04
3.967406231879634995e-04
3.967406231879634995e-04
3.967406231879634995e-04
3.967406231879634995e-04
3.967406231879634995e-04
3.967406231879634995e-04
3.967406231879634995e-04
3.967406231879634995e-04
3.967406231879634995e-04
3.967406231879634995e-04
3.967406231879634995e-04
3.967406231879634995e-04
3.967406231879634995e-04
3.967406231879634995e-04
3.967406231879634995e-04
3.967406231879634995e-04
3.967406231879634995e-04
3.967406231879634995e-04
3.967406231879634995e-04
3.967406231879634995e-04
3.967406231879634995e-04
3.967406231879634995e-04
3.967406231879634995e-04
3.967406231879634995e-04
3.967406231879634995e-04
3.967406231879634995e-04
3.967406231879634995e-04
3.967406231879634995e-04
3.967406231879634995e-04
3.967406231879634995e-04
3.967406231879634995e-04
3.967406231879634995e-04
3.967406231879634995e-04
3.967406231879634995e-04
3.967406231879634995e-04
3.967406231879634995e-04
3.967406231879634995e-04
3.967406231879634995e-04
3.967406231879634995e-04
3.967406231879634995e-04
3.967406231879634995e-04
3.967406231879634995e-04
3.967406231879634995e-04
3.967406231879634995e-04
3.967406231879634995e-04
3.967406231879634995e-04
3.967406231879634995e-04
3.967406231879634995e-04
3.967406231879634995e-04
3.967406231879634995e-04
3.967406231879634995e-04
3.967406231879634995e-04
3.967406231879634995e-04
3.967406231879634995e-04
3.967406231879634995e-04
3.967406231879634995e-04
3.967406231879634995e-04
3.967406231879634995e-04
3.967406231879634995e-04
3.967406231879634995e-04
3.967406231879634995e-04
3.967406231879634995e-04
3.967406231879634995e-04
3.967406231879634995e-04
3.967406231879634995e-04
3.967406231879634995e-04
3.967406231879634995e-04
3.967406231879634995e-04
3.967406231879634995e-04
3.967406231879634995e-04
3.967406231879634995e-04
3.967406231879634995e-04
3.967406231879634995e-04
3.967406231879634995e-04
3.967406231879634995e-04
3.967406231879634995e-04
3.967406231879634995e-04
3.967406231879634995e-04
3.967406231879634995e-04
3.967406231879634995e-04
3.967406231879634995e-04
3.967406231879634995e-04
3.967406231879634995e-04
3.967406231879634995e-04
3.967406231879634995e-04
3.967406231879634995e-04
3.967406231879634995e-04
3.967406231879634995e-04
3.967406231879634995e-04
3.967406231879634995e-04
3.967406231879634995e-04
3.967406231879634995e-04
3.967406231879634995e-04
3.967406231879634995e-04
3.967406231879634995e-04
3.967406231879634995e-04
3.967406231879634995e-04
3.967406231879634995e-04
3.967406231879634995e-04
3.967406231879634995e-04
3.967406231879634995e-04
3.967406231879634995e-04
3.967406231879634995e-04
3.967406231879634995e-04
3.967406231879634995e-04
3.967406231879634995e-04
3.967406231879634995e-04
3.967406231879634995e-04
3.967406231879634995e-04
3.967406231879634995e-04
3.967406231879634995e-04
3.967406231879634995e-04
3.967406231879634995e-04
3.967406231879634995e-04
3.967406231879634995e-04
3.967406231879634995e-04
3.967406231879634995e-04
3.967406231879634995e-04
3.967406231879634995e-04
3.967406231879634995e-04
3.967406231879634995e-04
1.815851313821833027e-02
2.703939939573351409e-02
3.592028565324869444e-02
5.368205816827906207e-02
6.256294442579424242e-02
7.144383068330942277e-02
8.032471694082461700e-02
9.808648945585497769e-02
1.069673757133701580e-01
1.158482619708853384e-01
1.247291482284005187e-01
1.336100344859157130e-01
1.424909207434308933e-01
1.513718070009460737e-01
1.602526932584612540e-01
1.691335795159764344e-01
1.780144657734916147e-01
1.868953520310067951e-01
1.957762382885219754e-01
2.046571245460371835e-01
2.135380108035523639e-01
2.224188970610675442e-01
2.312997833185827246e-01
2.401806695760979049e-01
2.490615558336130853e-01
2.490615558336130853e-01
2.579424420911282656e-01
2.668233283486434737e-01
2.757042146061586263e-01
2.845851008636738344e-01
2.845851008636738344e-01
3.023468733787041951e-01
3.112277596362193477e-01
3.112277596362193477e-01
3.201086458937345558e-01
3.201086458937345558e-01
3.378704184087649165e-01
3.378704184087649165e-01
3.467513046662801246e-01
3.556321909237952772e-01
3.556321909237952772e-01
3.645130771813104853e-01
3.733939634388256379e-01
3.822748496963408460e-01
3.822748496963408460e-01
3.911557359538559986e-01
3.911557359538559986e-01
4.000366222113712067e-01
4.089175084688863593e-01
4.177983947264015674e-01
4.177983947264015674e-01
4.266792809839167200e-01
4.355601672414319281e-01
4.355601672414319281e-01
4.444410534989471362e-01
4.533219397564622888e-01
4.533219397564622888e-01
4.533219397564622888e-01
4.622028260139774969e-01
4.710837122714926495e-01
4.710837122714926495e-01
4.799645985290078576e-01
4.888454847865230102e-01
4.888454847865230102e-01
4.888454847865230102e-01
4.977263710440382183e-01
5.066072573015534264e-01
5.066072573015534264e-01
5.154881435590685790e-01
5.154881435590685790e-01
5.154881435590685790e-01
5.243690298165837316e-01
5.243690298165837316e-01
5.332499160740989952e-01
5.332499160740989952e-01
5.421308023316141478e-01
5.510116885891293004e-01
5.510116885891293004e-01
5.598925748466444530e-01
5.598925748466444530e-01
5.598925748466444530e-01
5.598925748466444530e-01
5.687734611041597166e-01
5.687734611041597166e-01
5.776543473616748692e-01
5.776543473616748692e-01
5.865352336191900218e-01
5.865352336191900218e-01
5.954161198767051744e-01
5.954161198767051744e-01
5.954161198767051744e-01
6.042970061342204380e-01
6.131778923917355906e-01
6.131778923917355906e-01
6.131778923917355906e-01
6.220587786492507432e-01
6.220587786492507432e-01
6.220587786492507432e-01
6.309396649067660068e-01
6.309396649067660068e-01
6.309396649067660068e-01
6.398205511642811594e-01
6.398205511642811594e-01
6.398205511642811594e-01
6.487014374217963120e-01
6.487014374217963120e-01
6.575823236793114646e-01
6.575823236793114646e-01
6.575823236793114646e-01
6.664632099368267282e-01
6.664632099368267282e-01
6.664632099368267282e-01
6.664632099368267282e-01
6.753440961943418808e-01
6.842249824518570334e-01
6.753440961943418808e-01
6.842249824518570334e-01
6.842249824518570334e-01
6.931058687093721860e-01
6.931058687093721860e-01
7.019867549668874496e-01
6.931058687093721860e-01
7.019867549668874496e-01
7.019867549668874496e-01
7.019867549668874496e-01
7.108676412244026022e-01
7.108676412244026022e-01
7.108676412244026022e-01
7.108676412244026022e-01
7.197485274819177548e-01
7.286294137394330184e-01
7.286294137394330184e-01
7.286294137394330184e-01
7.286294137394330184e-01
7.286294137394330184e-01
7.375102999969481710e-01
7.375102999969481710e-01
7.375102999969481710e-01
7.375102999969481710e-01
7.375102999969481710e-01
7.463911862544633236e-01
7.463911862544633236e-01
7.463911862544633236e-01
7.552720725119784762e-01
7.552720725119784762e-01
7.552720725119784762e-01
7.641529587694937398e-01
7.641529587694937398e-01
7.641529587694937398e-01
7.641529587694937398e-01
7.641529587694937398e-01
7.641529587694937398e-01
7.730338450270088924e-01
7.730338450270088924e-01
7.730338450270088924e-01
7.730338450270088924e-01
7.730338450270088924e-01
7.819147312845240450e-01
7.819147312845240450e-01
7.819147312845240450e-01
7.819147312845240450e-01
7.819147312845240450e-01
7.907956175420391975e-01
7.907956175420391975e-01
7.907956175420391975e-01
7.907956175420391975e-01
7.907956175420391975e-01
7.996765037995544612e-01
7.996765037995544612e-01
7.996765037995544612e-01
7.996765037995544612e-01
8.085573900570696138e-01
8.085573900570696138e-01
8.085573900570696138e-01
8.085573900570696138e-01
8.085573900570696138e-01
8.085573900570696138e-01
8.174382763145847663e-01
8.174382763145847663e-01
8.085573900570696138e-01
8.174382763145847663e-01
8.174382763145847663e-01
8.174382763145847663e-01
8.174382763145847663e-01
8.174382763145847663e-01
8.263191625721000300e-01
8.263191625721000300e-01
8.263191625721000300e-01
8.263191625721000300e-01
8.263191625721000300e-01
8.352000488296151826e-01
8.352000488296151826e-01
8.263191625721000300e-01
8.352000488296151826e-01
8.352000488296151826e-01
8.352000488296151826e-01
8.352000488296151826e-01
8.440809350871303351e-01
8.440809350871303351e-01
8.440809350871303351e-01
8.440809350871303351e-01
8.440809350871303351e-01
8.440809350871303351e-01
8.440809350871303351e-01
8.440809350871303351e-01
8.440809350871303351e-01
8.440809350871303351e-01
8.440809350871303351e-01
8.529618213446454877e-01
8.529618213446454877e-01
8.529618213446454877e-01
8.529618213446454877e-01
8.529618213446454877e-01
8.529618213446454877e-01
8.618427076021607514e-01
8.618427076021607514e-01
8.618427076021607514e-01
8.618427076021607514e-01
8.618427076021607514e-01
8.707235938596759039e-01
8.618427076021607514e-01
8.618427076021607514e-01
8.707235938596759039e-01
8.707235938596759039e-01
8.707235938596759039e-01
8.707235938596759039e-01
8.707235938596759039e-01
8.707235938596759039e-01
8.707235938596759039e-01
8.796044801171910565e-01
8.796044801171910565e-01
8.796044801171910565e-01
8.796044801171910565e-01
8.796044801171910565e-01
8.796044801171910565e-01
8.796044801171910565e-01
8.796044801171910565e-01
8.796044801171910565e-01
8.796044801171910565e-01
8.796044801171910565e-01
8.796044801171910565e-01
8.796044801171910565e-01
8.796044801171910565e-01
8.884853663747062091e-01
8.884853663747062091e-01
8.884853663747062091e-01
8.884853663747062091e-01
8.884853663747062091e-01
8.884853663747062091e-01
8.884853663747062091e-01
8.884853663747062091e-01
8.884853663747062091e-01
8.973662526322214728e-01
8.973662526322214728e-01
8.884853663747062091e-01
8.973662526322214728e-01
8.973662526322214728e-01
8.973662526322214728e-01
8.973662526322214728e-01
8.973662526322214728e-01
8.973662526322214728e-01
8.973662526322214728e-01
9.062471388897366253e-01
9.062471388897366253e-01
8.973662526322214728e-01
9.062471388897366253e-01
8.973662526322214728e-01
9.062471388897366253e-01
9.062471388897366253e-01
9.062471388897366253e-01
9.062471388897366253e-01
9.062471388897366253e-01
9.151280251472517779e-01
9.062471388897366253e-01
9.062471388897366253e-01
9.151280251472517779e-01
9.151280251472517779e-01
9.151280251472517779e-01
9.151280251472517779e-01
9.151280251472517779e-01
9.151280251472517779e-01
9.151280251472517779e-01
9.151280251472517779e-01
9.151280251472517779e-01
9.151280251472517779e-01
9.151280251472517779e-01
9.151280251472517779e-01
9.151280251472517779e-01
9.151280251472517779e-01
9.151280251472517779e-01
9.151280251472517779e-01
9.151280251472517779e-01
9.151280251472517779e-01
9.151280251472517779e-01
9.151280251472517779e-01
9.151280251472517779e-01
9.151280251472517779e-01
9.151280251472517779e-01
9.240089114047670416e-01
9.240089114047670416e-01
9.240089114047670416e-01
9.240089114047670416e-01
9.240089114047670416e-01
9.240089114047670416e-01
9.240089114047670416e-01
9.240089114047670416e-01
9.240089114047670416e-01
9.240089114047670416e-01
9.240089114047670416e-01
9.240089114047670416e-01
9.240089114047670416e-01
9.240089114047670416e-01
9.240089114047670416e-01
9.240089114047670416e-01
9.240089114047670416e-01
9.328897976622821941e-01
9.328897976622821941e-01
9.328897976622821941e-01
9.240089114047670416e-01
9.328897976622821941e-01
9.328897976622821941e-01
9.328897976622821941e-01
9.328897976622821941e-01
9.328897976622821941e-01
9.328897976622821941e-01
9.328897976622821941e-01
9.328897976622821941e-01
9.328897976622821941e-01
9.328897976622821941e-01
9.328897976622821941e-01
9.328897976622821941e-01
9.328897976622821941e-01
9.417706839197973467e-01
9.417706839197973467e-01
9.328897976622821941e-01
9.417706839197973467e-01
9.328897976622821941e-01
9.328897976622821941e-01
9.417706839197973467e-01
9.328897976622821941e-01
9.417706839197973467e-01
9.417706839197973467e-01
9.417706839197973467e-01
9.417706839197973467e-01
9.417706839197973467e-01
9.417706839197973467e-01
9.417706839197973467e-01
9.417706839197973467e-01
9.417706839197973467e-01
9.417706839197973467e-01
9.417706839197973467e-01
9.417706839197973467e-01
9.417706839197973467e-01
9.417706839197973467e-01
9.506515701773124993e-01
9.417706839197973467e-01
9.506515701773124993e-01
9.417706839197973467e-01
9.417706839197973467e-01
9.506515701773124993e-01
9.417706839197973467e-01
9.417706839197973467e-01
9.417706839197973467e-01
9.417706839197973467e-01
9.506515701773124993e-01
9.506515701773124993e-01
9.506515701773124993e-01
9.506515701773124993e-01
9.506515701773124993e-01
9.506515701773124993e-01
9.506515701773124993e-01
9.506515701773124993e-01
9.506515701773124993e-01
9.506515701773124993e-01
9.417706839197973467e-01
9.506515701773124993e-01
9.506515701773124993e-01
9.506515701773124993e-01
9.506515701773124993e-01
9.506515701773124993e-01
9.506515701773124993e-01
9.506515701773124993e-01
9.506515701773124993e-01
9.506515701773124993e-01
9.506515701773124993e-01
9.506515701773124993e-01
9.506515701773124993e-01
9.506515701773124993e-01
9.506515701773124993e-01
9.506515701773124993e-01
9.506515701773124993e-01
9.506515701773124993e-01
9.506515701773124993e-01
9.506515701773124993e-01
9.506515701773124993e-01
9.506515701773124993e-01
9.506515701773124993e-01
9.506515701773124993e-01
9.506515701773124993e-01
9.506515701773124993e-01
9.506515701773124993e-01
9.506515701773124993e-01
9.595324564348277629e-01
9.506515701773124993e-01
9.506515701773124993e-01
9.506515701773124993e-01
9.506515701773124993e-01
9.595324564348277629e-01
9.595324564348277629e-01
9.506515701773124993e-01
9.506515701773124993e-01
9.506515701773124993e-01
9.595324564348277629e-01
9.595324564348277629e-01
9.595324564348277629e-01
9.595324564348277629e-01
9.595324564348277629e-01
9.506515701773124993e-01
9.595324564348277629e-01
9.595324564348277629e-01
9.595324564348277629e-01
9.595324564348277629e-01
9.506515701773124993e-01
9.506515701773124993e-01
9.595324564348277629e-01
9.595324564348277629e-01
9.595324564348277629e-01
9.595324564348277629e-01
9.595324564348277629e-01
9.595324564348277629e-01
9.595324564348277629e-01
9.595324564348277629e-01
9.595324564348277629e-01
9.595324564348277629e-01
9.595324564348277629e-01
9.595324564348277629e-01
9.595324564348277629e-01
9.595324564348277629e-01
9.595324564348277629e-01
9.595324564348277629e-01
9.595324564348277629e-01
9.595324564348277629e-01
9.595324564348277629e-01
9.595324564348277629e-01
9.595324564348277629e-01
9.595324564348277629e-01
9.595324564348277629e-01
9.595324564348277629e-01
9.595324564348277629e-01
9.595324564348277629e-01
9.595324564348277629e-01
9.595324564348277629e-01
9.595324564348277629e-01
9.595324564348277629e-01
9.595324564348277629e-01
9.595324564348277629e-01
9.595324564348277629e-01
9.595324564348277629e-01
9.595324564348277629e-01
9.595324564348277629e-01
9.595324564348277629e-01
9.595324564348277629e-01
9.595324564348277629e-01
9.595324564348277629e-01
9.595324564348277629e-01
9.595324564348277629e-01
9.684133426923429155e-01
9.595324564348277629e-01
9.595324564348277629e-01
9.684133426923429155e-01
9.595324564348277629e-01
9.595324564348277629e-01
9.684133426923429155e-01
9.684133426923429155e-01
9.595324564348277629e-01
9.595324564348277629e-01
9.684133426923429155e-01
9.684133426923429155e-01
9.595324564348277629e-01
9.684133426923429155e-01
9.595324564348277629e-01
9.684133426923429155e-01
9.684133426923429155e-01
9.595324564348277629e-01
9.595324564348277629e-01
9.684133426923429155e-01
9.684133426923429155e-01
9.595324564348277629e-01
9.684133426923429155e-01
9.684133426923429155e-01
9.684133426923429155e-01
9.684133426923429155e-01
9.684133426923429155e-01
9.684133426923429155e-01
9.684133426923429155e-01
9.684133426923429155e-01
9.684133426923429155e-01
9.684133426923429155e-01
9.684133426923429155e-01
9.684133426923429155e-01
9.684133426923429155e-01
9.684133426923429155e-01
9.684133426923429155e-01
9.684133426923429155e-01
9.684133426923429155e-01
9.684133426923429155e-01
9.684133426923429155e-01
9.684133426923429155e-01
9.684133426923429155e-01
9.684133426923429155e-01
9.684133426923429155e-01
9.684133426923429155e-01
9.684133426923429155e-01
9.684133426923429155e-01
9.684133426923429155e-01
9.684133426923429155e-01
9.684133426923429155e-01
9.684133426923429155e-01
9.684133426923429155e-01
9.684133426923429155e-01
9.684133426923429155e-01
9.684133426923429155e-01
9.684133426923429155e-01
9.684133426923429155e-01
9.684133426923429155e-01
9.684133426923429155e-01
9.684133426923429155e-01
9.772942289498580681e-01
9.684133426923429155e-01
9.684133426923429155e-01
9.684133426923429155e-01
9.684133426923429155e-01
9.772942289498580681e-01
9.684133426923429155e-01
9.684133426923429155e-01
9.684133426923429155e-01
9.684133426923429155e-01
9.684133426923429155e-01
9.684133426923429155e-01
9.684133426923429155e-01
9.684133426923429155e-01
9.684133426923429155e-01
9.684133426923429155e-01
9.684133426923429155e-01
9.772942289498580681e-01
9.684133426923429155e-01
9.772942289498580681e-01
9.684133426923429155e-01
9.772942289498580681e-01
9.684133426923429155e-01
9.684133426923429155e-01
9.772942289498580681e-01
9.684133426923429155e-01
9.772942289498580681e-01
9.772942289498580681e-01
9.772942289498580681e-01
9.772942289498580681e-01
9.684133426923429155e-01
9.684133426923429155e-01
9.772942289498580681e-01
9.684133426923429155e-01
9.684133426923429155e-01
9.772942289498580681e-01
9.684133426923429155e-01
9.772942289498580681e-01
9.684133426923429155e-01
9.772942289498580681e-01
9.772942289498580681e-01
9.772942289498580681e-01
9.772942289498580681e-01
9.772942289498580681e-01
9.772942289498580681e-01
9.772942289498580681e-01
9.684133426923429155e-01
9.684133426923429155e-01
9.772942289498580681e-01
9.684133426923429155e-01
9.684133426923429155e-01
9.772942289498580681e-01
9.772942289498580681e-01
9.684133426923429155e-01
9.772942289498580681e-01
9.772942289498580681e-01
9.684133426923429155e-01
9.772942289498580681e-01
9.772942289498580681e-01
9.684133426923429155e-01
9.684133426923429155e-01
9.772942289498580681e-01
9.772942289498580681e-01
9.772942289498580681e-01
9.684133426923429155e-01
9.684133426923429155e-01
9.772942289498580681e-01
9.772942289498580681e-01
9.772942289498580681e-01
9.772942289498580681e-01
9.772942289498580681e-01
9.772942289498580681e-01
9.772942289498580681e-01
9.684133426923429155e-01
9.772942289498580681e-01
9.772942289498580681e-01
9.772942289498580681e-01
9.684133426923429155e-01
9.772942289498580681e-01
9.684133426923429155e-01
9.772942289498580681e-01
9.772942289498580681e-01
9.772942289498580681e-01
9.772942289498580681e-01
9.772942289498580681e-01
9.772942289498580681e-01
9.772942289498580681e-01
9.772942289498580681e-01
9.772942289498580681e-01
9.772942289498580681e-01
9.772942289498580681e-01
9.772942289498580681e-01
9.772942289498580681e-01
9.772942289498580681e-01
9.772942289498580681e-01
9.772942289498580681e-01
9.772942289498580681e-01
9.772942289498580681e-01
9.684133426923429155e-01
9.684133426923429155e-01
9.772942289498580681e-01
9.772942289498580681e-01
9.772942289498580681e-01
9.772942289498580681e-01
9.861751152073732207e-01
9.772942289498580681e-01
9.772942289498580681e-01
9.772942289498580681e-01
9.772942289498580681e-01
9.772942289498580681e-01
9.772942289498580681e-01
9.772942289498580681e-01
9.772942289498580681e-01
9.772942289498580681e-01
9.772942289498580681e-01
9.772942289498580681e-01
9.772942289498580681e-01
9.772942289498580681e-01
9.772942289498580681e-01
9.772942289498580681e-01
9.772942289498580681e-01
9.772942289498580681e-01
9.772942289498580681e-01
9.772942289498580681e-01
9.772942289498580681e-01
9.772942289498580681e-01
9.772942289498580681e-01
9.772942289498580681e-01
9.772942289498580681e-01
9.772942289498580681e-01
9.772942289498580681e-01
9.772942289498580681e-01
9.772942289498580681e-01
9.772942289498580681e-01
9.772942289498580681e-01
9.772942289498580681e-01
9.772942289498580681e-01
9.772942289498580681e-01
9.772942289498580681e-01
9.772942289498580681e-01
9.772942289498580681e-01
9.772942289498580681e-01
9.772942289498580681e-01
9.772942289498580681e-01
9.772942289498580681e-01
9.772942289498580681e-01
9.772942289498580681e-01
9.772942289498580681e-01
9.772942289498580681e-01
9.772942289498580681e-01
9.772942289498580681e-01
9.772942289498580681e-01
9.772942289498580681e-01
9.772942289498580681e-01
9.772942289498580681e-01
9.772942289498580681e-01
9.772942289498580681e-01
9.772942289498580681e-01
9.772942289498580681e-01
9.772942289498580681e-01
9.772942289498580681e-01
9.772942289498580681e-01
9.772942289498580681e-01
9.772942289498580681e-01
9.772942289498580681e-01
9.772942289498580681e-01
9.772942289498580681e-01
9.861751152073732207e-01
9.772942289498580681e-01
9.772942289498580681e-01
9.772942289498580681e-01
9.772942289498580681e-01
9.772942289498580681e-01
9.772942289498580681e-01
9.772942289498580681e-01
9.772942289498580681e-01
9.772942289498580681e-01
9.772942289498580681e-01
9.772942289498580681e-01
9.772942289498580681e-01
9.772942289498580681e-01
9.772942289498580681e-01
9.772942289498580681e-01
9.772942289498580681e-01
9.772942289498580681e-01
9.861751152073732207e-01
9.772942289498580681e-01
9.772942289498580681e-01
9.772942289498580681e-01
9.772942289498580681e-01
9.772942289498580681e-01
9.772942289498580681e-01
9.772942289498580681e-01
9.772942289498580681e-01
9.772942289498580681e-01
9.772942289498580681e-01
9.772942289498580681e-01
9.772942289498580681e-01
9.772942289498580681e-01
9.772942289498580681e-01
9.772942289498580681e-01
9.772942289498580681e-01
9.772942289498580681e-01
9.861751152073732207e-01
9.772942289498580681e-01
9.861751152073732207e-01
9.772942289498580681e-01
9.772942289498580681e-01
9.772942289498580681e-01
9.772942289498580681e-01
9.772942289498580681e-01
9.772942289498580681e-01
9.772942289498580681e-01
9.772942289498580681e-01
9.772942289498580681e-01
9.772942289498580681e-01
9.772942289498580681e-01
9.772942289498580681e-01
9.772942289498580681e-01
9.772942289498580681e-01
9.772942289498580681e-01
9.772942289498580681e-01
9.772942289498580681e-01
9.772942289498580681e-01
9.772942289498580681e-01
9.772942289498580681e-01
9.772942289498580681e-01
9.772942289498580681e-01
9.772942289498580681e-01
9.772942289498580681e-01
9.772942289498580681e-01
9.772942289498580681e-01
9.772942289498580681e-01
9.861751152073732207e-01
9.772942289498580681e-01
9.772942289498580681e-01
9.772942289498580681e-01
9.772942289498580681e-01
9.772942289498580681e-01
9.772942289498580681e-01
9.772942289498580681e-01
9.861751152073732207e-01
9.772942289498580681e-01
9.861751152073732207e-01
9.772942289498580681e-01
9.772942289498580681e-01
9.772942289498580681e-01
9.772942289498580681e-01
9.772942289498580681e-01
9.772942289498580681e-01
9.772942289498580681e-01
9.772942289498580681e-01
9.772942289498580681e-01
9.772942289498580681e-01
9.772942289498580681e-01
9.772942289498580681e-01
9.772942289498580681e-01
9.772942289498580681e-01
9.772942289498580681e-01
9.772942289498580681e-01
9.772942289498580681e-01
9.861751152073732207e-01
9.772942289498580681e-01
9.772942289498580681e-01
9.772942289498580681e-01
9.772942289498580681e-01
9.772942289498580681e-01
9.772942289498580681e-01
9.772942289498580681e-01
9.861751152073732207e-01
9.861751152073732207e-01
9.772942289498580681e-01
9.772942289498580681e-01
9.772942289498580681e-01
9.772942289498580681e-01
9.772942289498580681e-01
9.772942289498580681e-01
9.772942289498580681e-01
9.772942289498580681e-01
9.772942289498580681e-01
9.772942289498580681e-01
9.772942289498580681e-01
9.861751152073732207e-01
9.772942289498580681e-01
9.861751152073732207e-01
9.772942289498580681e-01
9.772942289498580681e-01
9.772942289498580681e-01
9.772942289498580681e-01
9.772942289498580681e-01
9.772942289498580681e-01
9.772942289498580681e-01
9.772942289498580681e-01
9.772942289498580681e-01
9.772942289498580681e-01
9.861751152073732207e-01
9.861751152073732207e-01
9.772942289498580681e-01
9.772942289498580681e-01
9.772942289498580681e-01
9.772942289498580681e-01
9.772942289498580681e-01
9.772942289498580681e-01
9.861751152073732207e-01
9.772942289498580681e-01
9.772942289498580681e-01
9.772942289498580681e-01
9.772942289498580681e-01
9.861751152073732207e-01
9.772942289498580681e-01
9.861751152073732207e-01
9.772942289498580681e-01
9.772942289498580681e-01
9.772942289498580681e-01
9.861751152073732207e-01
9.772942289498580681e-01
9.861751152073732207e-01
9.772942289498580681e-01
9.772942289498580681e-01
9.772942289498580681e-01
9.772942289498580681e-01
9.861751152073732207e-01
9.861751152073732207e-01
9.861751152073732207e-01
9.861751152073732207e-01
9.772942289498580681e-01
9.861751152073732207e-01
9.772942289498580681e-01
9.772942289498580681e-01
9.772942289498580681e-01
9.772942289498580681e-01
9.772942289498580681e-01
9.772942289498580681e-01
9.772942289498580681e-01
9.772942289498580681e-01
9.861751152073732207e-01
9.772942289498580681e-01
9.772942289498580681e-01
9.772942289498580681e-01
9.772942289498580681e-01
9.861751152073732207e-01
9.772942289498580681e-01
9.861751152073732207e-01
9.772942289498580681e-01
9.772942289498580681e-01
9.772942289498580681e-01
9.861751152073732207e-01
9.772942289498580681e-01
9.861751152073732207e-01
9.772942289498580681e-01
9.772942289498580681e-01
9.861751152073732207e-01
9.772942289498580681e-01
9.772942289498580681e-01
9.772942289498580681e-01
9.772942289498580681e-01
9.861751152073732207e-01
9.861751152073732207e-01
9.772942289498580681e-01
9.861751152073732207e-01
9.772942289498580681e-01
9.772942289498580681e-01
9.861751152073732207e-01
9.772942289498580681e-01
9.772942289498580681e-01
9.772942289498580681e-01
9.772942289498580681e-01
9.772942289498580681e-01
9.772942289498580681e-01
9.861751152073732207e-01
9.772942289498580681e-01
9.772942289498580681e-01
9.861751152073732207e-01
9.772942289498580681e-01
9.861751152073732207e-01
9.861751152073732207e-01
9.772942289498580681e-01
9.861751152073732207e-01
9.772942289498580681e-01
9.861751152073732207e-01
9.772942289498580681e-01
9.772942289498580681e-01
9.772942289498580681e-01
9.772942289498580681e-01
9.861751152073732207e-01
9.772942289498580681e-01
9.772942289498580681e-01
9.772942289498580681e-01
9.772942289498580681e-01
9.772942289498580681e-01
9.772942289498580681e-01
9.772942289498580681e-01
9.772942289498580681e-01
9.772942289498580681e-01
9.772942289498580681e-01
9.861751152073732207e-01
9.772942289498580681e-01
9.861751152073732207e-01
9.772942289498580681e-01
9.772942289498580681e-01
9.861751152073732207e-01
9.861751152073732207e-01
9.772942289498580681e-01
9.861751152073732207e-01
9.861751152073732207e-01
9.772942289498580681e-01
9.861751152073732207e-01
9.861751152073732207e-01
9.772942289498580681e-01
9.772942289498580681e-01
9.861751152073732207e-01
9.772942289498580681e-01
9.861751152073732207e-01
9.772942289498580681e-01
9.772942289498580681e-01
9.772942289498580681e-01
9.772942289498580681e-01
9.772942289498580681e-01
9.772942289498580681e-01
9.772942289498580681e-01
9.861751152073732207e-01
9.772942289498580681e-01
9.772942289498580681e-01
9.861751152073732207e-01
9.772942289498580681e-01
9.861751152073732207e-01
9.861751152073732207e-01
9.861751152073732207e-01
9.772942289498580681e-01
9.772942289498580681e-01
9.772942289498580681e-01
9.772942289498580681e-01
9.772942289498580681e-01
9.861751152073732207e-01
9.861751152073732207e-01
9.772942289498580681e-01
9.772942289498580681e-01
9.861751152073732207e-01
9.772942289498580681e-01
9.772942289498580681e-01
9.772942289498580681e-01
9.772942289498580681e-01
9.772942289498580681e-01
9.772942289498580681e-01
9.772942289498580681e-01
9.861751152073732207e-01
9.772942289498580681e-01
9.861751152073732207e-01
9.861751152073732207e-01
9.772942289498580681e-01
9.772942289498580681e-01
9.772942289498580681e-01
9.772942289498580681e-01
9.772942289498580681e-01
9.772942289498580681e-01
9.861751152073732207e-01
9.772942289498580681e-01
9.772942289498580681e-01
9.772942289498580681e-01
9.772942289498580681e-01
9.772942289498580681e-01
9.861751152073732207e-01
9.772942289498580681e-01
9.861751152073732207e-01
9.772942289498580681e-01
9.772942289498580681e-01
9.861751152073732207e-01
9.861751152073732207e-01
9.772942289498580681e-01
9.772942289498580681e-01
9.861751152073732207e-01
9.772942289498580681e-01
9.861751152073732207e-01
9.772942289498580681e-01
9.772942289498580681e-01
9.772942289498580681e-01
9.772942289498580681e-01
9.861751152073732207e-01
9.772942289498580681e-01
9.772942289498580681e-01
9.772942289498580681e-01
9.772942289498580681e-01
9.772942289498580681e-01
9.861751152073732207e-01
9.772942289498580681e-01
9.861751152073732207e-01
9.772942289498580681e-01
9.772942289498580681e-01
9.861751152073732207e-01
9.861751152073732207e-01
9.772942289498580681e-01
9.772942289498580681e-01
9.861751152073732207e-01
9.861751152073732207e-01
9.861751152073732207e-01
9.772942289498580681e-01
9.772942289498580681e-01
9.772942289498580681e-01
9.772942289498580681e-01
9.772942289498580681e-01
9.772942289498580681e-01
9.861751152073732207e-01
9.861751152073732207e-01
9.861751152073732207e-01
9.861751152073732207e-01
9.861751152073732207e-01
9.772942289498580681e-01
9.861751152073732207e-01
9.861751152073732207e-01
9.861751152073732207e-01
9.772942289498580681e-01
9.772942289498580681e-01
9.861751152073732207e-01
9.772942289498580681e-01
9.861751152073732207e-01
9.861751152073732207e-01
9.772942289498580681e-01
9.861751152073732207e-01
9.861751152073732207e-01
9.861751152073732207e-01
9.772942289498580681e-01
9.772942289498580681e-01
9.861751152073732207e-01
9.861751152073732207e-01
9.861751152073732207e-01
9.772942289498580681e-01
9.861751152073732207e-01
9.772942289498580681e-01
9.772942289498580681e-01
9.772942289498580681e-01
9.861751152073732207e-01
9.861751152073732207e-01
9.772942289498580681e-01
9.772942289498580681e-01
9.861751152073732207e-01
9.861751152073732207e-01
9.772942289498580681e-01
9.861751152073732207e-01
9.861751152073732207e-01
9.772942289498580681e-01
9.595324564348277629e-01
9.506515701773124993e-01
9.417706839197973467e-01
9.240089114047670416e-01
9.151280251472517779e-01
9.062471388897366253e-01
8.973662526322214728e-01
8.884853663747062091e-01
8.796044801171910565e-01
8.707235938596759039e-01
8.618427076021607514e-01
8.440809350871303351e-01
8.440809350871303351e-01
8.352000488296151826e-01
8.263191625721000300e-01
8.174382763145847663e-01
8.085573900570696138e-01
7.996765037995544612e-01
7.907956175420391975e-01
7.819147312845240450e-01
7.730338450270088924e-01
7.641529587694937398e-01
7.641529587694937398e-01
7.552720725119784762e-01
7.463911862544633236e-01
7.375102999969481710e-01
7.286294137394330184e-01
7.197485274819177548e-01
7.108676412244026022e-01
7.019867549668874496e-01
7.019867549668874496e-01
6.931058687093721860e-01
6.842249824518570334e-01
6.753440961943418808e-01
6.664632099368267282e-01
6.664632099368267282e-01
6.575823236793114646e-01
6.487014374217963120e-01
6.398205511642811594e-01
6.398205511642811594e-01
6.309396649067660068e-01
6.220587786492507432e-01
6.131778923917355906e-01
6.131778923917355906e-01
6.042970061342204380e-01
5.954161198767051744e-01
5.954161198767051744e-01
5.865352336191900218e-01
5.776543473616748692e-01
5.776543473616748692e-01
5.687734611041597166e-01
5.598925748466444530e-01
5.598925748466444530e-01
5.510116885891293004e-01
5.510116885891293004e-01
5.421308023316141478e-01
5.421308023316141478e-01
5.332499160740989952e-01
5.243690298165837316e-01
5.243690298165837316e-01
5.243690298165837316e-01
5.154881435590685790e-01
5.066072573015534264e-01
5.066072573015534264e-01
4.977263710440382183e-01
4.888454847865230102e-01
4.888454847865230102e-01
4.888454847865230102e-01
4.799645985290078576e-01
4.710837122714926495e-01
4.710837122714926495e-01
4.622028260139774969e-01
4.622028260139774969e-01
4.533219397564622888e-01
4.533219397564622888e-01
4.533219397564622888e-01
4.444410534989471362e-01
4.444410534989471362e-01
4.355601672414319281e-01
4.355601672414319281e-01
4.266792809839167200e-01
4.177983947264015674e-01
4.177983947264015674e-01
4.177983947264015674e-01
4.089175084688863593e-01
4.089175084688863593e-01
4.000366222113712067e-01
4.000366222113712067e-01
4.000366222113712067e-01
3.911557359538559986e-01
3.911557359538559986e-01
3.822748496963408460e-01
3.822748496963408460e-01
3.733939634388256379e-01
3.733939634388256379e-01
3.733939634388256379e-01
3.645130771813104853e-01
3.645130771813104853e-01
3.556321909237952772e-01
3.556321909237952772e-01
3.556321909237952772e-01
3.467513046662801246e-01
3.467513046662801246e-01
3.467513046662801246e-01
3.378704184087649165e-01
3.378704184087649165e-01
3.378704184087649165e-01
3.289895321512497084e-01
3.289895321512497084e-01
3.289895321512497084e-01
3.201086458937345558e-01
3.201086458937345558e-01
3.112277596362193477e-01
3.112277596362193477e-01
3.112277596362193477e-01
3.112277596362193477e-01
3.023468733787041951e-01
3.023468733787041951e-01
2.934659871211889870e-01
2.934659871211889870e-01
2.934659871211889870e-01
2.934659871211889870e-01
2.845851008636738344e-01
2.845851008636738344e-01
2.757042146061586263e-01
2.757042146061586263e-01
2.757042146061586263e-01
2.757042146061586263e-01
2.668233283486434737e-01
2.668233283486434737e-01
2.668233283486434737e-01
2.668233283486434737e-01
2.668233283486434737e-01
2.579424420911282656e-01
2.579424420911282656e-01
2.579424420911282656e-01
2.490615558336130853e-01
2.490615558336130853e-01
2.401806695760979049e-01
2.401806695760979049e-01
2.401806695760979049e-01
2.401806695760979049e-01
2.401806695760979049e-01
2.401806695760979049e-01
2.401806695760979049e-01
2.312997833185827246e-01
2.312997833185827246e-01
2.312997833185827246e-01
2.312997833185827246e-01
2.224188970610675442e-01
2.224188970610675442e-01
2.135380108035523639e-01
2.135380108035523639e-01
2.135380108035523639e-01
2.135380108035523639e-01
2.135380108035523639e-01
2.135380108035523639e-01
2.046571245460371835e-01
2.046571245460371835e-01
2.046571245460371835e-01
2.046571245460371835e-01
2.046571245460371835e-01
1.957762382885219754e-01
1.957762382885219754e-01
1.957762382885219754e-01
1.957762382885219754e-01
1.957762382885219754e-01
1.868953520310067951e-01
1.868953520310067951e-01
1.868953520310067951e-01
1.868953520310067951e-01
1.868953520310067951e-01
1.780144657734916147e-01
1.780144657734916147e-01
1.780144657734916147e-01
1.780144657734916147e-01
1.691335795159764344e-01
1.691335795159764344e-01
1.691335795159764344e-01
1.691335795159764344e-01
1.691335795159764344e-01
1.691335795159764344e-01
1.691335795159764344e-01
1.691335795159764344e-01
1.602526932584612540e-01
1.602526932584612540e-01
1.602526932584612540e-01
1.602526932584612540e-01
1.602526932584612540e-01
1.602526932584612540e-01
1.513718070009460737e-01
1.513718070009460737e-01
1.513718070009460737e-01
1.513718070009460737e-01
1.513718070009460737e-01
1.424909207434308933e-01
1.513718070009460737e-01
1.424909207434308933e-01
1.424909207434308933e-01
1.424909207434308933e-01
1.336100344859157130e-01
1.424909207434308933e-01
1.336100344859157130e-01
1.336100344859157130e-01
1.336100344859157130e-01
1.336100344859157130e-01
1.336100344859157130e-01
1.336100344859157130e-01
1.336100344859157130e-01
1.336100344859157130e-01
1.336100344859157130e-01
1.336100344859157130e-01
1.247291482284005187e-01
1.247291482284005187e-01
1.247291482284005187e-01
1.247291482284005187e-01
1.247291482284005187e-01
1.247291482284005187e-01
1.158482619708853384e-01
1.158482619708853384e-01
1.158482619708853384e-01
1.158482619708853384e-01
1.158482619708853384e-01
1.158482619708853384e-01
1.158482619708853384e-01
1.158482619708853384e-01
1.069673757133701580e-01
1.069673757133701580e-01
1.069673757133701580e-01
1.069673757133701580e-01
1.069673757133701580e-01
1.069673757133701580e-01
1.069673757133701580e-01
1.069673757133701580e-01
1.069673757133701580e-01
9.808648945585497769e-02
1.069673757133701580e-01
9.808648945585497769e-02
9.808648945585497769e-02
9.808648945585497769e-02
9.808648945585497769e-02
9.808648945585497769e-02
9.808648945585497769e-02
9.808648945585497769e-02
9.808648945585497769e-02
9.808648945585497769e-02
8.920560319833979734e-02
9.808648945585497769e-02
9.808648945585497769e-02
8.920560319833979734e-02
8.920560319833979734e-02
8.920560319833979734e-02
8.920560319833979734e-02
8.920560319833979734e-02
8.920560319833979734e-02
8.920560319833979734e-02
8.920560319833979734e-02
8.920560319833979734e-02
8.032471694082461700e-02
8.032471694082461700e-02
8.032471694082461700e-02
8.032471694082461700e-02
8.032471694082461700e-02
8.032471694082461700e-02
8.032471694082461700e-02
8.032471694082461700e-02
8.032471694082461700e-02
8.032471694082461700e-02
8.032471694082461700e-02
8.032471694082461700e-02
8.032471694082461700e-02
7.144383068330942277e-02
7.144383068330942277e-02
7.144383068330942277e-02
7.144383068330942277e-02
7.144383068330942277e-02
7.144383068330942277e-02
7.144383068330942277e-02
7.144383068330942277e-02
7.144383068330942277e-02
7.144383068330942277e-02
6.256294442579424242e-02
6.256294442579424242e-02
7.144383068330942277e-02
7.144383068330942277e-02
6.256294442579424242e-02
7.144383068330942277e-02
6.256294442579424242e-02
6.256294442579424242e-02
6.256294442579424242e-02
6.256294442579424242e-02
6.256294442579424242e-02
6.256294442579424242e-02
6.256294442579424242e-02
6.256294442579424242e-02
6.256294442579424242e-02
6.256294442579424242e-02
6.256294442579424242e-02
6.256294442579424242e-02
6.256294442579424242e-02
6.256294442579424242e-02
6.256294442579424242e-02
6.256294442579424242e-02
6.256294442579424242e-02
5.368205816827906207e-02
6.256294442579424242e-02
5.368205816827906207e-02
5.368205816827906207e-02
5.368205816827906207e-02
5.368205816827906207e-02
5.368205816827906207e-02
5.368205816827906207e-02
5.368205816827906207e-02
5.368205816827906207e-02
5.368205816827906207e-02
5.368205816827906207e-02
5.368205816827906207e-02
5.368205816827906207e-02
5.368205816827906207e-02
5.368205816827906207e-02
4.480117191076388172e-02
5.368205816827906207e-02
5.368205816827906207e-02
4.480117191076388172e-02
5.368205816827906207e-02
5.368205816827906207e-02
5.368205816827906207e-02
4.480117191076388172e-02
5.368205816827906207e-02
5.368205816827906207e-02
4.480117191076388172e-02
4.480117191076388172e-02
4.480117191076388172e-02
4.480117191076388172e-02
4.480117191076388172e-02
4.480117191076388172e-02
4.480117191076388172e-02
4.480117191076388172e-02
4.480117191076388172e-02
4.480117191076388172e-02
4.480117191076388172e-02
4.480117191076388172e-02
4.480117191076388172e-02
4.480117191076388172e-02
4.480117191076388172e-02
3.592028565324869444e-02
4.480117191076388172e-02
4.480117191076388172e-02
3.592028565324869444e-02
3.592028565324869444e-02
3.592028565324869444e-02
3.592028565324869444e-02
4.480117191076388172e-02
4.480117191076388172e-02
3.592028565324869444e-02
3.592028565324869444e-02
3.592028565324869444e-02
3.592028565324869444e-02
3.592028565324869444e-02
3.592028565324869444e-02
3.592028565324869444e-02
3.592028565324869444e-02
3.592028565324869444e-02
3.592028565324869444e-02
3.592028565324869444e-02
3.592028565324869444e-02
3.592028565324869444e-02
3.592028565324869444e-02
3.592028565324869444e-02
3.592028565324869444e-02
2.703939939573351409e-02
2.703939939573351409e-02
3.592028565324869444e-02
3.592028565324869444e-02
3.592028565324869444e-02
3.592028565324869444e-02
2.703939939573351409e-02
2.703939939573351409e-02
3.592028565324869444e-02
2.703939939573351409e-02
3.592028565324869444e-02
2.703939939573351409e-02
2.703939939573351409e-02
2.703939939573351409e-02
3.592028565324869444e-02
2.703939939573351409e-02
2.703939939573351409e-02
2.703939939573351409e-02
2.703939939573351409e-02
2.703939939573351409e-02
2.703939939573351409e-02
2.703939939573351409e-02
2.703939939573351409e-02
2.703939939573351409e-02
2.703939939573351409e-02
2.703939939573351409e-02
2.703939939573351409e-02
2.703939939573351409e-02
2.703939939573351409e-02
2.703939939573351409e-02
2.703939939573351409e-02
2.703939939573351409e-02
2.703939939573351409e-02
2.703939939573351409e-02
2.703939939573351409e-02
2.703939939573351409e-02
2.703939939573351409e-02
2.703939939573351409e-02
2.703939939573351409e-02
2.703939939573351409e-02
2.703939939573351409e-02
2.703939939573351409e-02
2.703939939573351409e-02
2.703939939573351409e-02
2.703939939573351409e-02
2.703939939573351409e-02
2.703939939573351409e-02
2.703939939573351409e-02
2.703939939573351409e-02
2.703939939573351409e-02
2.703939939573351409e-02
2.703939939573351409e-02
2.703939939573351409e-02
2.703939939573351409e-02
1.815851313821833027e-02
2.703939939573351409e-02
2.703939939573351409e-02
2.703939939573351409e-02
2.703939939573351409e-02
2.703939939573351409e-02
1.815851313821833027e-02
2.703939939573351409e-02
2.703939939573351409e-02
1.815851313821833027e-02
1.815851313821833027e-02
2.703939939573351409e-02
2.703939939573351409e-02
2.703939939573351409e-02
2.703939939573351409e-02
1.815851313821833027e-02
2.703939939573351409e-02
1.815851313821833027e-02
1.815851313821833027e-02
2.703939939573351409e-02
1.815851313821833027e-02
1.815851313821833027e-02
1.815851313821833027e-02
1.815851313821833027e-02
1.815851313821833027e-02
1.815851313821833027e-02
1.815851313821833027e-02
1.815851313821833027e-02
1.815851313821833027e-02
1.815851313821833027e-02
1.815851313821833027e-02
1.815851313821833027e-02
1.815851313821833027e-02
1.815851313821833027e-02
1.815851313821833027e-02
1.815851313821833027e-02
1.815851313821833027e-02
1.815851313821833027e-02
1.815851313821833027e-02
1.815851313821833027e-02
1.815851313821833027e-02
1.815851313821833027e-02
1.815851313821833027e-02
1.815851313821833027e-02
1.815851313821833027e-02
1.815851313821833027e-02
1.815851313821833027e-02
1.815851313821833027e-02
1.815851313821833027e-02
1.815851313821833027e-02
1.815851313821833027e-02
1.815851313821833027e-02
1.815851313821833027e-02
1.815851313821833027e-02
1.815851313821833027e-02
9.277626880703146450e-03
1.815851313821833027e-02
1.815851313821833027e-02
1.815851313821833027e-02
1.815851313821833027e-02
1.815851313821833027e-02
1.815851313821833027e-02
1.815851313821833027e-02
9.277626880703146450e-03
9.277626880703146450e-03
1.815851313821833027e-02
9.277626880703146450e-03
1.815851313821833027e-02
1.815851313821833027e-02
1.815851313821833027e-02
1.815851313821833027e-02
9.277626880703146450e-03
1.815851313821833027e-02
1.815851313821833027e-02
9.277626880703146450e-03
9.277626880703146450e-03
1.815851313821833027e-02
1.815851313821833027e-02
1.815851313821833027e-02
9.277626880703146450e-03
9.277626880703146450e-03
1.815851313821833027e-02
9.277626880703146450e-03
9.277626880703146450e-03
1.815851313821833027e-02
9.277626880703146450e-03
1.815851313821833027e-02
1.815851313821833027e-02
9.277626880703146450e-03
1.815851313821833027e-02
1.815851313821833027e-02
9.277626880703146450e-03
9.277626880703146450e-03
9.277626880703146450e-03
1.815851313821833027e-02
9.277626880703146450e-03
9.277626880703146450e-03
1.815851313821833027e-02
9.277626880703146450e-03
9.277626880703146450e-03
9.277626880703146450e-03
9.277626880703146450e-03
9.277626880703146450e-03
9.277626880703146450e-03
9.277626880703146450e-03
9.277626880703146450e-03
9.277626880703146450e-03
9.277626880703146450e-03
9.277626880703146450e-03
1.815851313821833027e-02
9.277626880703146450e-03
9.277626880703146450e-03
9.277626880703146450e-03
9.277626880703146450e-03
9.277626880703146450e-03
9.277626880703146450e-03
9.277626880703146450e-03
9.277626880703146450e-03
9.277626880703146450e-03
9.277626880703146450e-03
9.277626880703146450e-03
9.277626880703146450e-03
9.277626880703146450e-03
9.277626880703146450e-03
9.277626880703146450e-03
9.277626880703146450e-03
9.277626880703146450e-03
9.277626880703146450e-03
9.277626880703146450e-03
9.277626880703146450e-03
9.277626880703146450e-03
9.277626880703146450e-03
9.277626880703146450e-03
9.277626880703146450e-03
9.277626880703146450e-03
9.277626880703146450e-03
9.277626880703146450e-03
9.277626880703146450e-03
9.277626880703146450e-03
9.277626880703146450e-03
9.277626880703146450e-03
9.277626880703146450e-03
9.277626880703146450e-03
9.277626880703146450e-03
9.277626880703146450e-03
9.277626880703146450e-03
9.277626880703146450e-03
9.277626880703146450e-03
9.277626880703146450e-03
9.277626880703146450e-03
9.277626880703146450e-03
9.277626880703146450e-03
9.277626880703146450e-03
9.277626880703146450e-03
9.277626880703146450e-03
9.277626880703146450e-03
9.277626880703146450e-03
9.277626880703146450e-03
9.277626880703146450e-03
9.277626880703146450e-03
9.277626880703146450e-03
9.277626880703146450e-03
9.277626880703146450e-03
9.277626880703146450e-03
9.277626880703146450e-03
9.277626880703146450e-03
9.277626880703146450e-03
9.277626880703146450e-03
9.277626880703146450e-03
9.277626880703146450e-03
9.277626880703146450e-03
9.277626880703146450e-03
9.277626880703146450e-03
9.277626880703146450e-03
9.277626880703146450e-03
9.277626880703146450e-03
9.277626880703146450e-03
9.277626880703146450e-03
9.277626880703146450e-03
9.277626880703146450e-03
9.277626880703146450e-03
9.277626880703146450e-03
9.277626880703146450e-03
9.277626880703146450e-03
9.277626880703146450e-03
9.277626880703146450e-03
9.277626880703146450e-03
9.277626880703146450e-03
9.277626880703146450e-03
3.967406231879634995e-04
3.967406231879634995e-04
9.277626880703146450e-03
9.277626880703146450e-03
9.277626880703146450e-03
9.277626880703146450e-03
9.277626880703146450e-03
9.277626880703146450e-03
9.277626880703146450e-03
3.967406231879634995e-04
9.277626880703146450e-03
3.967406231879634995e-04
3.967406231879634995e-04
9.277626880703146450e-03
3.967406231879634995e-04
9.277626880703146450e-03
9.277626880703146450e-03
3.967406231879634995e-04
9.277626880703146450e-03
9.277626880703146450e-03
3.967406231879634995e-04
9.277626880703146450e-03
9.277626880703146450e-03
3.967406231879634995e-04
9.277626880703146450e-03
9.277626880703146450e-03
9.277626880703146450e-03
3.967406231879634995e-04
9.277626880703146450e-03
9.277626880703146450e-03
9.277626880703146450e-03
3.967406231879634995e-04
9.277626880703146450e-03
9.277626880703146450e-03
3.967406231879634995e-04
3.967406231879634995e-04
9.277626880703146450e-03
3.967406231879634995e-04
3.967406231879634995e-04
3.967406231879634995e-04
3.967406231879634995e-04
9.277626880703146450e-03
9.277626880703146450e-03
9.277626880703146450e-03
9.277626880703146450e-03
3.967406231879634995e-04
3.967406231879634995e-04
3.967406231879634995e-04
3.967406231879634995e-04
3.967406231879634995e-04
3.967406231879634995e-04
9.277626880703146450e-03
3.967406231879634995e-04
9.277626880703146450e-03
3.967406231879634995e-04
3.967406231879634995e-04
9.277626880703146450e-03
3.967406231879634995e-04
3.967406231879634995e-04
9.277626880703146450e-03
3.967406231879634995e-04
3.967406231879634995e-04
9.277626880703146450e-03
3.967406231879634995e-04
3.967406231879634995e-04
3.967406231879634995e-04
9.277626880703146450e-03
3.967406231879634995e-04
3.967406231879634995e-04
9.277626880703146450e-03
3.967406231879634995e-04
3.967406231879634995e-04
9.277626880703146450e-03
3.967406231879634995e-04
3.967406231879634995e-04
3.967406231879634995e-04
3.967406231879634995e-04
3.967406231879634995e-04
3.967406231879634995e-04
3.967406231879634995e-04
3.967406231879634995e-04
9.277626880703146450e-03
3.967406231879634995e-04
9.277626880703146450e-03
3.967406231879634995e-04
9.277626880703146450e-03
3.967406231879634995e-04
3.967406231879634995e-04
9.277626880703146450e-03
3.967406231879634995e-04
3.967406231879634995e-04
3.967406231879634995e-04
9.277626880703146450e-03
3.967406231879634995e-04
3.967406231879634995e-04
3.967406231879634995e-04
3.967406231879634995e-04
3.967406231879634995e-04
3.967406231879634995e-04
3.967406231879634995e-04
3.967406231879634995e-04
3.967406231879634995e-04
3.967406231879634995e-04
3.967406231879634995e-04
9.277626880703146450e-03
3.967406231879634995e-04
3.967406231879634995e-04
3.967406231879634995e-04
3.967406231879634995e-04
3.967406231879634995e-04
9.277626880703146450e-03
3.967406231879634995e-04
3.967406231879634995e-04
3.967406231879634995e-04
3.967406231879634995e-04
3.967406231879634995e-04
3.967406231879634995e-04
3.967406231879634995e-04
3.967406231879634995e-04
3.967406231879634995e-04
3.967406231879634995e-04
3.967406231879634995e-04
3.967406231879634995e-04
3.967406231879634995e-04
3.967406231879634995e-04
3.967406231879634995e-04
3.967406231879634995e-04
3.967406231879634995e-04
9.277626880703146450e-03
3.967406231879634995e-04
3.967406231879634995e-04
3.967406231879634995e-04
3.967406231879634995e-04
3.967406231879634995e-04
3.967406231879634995e-04
3.967406231879634995e-04
3.967406231879634995e-04
3.967406231879634995e-04
3.967406231879634995e-04
3.967406231879634995e-04
3.967406231879634995e-04
3.967406231879634995e-04
3.967406231879634995e-04
3.967406231879634995e-04
3.967406231879634995e-04
9.277626880703146450e-03
3.967406231879634995e-04
3.967406231879634995e-04
3.967406231879634995e-04
3.967406231879634995e-04
3.967406231879634995e-04
3.967406231879634995e-04
3.967406231879634995e-04
3.967406231879634995e-04
3.967406231879634995e-04
9.277626880703146450e-03
9.277626880703146450e-03
3.967406231879634995e-04
3.967406231879634995e-04
3.967406231879634995e-04
3.967406231879634995e-04
3.967406231879634995e-04
9.277626880703146450e-03
3.967406231879634995e-04
3.967406231879634995e-04
9.277626880703146450e-03
3.967406231879634995e-04
9.277626880703146450e-03
3.967406231879634995e-04
3.967406231879634995e-04
3.967406231879634995e-04
3.967406231879634995e-04
3.967406231879634995e-04
3.967406231879634995e-04
3.967406231879634995e-04
3.967406231879634995e-04
3.967406231879634995e-04
3.967406231879634995e-04
3.967406231879634995e-04
3.967406231879634995e-04
3.967406231879634995e-04
9.277626880703146450e-03
9.277626880703146450e-03
3.967406231879634995e-04
3.967406231879634995e-04
3.967406231879634995e-04
9.277626880703146450e-03
3.967406231879634995e-04
3.967406231879634995e-04
3.967406231879634995e-04
3.967406231879634995e-04
3.967406231879634995e-04
3.967406231879634995e-04
3.967406231879634995e-04
3.967406231879634995e-04
3.967406231879634995e-04
3.967406231879634995e-04
3.967406231879634995e-04
3.967406231879634995e-04
3.967406231879634995e-04
3.967406231879634995e-04
3.967406231879634995e-04
3.967406231879634995e-04
3.967406231879634995e-04
3.967406231879634995e-04
3.967406231879634995e-04
3.967406231879634995e-04
3.967406231879634995e-04
3.967406231879634995e-04
3.967406231879634995e-04
3.967406231879634995e-04
3.967406231879634995e-04
3.967406231879634995e-04
9.277626880703146450e-03
3.967406231879634995e-04
3.967406231879634995e-04
3.967406231879634995e-04
9.277626880703146450e-03
3.967406231879634995e-04
3.967406231879634995e-04
9.277626880703146450e-03
3.967406231879634995e-04
3.967406231879634995e-04
3.967406231879634995e-04
3.967406231879634995e-04
3.967406231879634995e-04
3.967406231879634995e-04
3.967406231879634995e-04
3.967406231879634995e-04
9.277626880703146450e-03
3.967406231879634995e-04
3.967406231879634995e-04
3.967406231879634995e-04
3.967406231879634995e-04
3.967406231879634995e-04
3.967406231879634995e-04
3.967406231879634995e-04
3.967406231879634995e-04
3.967406231879634995e-04
3.967406231879634995e-04
3.967406231879634995e-04
3.967406231879634995e-04
3.967406231879634995e-04
3.967406231879634995e-04
3.967406231879634995e-04
3.967406231879634995e-04
3.967406231879634995e-04
3.967406231879634995e-04
3.967406231879634995e-04
3.967406231879634995e-04
3.967406231879634995e-04
3.967406231879634995e-04
3.967406231879634995e-04
3.967406231879634995e-04
3.967406231879634995e-04
3.967406231879634995e-04
3.967406231879634995e-04
3.967406231879634995e-04
3.967406231879634995e-04
3.967406231879634995e-04
3.967406231879634995e-04
3.967406231879634995e-04
3.967406231879634995e-04
3.967406231879634995e-04
3.967406231879634995e-04
3.967406231879634995e-04
3.967406231879634995e-04
3.967406231879634995e-04
3.967406231879634995e-04
3.967406231879634995e-04
3.967406231879634995e-04
3.967406231879634995e-04
3.967406231879634995e-04
3.967406231879634995e-04
3.967406231879634995e-04
3.967406231879634995e-04
3.967406231879634995e-04
9.277626880703146450e-03
3.967406231879634995e-04
3.967406231879634995e-04
3.967406231879634995e-04
3.967406231879634995e-04
3.967406231879634995e-04
3.967406231879634995e-04
3.967406231879634995e-04
3.967406231879634995e-04
3.967406231879634995e-04
3.967406231879634995e-04
3.967406231879634995e-04
3.967406231879634995e-04
3.967406231879634995e-04
3.967406231879634995e-04
3.967406231879634995e-04
3.967406231879634995e-04
3.967406231879634995e-04
3.967406231879634995e-04
3.967406231879634995e-04
3.967406231879634995e-04
3.967406231879634995e-04
9.277626880703146450e-03
3.967406231879634995e-04
3.967406231879634995e-04
3.967406231879634995e-04
3.967406231879634995e-04
3.967406231879634995e-04
3.967406231879634995e-04
3.967406231879634995e-04
3.967406231879634995e-04
3.967406231879634995e-04
3.967406231879634995e-04
3.967406231879634995e-04
3.967406231879634995e-04
3.967406231879634995e-04
9.277626880703146450e-03
3.967406231879634995e-04
3.967406231879634995e-04
3.967406231879634995e-04
3.967406231879634995e-04
3.967406231879634995e-04
3.967406231879634995e-04
3.967406231879634995e-04
9.277626880703146450e-03
3.967406231879634995e-04
3.967406231879634995e-04
3.967406231879634995e-04
3.967406231879634995e-04
3.967406231879634995e-04
3.967406231879634995e-04
3.967406231879634995e-04
3.967406231879634995e-04
3.967406231879634995e-04
3.967406231879634995e-04
3.967406231879634995e-04
3.967406231879634995e-04
3.967406231879634995e-04
3.967406231879634995e-04
3.967406231879634995e-04
3.967406231879634995e-04
3.967406231879634995e-04
3.967406231879634995e-04
3.967406231879634995e-04
3.967406231879634995e-04
3.967406231879634995e-04
3.967406231879634995e-04
3.967406231879634995e-04
3.967406231879634995e-04
3.967406231879634995e-04
3.967406231879634995e-04
3.967406231879634995e-04
3.967406231879634995e-04
3.967406231879634995e-04
3.967406231879634995e-04
3.967406231879634995e-04
3.967406231879634995e-04
3.967406231879634995e-04
3.967406231879634995e-04
3.967406231879634995e-04
3.967406231879634995e-04
3.967406231879634995e-04
3.967406231879634995e-04
3.967406231879634995e-04
3.967406231879634995e-04
3.967406231879634995e-04
3.967406231879634995e-04
3.967406231879634995e-04
3.967406231879634995e-04
3.967406231879634995e-04
3.967406231879634995e-04
3.967406231879634995e-04
3.967406231879634995e-04
3.967406231879634995e-04
3.967406231879634995e-04
3.967406231879634995e-04
3.967406231879634995e-04
3.967406231879634995e-04
3.967406231879634995e-04
3.967406231879634995e-04
3.967406231879634995e-04
3.967406231879634995e-04
3.967406231879634995e-04
3.967406231879634995e-04
3.967406231879634995e-04
3.967406231879634995e-04
3.967406231879634995e-04
3.967406231879634995e-04
3.967406231879634995e-04
3.967406231879634995e-04
3.967406231879634995e-04
3.967406231879634995e-04
3.967406231879634995e-04
3.967406231879634995e-04
3.967406231879634995e-04
3.967406231879634995e-04
3.967406231879634995e-04
3.967406231879634995e-04
3.967406231879634995e-04
3.967406231879634995e-04
3.967406231879634995e-04
3.967406231879634995e-04
3.967406231879634995e-04
3.967406231879634995e-04
3.967406231879634995e-04
3.967406231879634995e-04
3.967406231879634995e-04
3.967406231879634995e-04
3.967406231879634995e-04
3.967406231879634995e-04
3.967406231879634995e-04
3.967406231879634995e-04
3.967406231879634995e-04
3.967406231879634995e-04
3.967406231879634995e-04
3.967406231879634995e-04
3.967406231879634995e-04
3.967406231879634995e-04
3.967406231879634995e-04
3.967406231879634995e-04
3.967406231879634995e-04
3.967406231879634995e-04
3.967406231879634995e-04
3.967406231879634995e-04
3.967406231879634995e-04
3.967406231879634995e-04
3.967406231879634995e-04
3.967406231879634995e-04
3.967406231879634995e-04
3.967406231879634995e-04
3.967406231879634995e-04
3.967406231879634995e-04
3.967406231879634995e-04
3.967406231879634995e-04
3.967406231879634995e-04
3.967406231879634995e-04
3.967406231879634995e-04
3.967406231879634995e-04
3.967406231879634995e-04
3.967406231879634995e-04
3.967406231879634995e-04
3.967406231879634995e-04
3.967406231879634995e-04
3.967406231879634995e-04
3.967406231879634995e-04
3.967406231879634995e-04
3.967406231879634995e-04
3.967406231879634995e-04
3.967406231879634995e-04
3.967406231879634995e-04
3.967406231879634995e-04
3.967406231879634995e-04
3.967406231879634995e-04
3.967406231879634995e-04
3.967406231879634995e-04
3.967406231879634995e-04
1.815851313821833027e-02
2.703939939573351409e-02
3.592028565324869444e-02
5.368205816827906207e-02
6.256294442579424242e-02
7.144383068330942277e-02
8.032471694082461700e-02
8.920560319833979734e-02
9.808648945585497769e-02
1.069673757133701580e-01
1.247291482284005187e-01
1.336100344859157130e-01
1.424909207434308933e-01
1.513718070009460737e-01
1.602526932584612540e-01
1.691335795159764344e-01
1.780144657734916147e-01
1.868953520310067951e-01
1.957762382885219754e-01
2.046571245460371835e-01
2.135380108035523639e-01
2.224188970610675442e-01
2.312997833185827246e-01
2.312997833185827246e-01
2.401806695760979049e-01
2.490615558336130853e-01
2.579424420911282656e-01
2.668233283486434737e-01
2.757042146061586263e-01
2.757042146061586263e-01
2.845851008636738344e-01
2.934659871211889870e-01
3.112277596362193477e-01
3.112277596362193477e-01
3.201086458937345558e-01
3.201086458937345558e-01
3.378704184087649165e-01
3.378704184087649165e-01
3.467513046662801246e-01
3.467513046662801246e-01
3.556321909237952772e-01
3.645130771813104853e-01
3.733939634388256379e-01
3.733939634388256379e-01
3.822748496963408460e-01
3.822748496963408460e-01
3.911557359538559986e-01
4.000366222113712067e-01
4.089175084688863593e-01
4.089175084688863593e-01
4.177983947264015674e-01
4.177983947264015674e-01
4.266792809839167200e-01
4.355601672414319281e-01
4.444410534989471362e-01
4.444410534989471362e-01
4.533219397564622888e-01
4.533219397564622888e-01
4.533219397564622888e-01
4.622028260139774969e-01
4.710837122714926495e-01
4.710837122714926495e-01
4.799645985290078576e-01
4.888454847865230102e-01
4.888454847865230102e-01
4.977263710440382183e-01
4.977263710440382183e-01
5.066072573015534264e-01
5.066072573015534264e-01
5.154881435590685790e-01
5.154881435590685790e-01
5.243690298165837316e-01
5.243690298165837316e-01
5.332499160740989952e-01
5.421308023316141478e-01
5.421308023316141478e-01
5.421308023316141478e-01
5.510116885891293004e-01
5.510116885891293004e-01
5.598925748466444530e-01
5.598925748466444530e-01
5.598925748466444530e-01
5.598925748466444530e-01
5.776543473616748692e-01
5.776543473616748692e-01
5.776543473616748692e-01
5.865352336191900218e-01
5.865352336191900218e-01
5.954161198767051744e-01
5.954161198767051744e-01
5.954161198767051744e-01
6.042970061342204380e-01
6.042970061342204380e-01
6.131778923917355906e-01
6.131778923917355906e-01
6.220587786492507432e-01
6.220587786492507432e-01
6.220587786492507432e-01
6.309396649067660068e-01
6.309396649067660068e-01
6.309396649067660068e-01
6.398205511642811594e-01
6.398205511642811594e-01
6.398205511642811594e-01
6.487014374217963120e-01
6.487014374217963120e-01
6.575823236793114646e-01
6.575823236793114646e-01
6.664632099368267282e-01
6.664632099368267282e-01
6.664632099368267282e-01
6.664632099368267282e-01
6.664632099368267282e-01
6.753440961943418808e-01
6.753440961943418808e-01
6.753440961943418808e-01
6.842249824518570334e-01
6.931058687093721860e-01
6.931058687093721860e-01
6.931058687093721860e-01
6.931058687093721860e-01
6.931058687093721860e-01
7.019867549668874496e-01
7.019867549668874496e-01
7.019867549668874496e-01
7.019867549668874496e-01
7.108676412244026022e-01
7.108676412244026022e-01
7.108676412244026022e-01
7.108676412244026022e-01
7.197485274819177548e-01
7.197485274819177548e-01
7.286294137394330184e-01
7.286294137394330184e-01
7.286294137394330184e-01
7.286294137394330184e-01
7.375102999969481710e-01
7.375102999969481710e-01
7.375102999969481710e-01
7.463911862544633236e-01
7.463911862544633236e-01
7.463911862544633236e-01
7.463911862544633236e-01
7.463911862544633236e-01
7.552720725119784762e-01
7.552720725119784762e-01
7.552720725119784762e-01
7.552720725119784762e-01
7.641529587694937398e-01
7.641529587694937398e-01
7.641529587694937398e-01
7.641529587694937398e-01
7.641529587694937398e-01
7.730338450270088924e-01
7.730338450270088924e-01
7.730338450270088924e-01
7.730338450270088924e-01
7.819147312845240450e-01
7.819147312845240450e-01
7.819147312845240450e-01
7.819147312845240450e-01
7.907956175420391975e-01
7.907956175420391975e-01
7.907956175420391975e-01
7.907956175420391975e-01
7.996765037995544612e-01
7.907956175420391975e-01
7.907956175420391975e-01
7.996765037995544612e-01
7.996765037995544612e-01
7.996765037995544612e-01
7.996765037995544612e-01
7.996765037995544612e-01
8.085573900570696138e-01
8.085573900570696138e-01
8.085573900570696138e-01
8.085573900570696138e-01
8.085573900570696138e-01
8.085573900570696138e-01
8.174382763145847663e-01
8.174382763145847663e-01
8.174382763145847663e-01
8.174382763145847663e-01
8.174382763145847663e-01
8.174382763145847663e-01
8.263191625721000300e-01
8.174382763145847663e-01
8.263191625721000300e-01
8.263191625721000300e-01
8.263191625721000300e-01
8.352000488296151826e-01
8.352000488296151826e-01
8.352000488296151826e-01
8.352000488296151826e-01
8.352000488296151826e-01
8.352000488296151826e-01
8.352000488296151826e-01
8.352000488296151826e-01
8.440809350871303351e-01
8.352000488296151826e-01
8.440809350871303351e-01
8.440809350871303351e-01
8.440809350871303351e-01
8.440809350871303351e-01
8.440809350871303351e-01
8.440809350871303351e-01
8.529618213446454877e-01
8.440809350871303351e-01
8.529618213446454877e-01
8.529618213446454877e-01
8.529618213446454877e-01
8.529618213446454877e-01
8.529618213446454877e-01
8.529618213446454877e-01
8.529618213446454877e-01
8.618427076021607514e-01
8.618427076021607514e-01
8.618427076021607514e-01
8.618427076021607514e-01
8.618427076021607514e-01
8.618427076021607514e-01
8.707235938596759039e-01
8.707235938596759039e-01
8.707235938596759039e-01
8.707235938596759039e-01
8.707235938596759039e-01
8.707235938596759039e-01
8.707235938596759039e-01
8.707235938596759039e-01
8.707235938596759039e-01
8.707235938596759039e-01
8.796044801171910565e-01
8.796044801171910565e-01
8.796044801171910565e-01
8.796044801171910565e-01
8.796044801171910565e-01
8.796044801171910565e-01
8.796044801171910565e-01
8.796044801171910565e-01
8.796044801171910565e-01
8.796044801171910565e-01
8.796044801171910565e-01
8.796044801171910565e-01
8.884853663747062091e-01
8.796044801171910565e-01
8.884853663747062091e-01
8.884853663747062091e-01
8.884853663747062091e-01
8.884853663747062091e-01
8.884853663747062091e-01
8.884853663747062091e-01
8.973662526322214728e-01
8.884853663747062091e-01
8.973662526322214728e-01
8.973662526322214728e-01
8.973662526322214728e-01
8.973662526322214728e-01
8.973662526322214728e-01
8.973662526322214728e-01
8.973662526322214728e-01
8.973662526322214728e-01
8.973662526322214728e-01
8.973662526322214728e-01
9.062471388897366253e-01
9.062471388897366253e-01
9.062471388897366253e-01
9.062471388897366253e-01
9.062471388897366253e-01
9.062471388897366253e-01
9.062471388897366253e-01
9.062471388897366253e-01
9.062471388897366253e-01
9.062471388897366253e-01
9.062471388897366253e-01
9.062471388897366253e-01
9.062471388897366253e-01
9.062471388897366253e-01
9.062471388897366253e-01
9.151280251472517779e-01
9.151280251472517779e-01
9.151280251472517779e-01
9.151280251472517779e-01
9.151280251472517779e-01
9.151280251472517779e-01
9.151280251472517779e-01
9.151280251472517779e-01
9.151280251472517779e-01
9.151280251472517779e-01
9.151280251472517779e-01
9.151280251472517779e-01
9.151280251472517779e-01
9.151280251472517779e-01
9.151280251472517779e-01
9.240089114047670416e-01
9.151280251472517779e-01
9.151280251472517779e-01
9.151280251472517779e-01
9.151280251472517779e-01
9.240089114047670416e-01
9.151280251472517779e-01
9.240089114047670416e-01
9.151280251472517779e-01
9.240089114047670416e-01
9.240089114047670416e-01
9.240089114047670416e-01
9.240089114047670416e-01
9.240089114047670416e-01
9.240089114047670416e-01
9.240089114047670416e-01
9.240089114047670416e-01
9.240089114047670416e-01
9.240089114047670416e-01
9.240089114047670416e-01
9.240089114047670416e-01
9.240089114047670416e-01
9.328897976622821941e-01
9.328897976622821941e-01
9.328897976622821941e-01
9.328897976622821941e-01
9.328897976622821941e-01
9.240089114047670416e-01
9.328897976622821941e-01
9.328897976622821941e-01
9.328897976622821941e-01
9.328897976622821941e-01
9.328897976622821941e-01
9.328897976622821941e-01
9.328897976622821941e-01
9.328897976622821941e-01
9.328897976622821941e-01
9.328897976622821941e-01
9.328897976622821941e-01
9.417706839197973467e-01
9.328897976622821941e-01
9.417706839197973467e-01
9.328897976622821941e-01
9.417706839197973467e-01
9.328897976622821941e-01
9.417706839197973467e-01
9.417706839197973467e-01
9.417706839197973467e-01
9.417706839197973467e-01
9.417706839197973467e-01
9.417706839197973467e-01
9.417706839197973467e-01
9.417706839197973467e-01
9.417706839197973467e-01
9.417706839197973467e-01
9.417706839197973467e-01
9.417706839197973467e-01
9.417706839197973467e-01
9.506515701773124993e-01
9.417706839197973467e-01
9.417706839197973467e-01
9.417706839197973467e-01
9.417706839197973467e-01
9.417706839197973467e-01
9.417706839197973467e-01
9.506515701773124993e-01
9.417706839197973467e-01
9.506515701773124993e-01
9.417706839197973467e-01
9.506515701773124993e-01
9.506515701773124993e-01
9.417706839197973467e-01
9.506515701773124993e-01
9.506515701773124993e-01
9.506515701773124993e-01
9.506515701773124993e-01
9.506515701773124993e-01
9.506515701773124993e-01
9.506515701773124993e-01
9.506515701773124993e-01
9.506515701773124993e-01
9.506515701773124993e-01
9.506515701773124993e-01
9.506515701773124993e-01
9.506515701773124993e-01
9.506515701773124993e-01
9.506515701773124993e-01
9.506515701773124993e-01
9.506515701773124993e-01
9.506515701773124993e-01
9.506515701773124993e-01
9.506515701773124993e-01
9.506515701773124993e-01
9.506515701773124993e-01
9.506515701773124993e-01
9.506515701773124993e-01
9.506515701773124993e-01
9.506515701773124993e-01
9.506515701773124993e-01
9.506515701773124993e-01
9.506515701773124993e-01
9.506515701773124993e-01
9.506515701773124993e-01
9.506515701773124993e-01
9.506515701773124993e-01
9.506515701773124993e-01
9.506515701773124993e-01
9.595324564348277629e-01
9.506515701773124993e-01
9.506515701773124993e-01
9.506515701773124993e-01
9.506515701773124993e-01
9.506515701773124993e-01
9.506515701773124993e-01
9.506515701773124993e-01
9.506515701773124993e-01
9.506515701773124993e-01
9.506515701773124993e-01
9.595324564348277629e-01
9.595324564348277629e-01
9.595324564348277629e-01
9.595324564348277629e-01
9.595324564348277629e-01
9.595324564348277629e-01
9.506515701773124993e-01
9.595324564348277629e-01
9.595324564348277629e-01
9.506515701773124993e-01
9.595324564348277629e-01
9.595324564348277629e-01
9.595324564348277629e-01
9.595324564348277629e-01
9.595324564348277629e-01
9.595324564348277629e-01
9.595324564348277629e-01
9.595324564348277629e-01
9.595324564348277629e-01
9.595324564348277629e-01
9.595324564348277629e-01
9.595324564348277629e-01
9.595324564348277629e-01
9.595324564348277629e-01
9.595324564348277629e-01
9.595324564348277629e-01
9.595324564348277629e-01
9.595324564348277629e-01
9.595324564348277629e-01
9.595324564348277629e-01
9.595324564348277629e-01
9.595324564348277629e-01
9.595324564348277629e-01
9.595324564348277629e-01
9.595324564348277629e-01
9.595324564348277629e-01
9.595324564348277629e-01
9.595324564348277629e-01
9.595324564348277629e-01
9.595324564348277629e-01
9.595324564348277629e-01
9.595324564348277629e-01
9.595324564348277629e-01
9.595324564348277629e-01
9.595324564348277629e-01
9.595324564348277629e-01
9.595324564348277629e-01
9.595324564348277629e-01
9.684133426923429155e-01
9.684133426923429155e-01
9.684133426923429155e-01
9.595324564348277629e-01
9.595324564348277629e-01
9.595324564348277629e-01
9.595324564348277629e-01
9.684133426923429155e-01
9.684133426923429155e-01
9.595324564348277629e-01
9.595324564348277629e-01
9.595324564348277629e-01
9.684133426923429155e-01
9.684133426923429155e-01
9.684133426923429155e-01
9.684133426923429155e-01
9.684133426923429155e-01
9.684133426923429155e-01
9.684133426923429155e-01
9.684133426923429155e-01
9.595324564348277629e-01
9.684133426923429155e-01
9.684133426923429155e-01
9.684133426923429155e-01
9.684133426923429155e-01
9.684133426923429155e-01
9.684133426923429155e-01
9.684133426923429155e-01
9.684133426923429155e-01
9.684133426923429155e-01
9.684133426923429155e-01
9.684133426923429155e-01
9.684133426923429155e-01
9.684133426923429155e-01
9.684133426923429155e-01
9.684133426923429155e-01
9.684133426923429155e-01
9.684133426923429155e-01
9.684133426923429155e-01
9.684133426923429155e-01
9.684133426923429155e-01
9.684133426923429155e-01
9.684133426923429155e-01
9.684133426923429155e-01
9.684133426923429155e-01
9.684133426923429155e-01
9.684133426923429155e-01
9.772942289498580681e-01
9.684133426923429155e-01
9.684133426923429155e-01
9.684133426923429155e-01
9.684133426923429155e-01
9.684133426923429155e-01
9.684133426923429155e-01
9.684133426923429155e-01
9.684133426923429155e-01
9.684133426923429155e-01
9.684133426923429155e-01
9.684133426923429155e-01
9.684133426923429155e-01
9.684133426923429155e-01
9.684133426923429155e-01
9.684133426923429155e-01
9.684133426923429155e-01
9.772942289498580681e-01
9.684133426923429155e-01
9.684133426923429155e-01
9.684133426923429155e-01
9.684133426923429155e-01
9.772942289498580681e-01
9.684133426923429155e-01
9.684133426923429155e-01
9.684133426923429155e-01
9.684133426923429155e-01
9.684133426923429155e-01
9.772942289498580681e-01
9.684133426923429155e-01
9.684133426923429155e-01
9.684133426923429155e-01
9.772942289498580681e-01
9.772942289498580681e-01
9.684133426923429155e-01
9.684133426923429155e-01
9.684133426923429155e-01
9.772942289498580681e-01
9.772942289498580681e-01
9.684133426923429155e-01
9.684133426923429155e-01
9.684133426923429155e-01
9.772942289498580681e-01
9.684133426923429155e-01
9.684133426923429155e-01
9.772942289498580681e-01
9.684133426923429155e-01
9.684133426923429155e-01
9.772942289498580681e-01
9.684133426923429155e-01
9.684133426923429155e-01
9.772942289498580681e-01
9.684133426923429155e-01
9.684133426923429155e-01
9.772942289498580681e-01
9.772942289498580681e-01
9.772942289498580681e-01
9.772942289498580681e-01
9.684133426923429155e-01
9.684133426923429155e-01
9.772942289498580681e-01
9.684133426923429155e-01
9.772942289498580681e-01
9.684133426923429155e-01
9.772942289498580681e-01
9.684133426923429155e-01
9.684133426923429155e-01
9.772942289498580681e-01
9.772942289498580681e-01
9.772942289498580681e-01
9.772942289498580681e-01
9.772942289498580681e-01
9.684133426923429155e-01
9.684133426923429155e-01
9.772942289498580681e-01
9.684133426923429155e-01
9.684133426923429155e-01
9.772942289498580681e-01
9.684133426923429155e-01
9.772942289498580681e-01
9.772942289498580681e-01
9.772942289498580681e-01
9.772942289498580681e-01
9.684133426923429155e-01
9.772942289498580681e-01
9.684133426923429155e-01
9.772942289498580681e-01
9.772942289498580681e-01
9.772942289498580681e-01
9.772942289498580681e-01
9.772942289498580681e-01
9.772942289498580681e-01
9.772942289498580681e-01
9.772942289498580681e-01
9.772942289498580681e-01
9.772942289498580681e-01
9.684133426923429155e-01
9.772942289498580681e-01
9.772942289498580681e-01
9.772942289498580681e-01
9.684133426923429155e-01
9.772942289498580681e-01
9.772942289498580681e-01
9.772942289498580681e-01
9.772942289498580681e-01
9.772942289498580681e-01
9.772942289498580681e-01
9.772942289498580681e-01
9.772942289498580681e-01
9.684133426923429155e-01
9.772942289498580681e-01
9.772942289498580681e-01
9.772942289498580681e-01
9.772942289498580681e-01
9.772942289498580681e-01
9.772942289498580681e-01
9.772942289498580681e-01
9.772942289498580681e-01
9.772942289498580681e-01
9.772942289498580681e-01
9.772942289498580681e-01
9.772942289498580681e-01
9.772942289498580681e-01
9.684133426923429155e-01
9.772942289498580681e-01
9.772942289498580681e-01
9.772942289498580681e-01
9.772942289498580681e-01
9.772942289498580681e-01
9.772942289498580681e-01
9.772942289498580681e-01
9.772942289498580681e-01
9.772942289498580681e-01
9.772942289498580681e-01
9.772942289498580681e-01
9.772942289498580681e-01
9.772942289498580681e-01
9.772942289498580681e-01
9.772942289498580681e-01
9.772942289498580681e-01
9.772942289498580681e-01
9.772942289498580681e-01
9.772942289498580681e-01
9.772942289498580681e-01
9.772942289498580681e-01
9.772942289498580681e-01
9.772942289498580681e-01
9.772942289498580681e-01
9.772942289498580681e-01
9.772942289498580681e-01
9.772942289498580681e-01
9.772942289498580681e-01
9.772942289498580681e-01
9.772942289498580681e-01
9.772942289498580681e-01
9.772942289498580681e-01
9.772942289498580681e-01
9.772942289498580681e-01
9.772942289498580681e-01
9.861751152073732207e-01
9.772942289498580681e-01
9.772942289498580681e-01
9.772942289498580681e-01
9.772942289498580681e-01
9.772942289498580681e-01
9.861751152073732207e-01
9.772942289498580681e-01
9.772942289498580681e-01
9.684133426923429155e-01
9.772942289498580681e-01
9.772942289498580681e-01
9.772942289498580681e-01
9.772942289498580681e-01
9.772942289498580681e-01
9.772942289498580681e-01
9.772942289498580681e-01
9.772942289498580681e-01
9.772942289498580681e-01
9.772942289498580681e-01
9.772942289498580681e-01
9.772942289498580681e-01
9.772942289498580681e-01
9.772942289498580681e-01
9.772942289498580681e-01
9.772942289498580681e-01
9.772942289498580681e-01
9.772942289498580681e-01
9.772942289498580681e-01
9.772942289498580681e-01
9.861751152073732207e-01
9.772942289498580681e-01
9.772942289498580681e-01
9.772942289498580681e-01
9.772942289498580681e-01
9.772942289498580681e-01
9.772942289498580681e-01
9.772942289498580681e-01
9.772942289498580681e-01
9.772942289498580681e-01
9.861751152073732207e-01
9.861751152073732207e-01
9.772942289498580681e-01
9.772942289498580681e-01
9.772942289498580681e-01
9.772942289498580681e-01
9.772942289498580681e-01
9.772942289498580681e-01
9.772942289498580681e-01
9.772942289498580681e-01
9.772942289498580681e-01
9.772942289498580681e-01
9.772942289498580681e-01
9.772942289498580681e-01
9.772942289498580681e-01
9.861751152073732207e-01
9.772942289498580681e-01
9.772942289498580681e-01
9.772942289498580681e-01
9.772942289498580681e-01
9.772942289498580681e-01
9.861751152073732207e-01
9.772942289498580681e-01
9.772942289498580681e-01
9.772942289498580681e-01
9.772942289498580681e-01
9.772942289498580681e-01
9.861751152073732207e-01
9.861751152073732207e-01
9.772942289498580681e-01
9.772942289498580681e-01
9.772942289498580681e-01
9.772942289498580681e-01
9.772942289498580681e-01
9.772942289498580681e-01
9.772942289498580681e-01
9.772942289498580681e-01
9.772942289498580681e-01
9.772942289498580681e-01
9.772942289498580681e-01
9.772942289498580681e-01
9.772942289498580681e-01
9.861751152073732207e-01
9.772942289498580681e-01
9.772942289498580681e-01
9.861751152073732207e-01
9.772942289498580681e-01
9.772942289498580681e-01
9.772942289498580681e-01
9.772942289498580681e-01
9.772942289498580681e-01
9.772942289498580681e-01
9.772942289498580681e-01
9.772942289498580681e-01
9.772942289498580681e-01
9.772942289498580681e-01
9.772942289498580681e-01
9.772942289498580681e-01
9.772942289498580681e-01
9.772942289498580681e-01
9.772942289498580681e-01
9.772942289498580681e-01
9.772942289498580681e-01
9.772942289498580681e-01
9.772942289498580681e-01
9.772942289498580681e-01
9.772942289498580681e-01
9.772942289498580681e-01
9.772942289498580681e-01
9.772942289498580681e-01
9.772942289498580681e-01
9.772942289498580681e-01
9.772942289498580681e-01
9.772942289498580681e-01
9.772942289498580681e-01
9.772942289498580681e-01
9.772942289498580681e-01
9.772942289498580681e-01
9.772942289498580681e-01
9.772942289498580681e-01
9.861751152073732207e-01
9.772942289498580681e-01
9.861751152073732207e-01
9.772942289498580681e-01
9.772942289498580681e-01
9.772942289498580681e-01
9.772942289498580681e-01
9.861751152073732207e-01
9.772942289498580681e-01
9.772942289498580681e-01
9.772942289498580681e-01
9.861751152073732207e-01
9.772942289498580681e-01
9.772942289498580681e-01
9.772942289498580681e-01
9.861751152073732207e-01
9.772942289498580681e-01
9.861751152073732207e-01
9.772942289498580681e-01
9.772942289498580681e-01
9.772942289498580681e-01
9.772942289498580681e-01
9.772942289498580681e-01
9.772942289498580681e-01
9.772942289498580681e-01
9.772942289498580681e-01
9.772942289498580681e-01
9.861751152073732207e-01
9.772942289498580681e-01
9.772942289498580681e-01
9.772942289498580681e-01
9.772942289498580681e-01
9.772942289498580681e-01
9.772942289498580681e-01
9.772942289498580681e-01
9.772942289498580681e-01
9.772942289498580681e-01
9.772942289498580681e-01
9.772942289498580681e-01
9.772942289498580681e-01
9.861751152073732207e-01
9.861751152073732207e-01
9.772942289498580681e-01
9.861751152073732207e-01
9.772942289498580681e-01
9.772942289498580681e-01
9.772942289498580681e-01
9.772942289498580681e-01
9.772942289498580681e-01
9.772942289498580681e-01
9.772942289498580681e-01
9.772942289498580681e-01
9.772942289498580681e-01
9.772942289498580681e-01
9.772942289498580681e-01
9.861751152073732207e-01
9.861751152073732207e-01
9.772942289498580681e-01
9.772942289498580681e-01
9.772942289498580681e-01
9.772942289498580681e-01
9.861751152073732207e-01
9.861751152073732207e-01
9.772942289498580681e-01
9.772942289498580681e-01
9.772942289498580681e-01
9.861751152073732207e-01
9.772942289498580681e-01
9.861751152073732207e-01
9.772942289498580681e-01
9.861751152073732207e-01
9.861751152073732207e-01
9.861751152073732207e-01
9.772942289498580681e-01
9.772942289498580681e-01
9.861751152073732207e-01
9.772942289498580681e-01
9.861751152073732207e-01
9.772942289498580681e-01
9.772942289498580681e-01
9.772942289498580681e-01
9.772942289498580681e-01
9.861751152073732207e-01
9.772942289498580681e-01
9.772942289498580681e-01
9.861751152073732207e-01
9.772942289498580681e-01
9.772942289498580681e-01
9.772942289498580681e-01
9.772942289498580681e-01
9.772942289498580681e-01
9.861751152073732207e-01
9.772942289498580681e-01
9.772942289498580681e-01
9.772942289498580681e-01
9.772942289498580681e-01
9.772942289498580681e-01
9.772942289498580681e-01
9.772942289498580681e-01
9.772942289498580681e-01
9.772942289498580681e-01
9.772942289498580681e-01
9.772942289498580681e-01
9.772942289498580681e-01
9.772942289498580681e-01
9.861751152073732207e-01
9.772942289498580681e-01
9.861751152073732207e-01
9.772942289498580681e-01
9.861751152073732207e-01
9.861751152073732207e-01
9.772942289498580681e-01
9.861751152073732207e-01
9.772942289498580681e-01
9.861751152073732207e-01
9.861751152073732207e-01
9.861751152073732207e-01
9.772942289498580681e-01
9.772942289498580681e-01
9.861751152073732207e-01
9.772942289498580681e-01
9.861751152073732207e-01
9.772942289498580681e-01
9.772942289498580681e-01
9.772942289498580681e-01
9.861751152073732207e-01
9.861751152073732207e-01
9.772942289498580681e-01
9.772942289498580681e-01
9.772942289498580681e-01
9.772942289498580681e-01
9.772942289498580681e-01
9.772942289498580681e-01
9.861751152073732207e-01
9.772942289498580681e-01
9.861751152073732207e-01
9.772942289498580681e-01
9.861751152073732207e-01
9.861751152073732207e-01
9.772942289498580681e-01
9.772942289498580681e-01
9.772942289498580681e-01
9.772942289498580681e-01
9.772942289498580681e-01
9.772942289498580681e-01
9.861751152073732207e-01
9.772942289498580681e-01
9.861751152073732207e-01
9.772942289498580681e-01
9.772942289498580681e-01
9.772942289498580681e-01
9.861751152073732207e-01
9.861751152073732207e-01
9.861751152073732207e-01
9.772942289498580681e-01
9.772942289498580681e-01
9.772942289498580681e-01
9.772942289498580681e-01
9.861751152073732207e-01
9.861751152073732207e-01
9.772942289498580681e-01
9.861751152073732207e-01
9.772942289498580681e-01
9.861751152073732207e-01
9.772942289498580681e-01
9.861751152073732207e-01
9.772942289498580681e-01
9.772942289498580681e-01
9.772942289498580681e-01
9.861751152073732207e-01
9.772942289498580681e-01
9.772942289498580681e-01
9.861751152073732207e-01
9.772942289498580681e-01
9.861751152073732207e-01
9.861751152073732207e-01
9.772942289498580681e-01
9.772942289498580681e-01
9.772942289498580681e-01
9.861751152073732207e-01
9.772942289498580681e-01
9.861751152073732207e-01
9.772942289498580681e-01
9.772942289498580681e-01
9.861751152073732207e-01
9.772942289498580681e-01
9.772942289498580681e-01
9.861751152073732207e-01
9.772942289498580681e-01
9.861751152073732207e-01
9.772942289498580681e-01
9.772942289498580681e-01
9.861751152073732207e-01
9.772942289498580681e-01
9.772942289498580681e-01
9.772942289498580681e-01
9.772942289498580681e-01
9.772942289498580681e-01
9.772942289498580681e-01
9.861751152073732207e-01
9.772942289498580681e-01
9.861751152073732207e-01
9.861751152073732207e-01
9.772942289498580681e-01
9.861751152073732207e-01
9.772942289498580681e-01
9.772942289498580681e-01
9.772942289498580681e-01
9.861751152073732207e-01
9.861751152073732207e-01
9.861751152073732207e-01
9.772942289498580681e-01
9.861751152073732207e-01
9.861751152073732207e-01
9.772942289498580681e-01
9.861751152073732207e-01
9.772942289498580681e-01
9.861751152073732207e-01
9.861751152073732207e-01
9.861751152073732207e-01
9.861751152073732207e-01
9.861751152073732207e-01
9.772942289498580681e-01
9.772942289498580681e-01
9.772942289498580681e-01
9.861751152073732207e-01
9.772942289498580681e-01
9.772942289498580681e-01
9.772942289498580681e-01
9.772942289498580681e-01
9.861751152073732207e-01
9.772942289498580681e-01
9.861751152073732207e-01
9.772942289498580681e-01
9.772942289498580681e-01
9.861751152073732207e-01
9.772942289498580681e-01
9.861751152073732207e-01
9.772942289498580681e-01
9.772942289498580681e-01
9.861751152073732207e-01
9.772942289498580681e-01
9.772942289498580681e-01
9.861751152073732207e-01
9.861751152073732207e-01
9.772942289498580681e-01
9.772942289498580681e-01
9.861751152073732207e-01
9.772942289498580681e-01
9.772942289498580681e-01
9.772942289498580681e-01
9.772942289498580681e-01
9.772942289498580681e-01
9.772942289498580681e-01
9.772942289498580681e-01
9.772942289498580681e-01
9.772942289498580681e-01
9.772942289498580681e-01
9.772942289498580681e-01
9.772942289498580681e-01
9.861751152073732207e-01
9.861751152073732207e-01
9.861751152073732207e-01
9.772942289498580681e-01
9.861751152073732207e-01
9.861751152073732207e-01
9.772942289498580681e-01
9.861751152073732207e-01
9.861751152073732207e-01
9.772942289498580681e-01
9.861751152073732207e-01
9.861751152073732207e-01
9.772942289498580681e-01
9.861751152073732207e-01
9.772942289498580681e-01
9.861751152073732207e-01
9.861751152073732207e-01
9.861751152073732207e-01
9.772942289498580681e-01
9.772942289498580681e-01
9.861751152073732207e-01
9.772942289498580681e-01
9.595324564348277629e-01
9.506515701773124993e-01
9.417706839197973467e-01
9.240089114047670416e-01
9.151280251472517779e-01
9.151280251472517779e-01
9.062471388897366253e-01
8.884853663747062091e-01
8.796044801171910565e-01
8.707235938596759039e-01
8.618427076021607514e-01
8.529618213446454877e-01
8.440809350871303351e-01
8.352000488296151826e-01
8.263191625721000300e-01
8.174382763145847663e-01
8.085573900570696138e-01
7.996765037995544612e-01
7.996765037995544612e-01
7.819147312845240450e-01
7.730338450270088924e-01
7.641529587694937398e-01
7.641529587694937398e-01
7.552720725119784762e-01
7.375102999969481710e-01
7.375102999969481710e-01
7.286294137394330184e-01
7.197485274819177548e-01
7.108676412244026022e-01
7.019867549668874496e-01
7.019867549668874496e-01
6.931058687093721860e-01
6.842249824518570334e-01
6.753440961943418808e-01
6.664632099368267282e-01
6.664632099368267282e-01
6.575823236793114646e-01
6.487014374217963120e-01
6.398205511642811594e-01
6.309396649067660068e-01
6.309396649067660068e-01
6.220587786492507432e-01
6.220587786492507432e-01
6.131778923917355906e-01
6.042970061342204380e-01
5.954161198767051744e-01
5.954161198767051744e-01
5.954161198767051744e-01
5.865352336191900218e-01
5.776543473616748692e-01
5.687734611041597166e-01
5.598925748466444530e-01
5.598925748466444530e-01
5.598925748466444530e-01
5.510116885891293004e-01
5.421308023316141478e-01
5.421308023316141478e-01
5.332499160740989952e-01
5.243690298165837316e-01
5.243690298165837316e-01
5.243690298165837316e-01
5.154881435590685790e-01
5.066072573015534264e-01
4.977263710440382183e-01
5.066072573015534264e-01
4.977263710440382183e-01
4.888454847865230102e-01
4.799645985290078576e-01
4.799645985290078576e-01
4.710837122714926495e-01
4.710837122714926495e-01
4.622028260139774969e-01
4.622028260139774969e-01
4.533219397564622888e-01
4.533219397564622888e-01
4.533219397564622888e-01
4.444410534989471362e-01
4.444410534989471362e-01
4.355601672414319281e-01
4.266792809839167200e-01
4.266792809839167200e-01
4.177983947264015674e-01
4.177983947264015674e-01
4.177983947264015674e-01
4.089175084688863593e-01
4.089175084688863593e-01
4.089175084688863593e-01
4.000366222113712067e-01
3.911557359538559986e-01
3.911557359538559986e-01
3.911557359538559986e-01
3.822748496963408460e-01
3.822748496963408460e-01
3.733939634388256379e-01
3.733939634388256379e-01
3.733939634388256379e-01
3.645130771813104853e-01
3.645130771813104853e-01
3.556321909237952772e-01
3.556321909237952772e-01
3.556321909237952772e-01
3.467513046662801246e-01
3.467513046662801246e-01
3.467513046662801246e-01
3.467513046662801246e-01
3.378704184087649165e-01
3.378704184087649165e-01
