0.000000000000000000e+00
3.276800000000000069e-04
6.553600000000000137e-04
9.830400000000001290e-04
1.310720000000000027e-03
1.638399999999999926e-03
1.966080000000000258e-03
2.293760000000000156e-03
2.621440000000000055e-03
2.949119999999999953e-03
3.276799999999999852e-03
3.604480000000000184e-03
3.932160000000000516e-03
4.259839999999999981e-03
4.587520000000000313e-03
4.915199999999999778e-03
5.242880000000000110e-03
5.570560000000000442e-03
5.898239999999999907e-03
6.225920000000000239e-03
6.553599999999999703e-03
6.881280000000000036e-03
7.208960000000000368e-03
7.536639999999999832e-03
7.864320000000001032e-03
8.191999999999999629e-03
8.519679999999999961e-03
8.847360000000000294e-03
9.175040000000000626e-03
9.502720000000000958e-03
9.830399999999999555e-03
1.015807999999999989e-02
1.048576000000000022e-02
1.081344000000000055e-02
1.114112000000000088e-02
1.146879999999999948e-02
1.179647999999999981e-02
1.212416000000000015e-02
1.245184000000000048e-02
1.277952000000000081e-02
1.310719999999999941e-02
1.343487999999999974e-02
1.376256000000000007e-02
1.409024000000000040e-02
1.441792000000000074e-02
1.474560000000000107e-02
1.507327999999999966e-02
1.540096000000000000e-02
1.572864000000000206e-02
1.605631999999999893e-02
1.638399999999999926e-02
1.671167999999999959e-02
1.703935999999999992e-02
1.736704000000000025e-02
1.769472000000000059e-02
1.802240000000000092e-02
1.835008000000000125e-02
1.867776000000000158e-02
1.900544000000000192e-02
1.933311999999999878e-02
1.966079999999999911e-02
1.998847999999999944e-02
2.031615999999999977e-02
2.064384000000000011e-02
2.097152000000000044e-02
2.129920000000000077e-02
2.162688000000000110e-02
2.195456000000000144e-02
2.228224000000000177e-02
2.260992000000000210e-02
2.293759999999999896e-02
2.326527999999999929e-02
2.359295999999999963e-02
2.392063999999999996e-02
2.424832000000000029e-02
2.457600000000000062e-02
2.490368000000000095e-02
2.523136000000000129e-02
2.555904000000000162e-02
2.588672000000000195e-02
2.621439999999999881e-02
2.654207999999999915e-02
2.686975999999999948e-02
2.719743999999999981e-02
2.752512000000000014e-02
2.785280000000000047e-02
2.818048000000000081e-02
2.850816000000000114e-02
2.883584000000000147e-02
2.916352000000000180e-02
2.949120000000000213e-02
2.981887999999999900e-02
3.014655999999999933e-02
3.047423999999999966e-02
3.080191999999999999e-02
3.112960000000000033e-02
3.145728000000000413e-02
3.178496000000000099e-02
3.211263999999999785e-02
3.244032000000000165e-02
3.276799999999999852e-02
3.309568000000000232e-02
3.342335999999999918e-02
3.375104000000000298e-02
3.407871999999999985e-02
3.440640000000000365e-02
3.473408000000000051e-02
3.506175999999999737e-02
3.538944000000000117e-02
3.571711999999999804e-02
3.604480000000000184e-02
3.637247999999999870e-02
3.670016000000000250e-02
3.702783999999999937e-02
3.735552000000000317e-02
3.768320000000000003e-02
3.801088000000000383e-02
3.833856000000000069e-02
3.866623999999999756e-02
3.899392000000000136e-02
3.932159999999999822e-02
3.964928000000000202e-02
3.997695999999999888e-02
4.030464000000000269e-02
4.063231999999999955e-02
4.096000000000000335e-02
4.128768000000000021e-02
4.161536000000000401e-02
4.194304000000000088e-02
4.227071999999999774e-02
4.259840000000000154e-02
4.292607999999999840e-02
4.325376000000000221e-02
4.358143999999999907e-02
4.390912000000000287e-02
4.423679999999999973e-02
4.456448000000000353e-02
4.489216000000000040e-02
4.521984000000000420e-02
4.554752000000000106e-02
4.587519999999999792e-02
4.620288000000000173e-02
4.653055999999999859e-02
4.685824000000000239e-02
4.718591999999999925e-02
4.751360000000000305e-02
4.784127999999999992e-02
4.816896000000000372e-02
4.849664000000000058e-02
4.882432000000000438e-02
4.915200000000000125e-02
4.947967999999999811e-02
4.980736000000000191e-02
5.013503999999999877e-02
5.046272000000000257e-02
5.079039999999999944e-02
5.111808000000000324e-02
5.144576000000000010e-02
5.177344000000000390e-02
5.210112000000000076e-02
5.242879999999999763e-02
5.275648000000000143e-02
5.308415999999999829e-02
5.341184000000000209e-02
5.373951999999999896e-02
5.406720000000000276e-02
5.439487999999999962e-02
5.472256000000000342e-02
5.505024000000000028e-02
5.537792000000000409e-02
5.570560000000000095e-02
5.603327999999999781e-02
5.636096000000000161e-02
5.668863999999999848e-02
5.701632000000000228e-02
5.734399999999999914e-02
5.767168000000000294e-02
5.799935999999999980e-02
5.832704000000000361e-02
5.865472000000000047e-02
5.898240000000000427e-02
5.931008000000000113e-02
5.963775999999999800e-02
5.996544000000000180e-02
6.029311999999999866e-02
6.062080000000000246e-02
6.094847999999999932e-02
6.127616000000000313e-02
6.160383999999999999e-02
6.193152000000000379e-02
6.225920000000000065e-02
6.258687999999999751e-02
6.291456000000000826e-02
6.324224000000000512e-02
6.356992000000000198e-02
6.389759999999999884e-02
6.422527999999999571e-02
6.455296000000000645e-02
6.488064000000000331e-02
6.520832000000000017e-02
6.553599999999999703e-02
6.586368000000000777e-02
6.619136000000000464e-02
6.651904000000000150e-02
6.684671999999999836e-02
6.717439999999999523e-02
6.750208000000000597e-02
6.782976000000000283e-02
6.815743999999999969e-02
6.848511999999999655e-02
6.881280000000000729e-02
6.914048000000000416e-02
6.946816000000000102e-02
6.979583999999999788e-02
7.012351999999999475e-02
7.045120000000000549e-02
7.077888000000000235e-02
7.110655999999999921e-02
7.143423999999999607e-02
7.176192000000000681e-02
7.208960000000000368e-02
7.241728000000000054e-02
7.274495999999999740e-02
7.307264000000000814e-02
7.340032000000000501e-02
7.372800000000000187e-02
7.405567999999999873e-02
7.438335999999999559e-02
7.471104000000000633e-02
7.503872000000000320e-02
7.536640000000000006e-02
7.569407999999999692e-02
7.602176000000000766e-02
7.634944000000000452e-02
7.667712000000000139e-02
7.700479999999999825e-02
7.733247999999999511e-02
7.766016000000000585e-02
7.798784000000000272e-02
7.831551999999999958e-02
7.864319999999999644e-02
7.897088000000000718e-02
7.929856000000000404e-02
7.962624000000000091e-02
7.995391999999999777e-02
8.028160000000000851e-02
8.060928000000000537e-02
8.093696000000000224e-02
8.126463999999999910e-02
8.159231999999999596e-02
8.192000000000000670e-02
8.224768000000000356e-02
8.257536000000000043e-02
8.290303999999999729e-02
8.323072000000000803e-02
8.355840000000000489e-02
8.388608000000000176e-02
8.421375999999999862e-02
8.454143999999999548e-02
8.486912000000000622e-02
8.519680000000000308e-02
8.552447999999999995e-02
8.585215999999999681e-02
8.617984000000000755e-02
8.650752000000000441e-02
8.683520000000000127e-02
8.716287999999999814e-02
8.749055999999999500e-02
8.781824000000000574e-02
8.814592000000000260e-02
8.847359999999999947e-02
8.880127999999999633e-02
8.912896000000000707e-02
8.945664000000000393e-02
8.978432000000000079e-02
9.011199999999999766e-02
9.043968000000000840e-02
9.076736000000000526e-02
9.109504000000000212e-02
9.142271999999999899e-02
9.175039999999999585e-02
9.207808000000000659e-02
9.240576000000000345e-02
9.273344000000000031e-02
9.306111999999999718e-02
9.338880000000000792e-02
9.371648000000000478e-02
9.404416000000000164e-02
9.437183999999999851e-02
9.469951999999999537e-02
9.502720000000000611e-02
9.535488000000000297e-02
9.568255999999999983e-02
9.601023999999999670e-02
9.633792000000000744e-02
9.666560000000000430e-02
9.699328000000000116e-02
9.732095999999999802e-02
9.764864000000000877e-02
9.797632000000000563e-02
9.830400000000000249e-02
9.863167999999999935e-02
9.895935999999999622e-02
9.928704000000000696e-02
9.961472000000000382e-02
9.994240000000000068e-02
1.002700799999999975e-01
1.005977600000000083e-01
1.009254400000000051e-01
1.012531200000000020e-01
1.015807999999999989e-01
1.019084799999999957e-01
1.022361600000000065e-01
1.025638400000000033e-01
1.028915200000000002e-01
1.032191999999999971e-01
1.035468800000000078e-01
1.038745600000000047e-01
1.042022400000000015e-01
1.045299199999999984e-01
1.048575999999999953e-01
1.051852800000000060e-01
1.055129600000000029e-01
1.058406399999999997e-01
1.061683199999999966e-01
1.064960000000000073e-01
1.068236800000000042e-01
1.071513600000000010e-01
1.074790399999999979e-01
1.078067200000000087e-01
1.081344000000000055e-01
1.084620800000000024e-01
1.087897599999999992e-01
1.091174399999999961e-01
1.094451200000000068e-01
1.097728000000000037e-01
1.101004800000000006e-01
1.104281599999999974e-01
1.107558400000000082e-01
1.110835200000000050e-01
1.114112000000000019e-01
1.117388799999999988e-01
1.120665599999999956e-01
1.123942400000000064e-01
1.127219200000000032e-01
1.130496000000000001e-01
1.133772799999999970e-01
1.137049600000000077e-01
1.140326400000000046e-01
1.143603200000000014e-01
1.146879999999999983e-01
1.150156800000000090e-01
1.153433600000000059e-01
1.156710400000000027e-01
1.159987199999999996e-01
1.163263999999999965e-01
1.166540800000000072e-01
1.169817600000000041e-01
1.173094400000000009e-01
1.176371199999999978e-01
1.179648000000000085e-01
1.182924800000000054e-01
1.186201600000000023e-01
1.189478399999999991e-01
1.192755199999999960e-01
1.196032000000000067e-01
1.199308800000000036e-01
1.202585600000000005e-01
1.205862399999999973e-01
1.209139200000000081e-01
1.212416000000000049e-01
1.215692800000000018e-01
1.218969599999999986e-01
1.222246400000000094e-01
1.225523200000000063e-01
1.228800000000000031e-01
1.232076800000000000e-01
1.235353599999999968e-01
1.238630400000000076e-01
1.241907200000000044e-01
1.245184000000000013e-01
1.248460799999999982e-01
1.251737599999999950e-01
1.255014399999999919e-01
1.258291200000000165e-01
1.261568000000000134e-01
1.264844800000000102e-01
1.268121600000000071e-01
1.271398400000000040e-01
1.274675200000000008e-01
1.277951999999999977e-01
1.281228799999999945e-01
1.284505599999999914e-01
1.287782400000000160e-01
1.291059200000000129e-01
1.294336000000000098e-01
1.297612800000000066e-01
1.300889600000000035e-01
1.304166400000000003e-01
1.307443199999999972e-01
1.310719999999999941e-01
1.313996799999999909e-01
1.317273600000000155e-01
1.320550400000000124e-01
1.323827200000000093e-01
1.327104000000000061e-01
1.330380800000000030e-01
1.333657599999999999e-01
1.336934399999999967e-01
1.340211199999999936e-01
1.343487999999999905e-01
1.346764800000000151e-01
1.350041600000000119e-01
1.353318400000000088e-01
1.356595200000000057e-01
1.359872000000000025e-01
1.363148799999999994e-01
1.366425599999999962e-01
1.369702399999999931e-01
1.372979199999999900e-01
1.376256000000000146e-01
1.379532800000000115e-01
1.382809600000000083e-01
1.386086400000000052e-01
1.389363200000000020e-01
1.392639999999999989e-01
1.395916799999999958e-01
1.399193599999999926e-01
1.402470399999999895e-01
1.405747200000000141e-01
1.409024000000000110e-01
1.412300800000000078e-01
1.415577600000000047e-01
1.418854400000000016e-01
1.422131199999999984e-01
1.425407999999999953e-01
1.428684799999999921e-01
1.431961600000000168e-01
1.435238400000000136e-01
1.438515200000000105e-01
1.441792000000000074e-01
1.445068800000000042e-01
1.448345600000000011e-01
1.451622399999999979e-01
1.454899199999999948e-01
1.458175999999999917e-01
1.461452800000000163e-01
1.464729600000000131e-01
1.468006400000000100e-01
1.471283200000000069e-01
1.474560000000000037e-01
1.477836800000000006e-01
1.481113599999999975e-01
1.484390399999999943e-01
1.487667199999999912e-01
1.490944000000000158e-01
1.494220800000000127e-01
1.497497600000000095e-01
1.500774400000000064e-01
1.504051200000000033e-01
1.507328000000000001e-01
1.510604799999999970e-01
1.513881599999999938e-01
1.517158399999999907e-01
1.520435200000000153e-01
1.523712000000000122e-01
1.526988800000000090e-01
1.530265600000000059e-01
1.533542400000000028e-01
1.536819199999999996e-01
1.540095999999999965e-01
1.543372799999999934e-01
1.546649599999999902e-01
1.549926400000000148e-01
1.553203200000000117e-01
1.556480000000000086e-01
1.559756800000000054e-01
1.563033600000000023e-01
1.566310399999999992e-01
1.569587199999999960e-01
1.572863999999999929e-01
1.576140799999999897e-01
1.579417600000000144e-01
1.582694400000000112e-01
1.585971200000000081e-01
1.589248000000000050e-01
1.592524800000000018e-01
1.595801599999999987e-01
1.599078399999999955e-01
1.602355199999999924e-01
1.605632000000000170e-01
1.608908800000000139e-01
1.612185600000000107e-01
1.615462400000000076e-01
1.618739200000000045e-01
1.622016000000000013e-01
1.625292799999999982e-01
1.628569599999999951e-01
1.631846399999999919e-01
1.635123200000000165e-01
1.638400000000000134e-01
1.641676800000000103e-01
1.644953600000000071e-01
1.648230400000000040e-01
1.651507200000000009e-01
1.654783999999999977e-01
1.658060799999999946e-01
1.661337599999999914e-01
1.664614400000000161e-01
1.667891200000000129e-01
1.671168000000000098e-01
1.674444800000000066e-01
1.677721600000000035e-01
1.680998400000000004e-01
1.684275199999999972e-01
1.687551999999999941e-01
1.690828799999999910e-01
1.694105600000000156e-01
1.697382400000000124e-01
1.700659200000000093e-01
1.703936000000000062e-01
1.707212800000000030e-01
1.710489599999999999e-01
1.713766399999999968e-01
1.717043199999999936e-01
1.720319999999999905e-01
1.723596800000000151e-01
1.726873600000000120e-01
1.730150400000000088e-01
1.733427200000000057e-01
1.736704000000000025e-01
1.739980799999999994e-01
1.743257599999999963e-01
1.746534399999999931e-01
1.749811199999999900e-01
1.753088000000000146e-01
1.756364800000000115e-01
1.759641600000000083e-01
1.762918400000000052e-01
1.766195200000000021e-01
1.769471999999999989e-01
1.772748799999999958e-01
1.776025599999999927e-01
1.779302400000000173e-01
1.782579200000000141e-01
1.785856000000000110e-01
1.789132800000000079e-01
1.792409600000000047e-01
1.795686400000000016e-01
1.798963199999999985e-01
1.802239999999999953e-01
1.805516799999999922e-01
1.808793600000000168e-01
1.812070400000000137e-01
1.815347200000000105e-01
1.818624000000000074e-01
1.821900800000000042e-01
1.825177600000000011e-01
1.828454399999999980e-01
1.831731199999999948e-01
1.835007999999999917e-01
1.838284800000000163e-01
1.841561600000000132e-01
1.844838400000000100e-01
1.848115200000000069e-01
1.851392000000000038e-01
1.854668800000000006e-01
1.857945599999999975e-01
1.861222399999999944e-01
1.864499199999999912e-01
1.867776000000000158e-01
1.871052800000000127e-01
1.874329600000000096e-01
1.877606400000000064e-01
1.880883200000000033e-01
1.884160000000000001e-01
1.887436799999999970e-01
1.890713599999999939e-01
1.893990399999999907e-01
1.897267200000000154e-01
1.900544000000000122e-01
1.903820800000000091e-01
1.907097600000000059e-01
1.910374400000000028e-01
1.913651199999999997e-01
1.916927999999999965e-01
1.920204799999999934e-01
1.923481599999999903e-01
1.926758400000000149e-01
1.930035200000000117e-01
1.933312000000000086e-01
1.936588800000000055e-01
1.939865600000000023e-01
1.943142399999999992e-01
1.946419199999999960e-01
1.949695999999999929e-01
1.952972800000000175e-01
1.956249600000000144e-01
1.959526400000000113e-01
1.962803200000000081e-01
1.966080000000000050e-01
1.969356800000000018e-01
1.972633599999999987e-01
1.975910399999999956e-01
1.979187199999999924e-01
1.982464000000000170e-01
1.985740800000000139e-01
1.989017600000000108e-01
1.992294400000000076e-01
1.995571200000000045e-01
1.998848000000000014e-01
2.002124799999999982e-01
2.005401599999999951e-01
2.008678399999999920e-01
2.011955200000000166e-01
2.015232000000000134e-01
2.018508800000000103e-01
2.021785600000000072e-01
2.025062400000000040e-01
2.028339200000000009e-01
2.031615999999999977e-01
2.034892799999999946e-01
2.038169599999999915e-01
2.041446400000000161e-01
2.044723200000000130e-01
2.048000000000000098e-01
2.051276800000000067e-01
2.054553600000000035e-01
2.057830400000000004e-01
2.061107199999999973e-01
2.064383999999999941e-01
2.067660799999999910e-01
2.070937600000000156e-01
2.074214400000000125e-01
2.077491200000000093e-01
2.080768000000000062e-01
2.084044800000000031e-01
2.087321599999999999e-01
2.090598399999999968e-01
2.093875199999999936e-01
2.097151999999999905e-01
2.100428800000000151e-01
2.103705600000000120e-01
2.106982400000000089e-01
2.110259200000000057e-01
2.113536000000000026e-01
2.116812799999999994e-01
2.120089599999999963e-01
2.123366399999999932e-01
2.126643200000000178e-01
2.129920000000000146e-01
2.133196800000000115e-01
2.136473600000000084e-01
2.139750400000000052e-01
2.143027200000000021e-01
2.146303999999999990e-01
2.149580799999999958e-01
2.152857599999999927e-01
2.156134400000000173e-01
2.159411200000000142e-01
2.162688000000000110e-01
2.165964800000000079e-01
2.169241600000000048e-01
2.172518400000000016e-01
2.175795199999999985e-01
2.179071999999999953e-01
2.182348799999999922e-01
2.185625600000000168e-01
2.188902400000000137e-01
2.192179200000000105e-01
2.195456000000000074e-01
2.198732800000000043e-01
2.202009600000000011e-01
2.205286399999999980e-01
2.208563199999999949e-01
2.211839999999999917e-01
2.215116800000000163e-01
2.218393600000000132e-01
2.221670400000000101e-01
2.224947200000000069e-01
2.228224000000000038e-01
2.231500800000000007e-01
2.234777599999999975e-01
2.238054399999999944e-01
2.241331199999999912e-01
2.244608000000000159e-01
2.247884800000000127e-01
2.251161600000000096e-01
2.254438400000000065e-01
2.257715200000000033e-01
2.260992000000000002e-01
2.264268799999999970e-01
2.267545599999999939e-01
2.270822400000000185e-01
2.274099200000000154e-01
2.277376000000000122e-01
2.280652800000000091e-01
2.283929600000000060e-01
2.287206400000000028e-01
2.290483199999999997e-01
2.293759999999999966e-01
2.297036799999999934e-01
2.300313600000000180e-01
2.303590400000000149e-01
2.306867200000000118e-01
2.310144000000000086e-01
2.313420800000000055e-01
2.316697600000000024e-01
2.319974399999999992e-01
2.323251199999999961e-01
2.326527999999999929e-01
2.329804800000000176e-01
2.333081600000000144e-01
2.336358400000000113e-01
2.339635200000000081e-01
2.342912000000000050e-01
2.346188800000000019e-01
2.349465599999999987e-01
2.352742399999999956e-01
2.356019199999999925e-01
2.359296000000000171e-01
2.362572800000000139e-01
2.365849600000000108e-01
2.369126400000000077e-01
2.372403200000000045e-01
2.375680000000000014e-01
2.378956799999999983e-01
2.382233599999999951e-01
2.385510399999999920e-01
2.388787200000000166e-01
2.392064000000000135e-01
2.395340800000000103e-01
2.398617600000000072e-01
2.401894400000000040e-01
2.405171200000000009e-01
2.408447999999999978e-01
2.411724799999999946e-01
2.415001599999999915e-01
2.418278400000000161e-01
2.421555200000000130e-01
2.424832000000000098e-01
2.428108800000000067e-01
2.431385600000000036e-01
2.434662400000000004e-01
2.437939199999999973e-01
2.441215999999999942e-01
2.444492800000000188e-01
2.447769600000000156e-01
2.451046400000000125e-01
2.454323200000000094e-01
2.457600000000000062e-01
2.460876800000000031e-01
2.464153600000000000e-01
2.467430399999999968e-01
2.470707199999999937e-01
2.473984000000000183e-01
2.477260800000000152e-01
2.480537600000000120e-01
2.483814400000000089e-01
2.487091200000000057e-01
2.490368000000000026e-01
2.493644799999999995e-01
2.496921599999999963e-01
2.500198399999999932e-01
2.503475199999999901e-01
2.506751999999999869e-01
2.510028799999999838e-01
2.513305599999999806e-01
2.516582400000000330e-01
2.519859200000000299e-01
2.523136000000000267e-01
2.526412800000000236e-01
2.529689600000000205e-01
2.532966400000000173e-01
2.536243200000000142e-01
2.539520000000000111e-01
2.542796800000000079e-01
2.546073600000000048e-01
2.549350400000000016e-01
2.552627199999999985e-01
2.555903999999999954e-01
2.559180799999999922e-01
2.562457599999999891e-01
2.565734399999999860e-01
2.569011199999999828e-01
2.572287999999999797e-01
2.575564800000000321e-01
2.578841600000000289e-01
2.582118400000000258e-01
2.585395200000000226e-01
2.588672000000000195e-01
2.591948800000000164e-01
2.595225600000000132e-01
2.598502400000000101e-01
2.601779200000000070e-01
2.605056000000000038e-01
2.608332800000000007e-01
2.611609599999999975e-01
2.614886399999999944e-01
2.618163199999999913e-01
2.621439999999999881e-01
2.624716799999999850e-01
2.627993599999999819e-01
2.631270399999999787e-01
2.634547200000000311e-01
2.637824000000000280e-01
2.641100800000000248e-01
2.644377600000000217e-01
2.647654400000000185e-01
2.650931200000000154e-01
2.654208000000000123e-01
2.657484800000000091e-01
2.660761600000000060e-01
2.664038400000000029e-01
2.667315199999999997e-01
2.670591999999999966e-01
2.673868799999999935e-01
2.677145599999999903e-01
2.680422399999999872e-01
2.683699199999999840e-01
2.686975999999999809e-01
2.690252800000000333e-01
2.693529600000000301e-01
2.696806400000000270e-01
2.700083200000000239e-01
2.703360000000000207e-01
2.706636800000000176e-01
2.709913600000000145e-01
2.713190400000000113e-01
2.716467200000000082e-01
2.719744000000000050e-01
2.723020800000000019e-01
2.726297599999999988e-01
2.729574399999999956e-01
2.732851199999999925e-01
2.736127999999999894e-01
2.739404799999999862e-01
2.742681599999999831e-01
2.745958399999999799e-01
2.749235200000000323e-01
2.752512000000000292e-01
2.755788800000000260e-01
2.759065600000000229e-01
2.762342400000000198e-01
2.765619200000000166e-01
2.768896000000000135e-01
2.772172800000000104e-01
2.775449600000000072e-01
2.778726400000000041e-01
2.782003200000000009e-01
2.785279999999999978e-01
2.788556799999999947e-01
2.791833599999999915e-01
2.795110399999999884e-01
2.798387199999999853e-01
2.801663999999999821e-01
2.804940799999999790e-01
2.808217600000000314e-01
2.811494400000000282e-01
2.814771200000000251e-01
2.818048000000000219e-01
2.821324800000000188e-01
2.824601600000000157e-01
2.827878400000000125e-01
2.831155200000000094e-01
2.834432000000000063e-01
2.837708800000000031e-01
2.840985600000000000e-01
2.844262399999999968e-01
2.847539199999999937e-01
2.850815999999999906e-01
2.854092799999999874e-01
2.857369599999999843e-01
2.860646399999999812e-01
2.863923200000000335e-01
2.867200000000000304e-01
2.870476800000000273e-01
2.873753600000000241e-01
2.877030400000000210e-01
2.880307200000000178e-01
2.883584000000000147e-01
2.886860800000000116e-01
2.890137600000000084e-01
2.893414400000000053e-01
2.896691200000000022e-01
2.899967999999999990e-01
2.903244799999999959e-01
2.906521599999999927e-01
2.909798399999999896e-01
2.913075199999999865e-01
2.916351999999999833e-01
2.919628799999999802e-01
2.922905600000000326e-01
2.926182400000000294e-01
2.929459200000000263e-01
2.932736000000000232e-01
2.936012800000000200e-01
2.939289600000000169e-01
2.942566400000000137e-01
2.945843200000000106e-01
2.949120000000000075e-01
2.952396800000000043e-01
2.955673600000000012e-01
2.958950399999999981e-01
2.962227199999999949e-01
2.965503999999999918e-01
2.968780799999999886e-01
2.972057599999999855e-01
2.975334399999999824e-01
2.978611199999999792e-01
2.981888000000000316e-01
2.985164800000000285e-01
2.988441600000000253e-01
2.991718400000000222e-01
2.994995200000000191e-01
2.998272000000000159e-01
3.001548800000000128e-01
3.004825600000000096e-01
3.008102400000000065e-01
3.011379200000000034e-01
3.014656000000000002e-01
3.017932799999999971e-01
3.021209599999999940e-01
3.024486399999999908e-01
3.027763199999999877e-01
3.031039999999999845e-01
3.034316799999999814e-01
3.037593600000000338e-01
3.040870400000000306e-01
3.044147200000000275e-01
3.047424000000000244e-01
3.050700800000000212e-01
3.053977600000000181e-01
3.057254400000000150e-01
3.060531200000000118e-01
3.063808000000000087e-01
3.067084800000000055e-01
3.070361600000000024e-01
3.073638399999999993e-01
3.076915199999999961e-01
3.080191999999999930e-01
3.083468799999999899e-01
3.086745599999999867e-01
3.090022399999999836e-01
3.093299199999999805e-01
3.096576000000000328e-01
3.099852800000000297e-01
3.103129600000000266e-01
3.106406400000000234e-01
3.109683200000000203e-01
3.112960000000000171e-01
3.116236800000000140e-01
3.119513600000000109e-01
3.122790400000000077e-01
3.126067200000000046e-01
3.129344000000000015e-01
3.132620799999999983e-01
3.135897599999999952e-01
3.139174399999999920e-01
3.142451199999999889e-01
3.145727999999999858e-01
3.149004799999999826e-01
3.152281599999999795e-01
3.155558400000000319e-01
3.158835200000000287e-01
3.162112000000000256e-01
3.165388800000000225e-01
3.168665600000000193e-01
3.171942400000000162e-01
3.175219200000000130e-01
3.178496000000000099e-01
3.181772800000000068e-01
3.185049600000000036e-01
3.188326400000000005e-01
3.191603199999999974e-01
3.194879999999999942e-01
3.198156799999999911e-01
3.201433599999999879e-01
3.204710399999999848e-01
3.207987199999999817e-01
3.211264000000000340e-01
3.214540800000000309e-01
3.217817600000000278e-01
3.221094400000000246e-01
3.224371200000000215e-01
3.227648000000000184e-01
3.230924800000000152e-01
3.234201600000000121e-01
3.237478400000000089e-01
3.240755200000000058e-01
3.244032000000000027e-01
3.247308799999999995e-01
3.250585599999999964e-01
3.253862399999999933e-01
3.257139199999999901e-01
3.260415999999999870e-01
3.263692799999999838e-01
3.266969599999999807e-01
3.270246400000000331e-01
3.273523200000000299e-01
3.276800000000000268e-01
3.280076800000000237e-01
3.283353600000000205e-01
3.286630400000000174e-01
3.289907200000000143e-01
3.293184000000000111e-01
3.296460800000000080e-01
3.299737600000000048e-01
3.303014400000000017e-01
3.306291199999999986e-01
3.309567999999999954e-01
3.312844799999999923e-01
3.316121599999999892e-01
3.319398399999999860e-01
3.322675199999999829e-01
3.325951999999999797e-01
3.329228800000000321e-01
3.332505600000000290e-01
3.335782400000000258e-01
3.339059200000000227e-01
3.342336000000000196e-01
3.345612800000000164e-01
3.348889600000000133e-01
3.352166400000000102e-01
3.355443200000000070e-01
3.358720000000000039e-01
3.361996800000000007e-01
3.365273599999999976e-01
3.368550399999999945e-01
3.371827199999999913e-01
3.375103999999999882e-01
3.378380799999999851e-01
3.381657599999999819e-01
3.384934400000000343e-01
3.388211200000000312e-01
3.391488000000000280e-01
3.394764800000000249e-01
3.398041600000000217e-01
3.401318400000000186e-01
3.404595200000000155e-01
3.407872000000000123e-01
3.411148800000000092e-01
3.414425600000000061e-01
3.417702400000000029e-01
3.420979199999999998e-01
3.424255999999999966e-01
3.427532799999999935e-01
3.430809599999999904e-01
3.434086399999999872e-01
3.437363199999999841e-01
3.440639999999999810e-01
3.443916800000000333e-01
3.447193600000000302e-01
3.450470400000000271e-01
3.453747200000000239e-01
3.457024000000000208e-01
3.460300800000000176e-01
3.463577600000000145e-01
3.466854400000000114e-01
3.470131200000000082e-01
3.473408000000000051e-01
3.476684800000000020e-01
3.479961599999999988e-01
3.483238399999999957e-01
3.486515199999999925e-01
3.489791999999999894e-01
3.493068799999999863e-01
3.496345599999999831e-01
3.499622399999999800e-01
3.502899200000000324e-01
3.506176000000000292e-01
3.509452800000000261e-01
3.512729600000000230e-01
3.516006400000000198e-01
3.519283200000000167e-01
3.522560000000000136e-01
3.525836800000000104e-01
3.529113600000000073e-01
3.532390400000000041e-01
3.535667200000000010e-01
3.538943999999999979e-01
3.542220799999999947e-01
3.545497599999999916e-01
3.548774399999999885e-01
3.552051199999999853e-01
3.555327999999999822e-01
3.558604800000000346e-01
3.561881600000000314e-01
3.565158400000000283e-01
3.568435200000000251e-01
3.571712000000000220e-01
3.574988800000000189e-01
3.578265600000000157e-01
3.581542400000000126e-01
3.584819200000000095e-01
3.588096000000000063e-01
3.591372800000000032e-01
3.594649600000000000e-01
3.597926399999999969e-01
3.601203199999999938e-01
3.604479999999999906e-01
3.607756799999999875e-01
3.611033599999999844e-01
3.614310399999999812e-01
3.617587200000000336e-01
3.620864000000000305e-01
3.624140800000000273e-01
3.627417600000000242e-01
3.630694400000000210e-01
3.633971200000000179e-01
3.637248000000000148e-01
3.640524800000000116e-01
3.643801600000000085e-01
3.647078400000000054e-01
3.650355200000000022e-01
3.653631999999999991e-01
3.656908799999999959e-01
3.660185599999999928e-01
3.663462399999999897e-01
3.666739199999999865e-01
3.670015999999999834e-01
3.673292799999999803e-01
3.676569600000000326e-01
3.679846400000000295e-01
3.683123200000000264e-01
3.686400000000000232e-01
3.689676800000000201e-01
3.692953600000000169e-01
3.696230400000000138e-01
3.699507200000000107e-01
3.702784000000000075e-01
3.706060800000000044e-01
3.709337600000000013e-01
3.712614399999999981e-01
3.715891199999999950e-01
3.719167999999999918e-01
3.722444799999999887e-01
3.725721599999999856e-01
3.728998399999999824e-01
3.732275200000000348e-01
3.735552000000000317e-01
3.738828800000000285e-01
3.742105600000000254e-01
3.745382400000000223e-01
3.748659200000000191e-01
3.751936000000000160e-01
3.755212800000000128e-01
3.758489600000000097e-01
3.761766400000000066e-01
3.765043200000000034e-01
3.768320000000000003e-01
3.771596799999999972e-01
3.774873599999999940e-01
3.778150399999999909e-01
3.781427199999999877e-01
3.784703999999999846e-01
3.787980799999999815e-01
3.791257600000000338e-01
3.794534400000000307e-01
3.797811200000000276e-01
3.801088000000000244e-01
3.804364800000000213e-01
3.807641600000000182e-01
3.810918400000000150e-01
3.814195200000000119e-01
3.817472000000000087e-01
3.820748800000000056e-01
3.824025600000000025e-01
3.827302399999999993e-01
3.830579199999999962e-01
3.833855999999999931e-01
3.837132799999999899e-01
3.840409599999999868e-01
3.843686399999999836e-01
3.846963199999999805e-01
3.850240000000000329e-01
3.853516800000000297e-01
3.856793600000000266e-01
3.860070400000000235e-01
3.863347200000000203e-01
3.866624000000000172e-01
3.869900800000000141e-01
3.873177600000000109e-01
3.876454400000000078e-01
3.879731200000000046e-01
3.883008000000000015e-01
3.886284799999999984e-01
3.889561599999999952e-01
3.892838399999999921e-01
3.896115199999999890e-01
3.899391999999999858e-01
3.902668799999999827e-01
3.905945600000000351e-01
3.909222400000000319e-01
3.912499200000000288e-01
3.915776000000000256e-01
3.919052800000000225e-01
3.922329600000000194e-01
3.925606400000000162e-01
3.928883200000000131e-01
3.932160000000000100e-01
3.935436800000000068e-01
3.938713600000000037e-01
3.941990400000000005e-01
3.945267199999999974e-01
3.948543999999999943e-01
3.951820799999999911e-01
3.955097599999999880e-01
3.958374399999999849e-01
3.961651199999999817e-01
3.964928000000000341e-01
3.968204800000000310e-01
3.971481600000000278e-01
3.974758400000000247e-01
3.978035200000000216e-01
3.981312000000000184e-01
3.984588800000000153e-01
3.987865600000000121e-01
3.991142400000000090e-01
3.994419200000000059e-01
3.997696000000000027e-01
4.000972799999999996e-01
4.004249599999999965e-01
4.007526399999999933e-01
4.010803199999999902e-01
4.014079999999999870e-01
4.017356799999999839e-01
4.020633599999999808e-01
4.023910400000000331e-01
4.027187200000000300e-01
4.030464000000000269e-01
4.033740800000000237e-01
4.037017600000000206e-01
4.040294400000000175e-01
4.043571200000000143e-01
4.046848000000000112e-01
4.050124800000000080e-01
4.053401600000000049e-01
4.056678400000000018e-01
4.059955199999999986e-01
4.063231999999999955e-01
4.066508799999999924e-01
4.069785599999999892e-01
4.073062399999999861e-01
4.076339199999999829e-01
4.079616000000000353e-01
4.082892800000000322e-01
4.086169600000000290e-01
4.089446400000000259e-01
4.092723200000000228e-01
4.096000000000000196e-01
4.099276800000000165e-01
4.102553600000000134e-01
4.105830400000000102e-01
4.109107200000000071e-01
4.112384000000000039e-01
4.115660800000000008e-01
4.118937599999999977e-01
4.122214399999999945e-01
4.125491199999999914e-01
4.128767999999999883e-01
4.132044799999999851e-01
4.135321599999999820e-01
4.138598400000000344e-01
4.141875200000000312e-01
4.145152000000000281e-01
4.148428800000000249e-01
4.151705600000000218e-01
4.154982400000000187e-01
4.158259200000000155e-01
4.161536000000000124e-01
4.164812800000000093e-01
4.168089600000000061e-01
4.171366400000000030e-01
4.174643199999999998e-01
4.177919999999999967e-01
4.181196799999999936e-01
4.184473599999999904e-01
4.187750399999999873e-01
4.191027199999999842e-01
4.194303999999999810e-01
4.197580800000000334e-01
4.200857600000000303e-01
4.204134400000000271e-01
4.207411200000000240e-01
4.210688000000000208e-01
4.213964800000000177e-01
4.217241600000000146e-01
4.220518400000000114e-01
4.223795200000000083e-01
4.227072000000000052e-01
4.230348800000000020e-01
4.233625599999999989e-01
4.236902399999999957e-01
4.240179199999999926e-01
4.243455999999999895e-01
4.246732799999999863e-01
4.250009599999999832e-01
4.253286400000000356e-01
4.256563200000000324e-01
4.259840000000000293e-01
4.263116800000000262e-01
4.266393600000000230e-01
4.269670400000000199e-01
4.272947200000000167e-01
4.276224000000000136e-01
4.279500800000000105e-01
4.282777600000000073e-01
4.286054400000000042e-01
4.289331200000000011e-01
4.292607999999999979e-01
4.295884799999999948e-01
4.299161599999999916e-01
4.302438399999999885e-01
4.305715199999999854e-01
4.308991999999999822e-01
4.312268800000000346e-01
4.315545600000000315e-01
4.318822400000000283e-01
4.322099200000000252e-01
4.325376000000000221e-01
4.328652800000000189e-01
4.331929600000000158e-01
4.335206400000000126e-01
4.338483200000000095e-01
4.341760000000000064e-01
4.345036800000000032e-01
4.348313600000000001e-01
4.351590399999999970e-01
4.354867199999999938e-01
4.358143999999999907e-01
4.361420799999999875e-01
4.364697599999999844e-01
4.367974400000000368e-01
4.371251200000000336e-01
4.374528000000000305e-01
4.377804800000000274e-01
4.381081600000000242e-01
4.384358400000000211e-01
4.387635200000000180e-01
4.390912000000000148e-01
4.394188800000000117e-01
4.397465600000000086e-01
4.400742400000000054e-01
4.404019200000000023e-01
4.407295999999999991e-01
4.410572799999999960e-01
4.413849599999999929e-01
4.417126399999999897e-01
4.420403199999999866e-01
4.423679999999999835e-01
4.426956800000000358e-01
4.430233600000000327e-01
4.433510400000000296e-01
4.436787200000000264e-01
4.440064000000000233e-01
4.443340800000000201e-01
4.446617600000000170e-01
4.449894400000000139e-01
4.453171200000000107e-01
4.456448000000000076e-01
4.459724800000000045e-01
4.463001600000000013e-01
4.466278399999999982e-01
4.469555199999999950e-01
4.472831999999999919e-01
4.476108799999999888e-01
4.479385599999999856e-01
4.482662399999999825e-01
4.485939200000000349e-01
4.489216000000000317e-01
4.492492800000000286e-01
4.495769600000000255e-01
4.499046400000000223e-01
4.502323200000000192e-01
4.505600000000000160e-01
4.508876800000000129e-01
4.512153600000000098e-01
4.515430400000000066e-01
4.518707200000000035e-01
4.521984000000000004e-01
4.525260799999999972e-01
4.528537599999999941e-01
4.531814399999999909e-01
4.535091199999999878e-01
4.538367999999999847e-01
4.541644800000000370e-01
4.544921600000000339e-01
4.548198400000000308e-01
4.551475200000000276e-01
4.554752000000000245e-01
4.558028800000000214e-01
4.561305600000000182e-01
4.564582400000000151e-01
4.567859200000000119e-01
4.571136000000000088e-01
4.574412800000000057e-01
4.577689600000000025e-01
4.580966399999999994e-01
4.584243199999999963e-01
4.587519999999999931e-01
4.590796799999999900e-01
4.594073599999999868e-01
4.597350399999999837e-01
4.600627200000000361e-01
4.603904000000000329e-01
4.607180800000000298e-01
4.610457600000000267e-01
4.613734400000000235e-01
4.617011200000000204e-01
4.620288000000000173e-01
4.623564800000000141e-01
4.626841600000000110e-01
4.630118400000000078e-01
4.633395200000000047e-01
4.636672000000000016e-01
4.639948799999999984e-01
4.643225599999999953e-01
4.646502399999999922e-01
4.649779199999999890e-01
4.653055999999999859e-01
4.656332799999999827e-01
4.659609600000000351e-01
4.662886400000000320e-01
4.666163200000000288e-01
4.669440000000000257e-01
4.672716800000000226e-01
4.675993600000000194e-01
4.679270400000000163e-01
4.682547200000000132e-01
4.685824000000000100e-01
4.689100800000000069e-01
4.692377600000000037e-01
4.695654400000000006e-01
4.698931199999999975e-01
4.702207999999999943e-01
4.705484799999999912e-01
4.708761599999999881e-01
4.712038399999999849e-01
4.715315200000000373e-01
4.718592000000000342e-01
4.721868800000000310e-01
4.725145600000000279e-01
4.728422400000000247e-01
4.731699200000000216e-01
4.734976000000000185e-01
4.738252800000000153e-01
4.741529600000000122e-01
4.744806400000000091e-01
4.748083200000000059e-01
4.751360000000000028e-01
4.754636799999999996e-01
4.757913599999999965e-01
4.761190399999999934e-01
4.764467199999999902e-01
4.767743999999999871e-01
4.771020799999999840e-01
4.774297600000000363e-01
4.777574400000000332e-01
4.780851200000000301e-01
4.784128000000000269e-01
4.787404800000000238e-01
4.790681600000000206e-01
4.793958400000000175e-01
4.797235200000000144e-01
4.800512000000000112e-01
4.803788800000000081e-01
4.807065600000000050e-01
4.810342400000000018e-01
4.813619199999999987e-01
4.816895999999999955e-01
4.820172799999999924e-01
4.823449599999999893e-01
4.826726399999999861e-01
4.830003199999999830e-01
4.833280000000000354e-01
4.836556800000000322e-01
4.839833600000000291e-01
4.843110400000000260e-01
4.846387200000000228e-01
4.849664000000000197e-01
4.852940800000000166e-01
4.856217600000000134e-01
4.859494400000000103e-01
4.862771200000000071e-01
4.866048000000000040e-01
4.869324800000000009e-01
4.872601599999999977e-01
4.875878399999999946e-01
4.879155199999999915e-01
4.882431999999999883e-01
4.885708799999999852e-01
4.888985600000000376e-01
4.892262400000000344e-01
4.895539200000000313e-01
4.898816000000000281e-01
4.902092800000000250e-01
4.905369600000000219e-01
4.908646400000000187e-01
4.911923200000000156e-01
4.915200000000000125e-01
4.918476800000000093e-01
4.921753600000000062e-01
4.925030400000000030e-01
4.928307199999999999e-01
4.931583999999999968e-01
4.934860799999999936e-01
4.938137599999999905e-01
4.941414399999999874e-01
4.944691199999999842e-01
4.947968000000000366e-01
4.951244800000000335e-01
4.954521600000000303e-01
4.957798400000000272e-01
4.961075200000000240e-01
4.964352000000000209e-01
4.967628800000000178e-01
4.970905600000000146e-01
4.974182400000000115e-01
4.977459200000000084e-01
4.980736000000000052e-01
4.984012800000000021e-01
4.987289599999999989e-01
4.990566399999999958e-01
4.993843199999999927e-01
4.997119999999999895e-01
5.000396799999999864e-01
5.003673600000000388e-01
5.006950399999999801e-01
5.010227200000000325e-01
5.013503999999999738e-01
5.016780800000000262e-01
5.020057599999999676e-01
5.023334400000000199e-01
5.026611199999999613e-01
5.029888000000000137e-01
5.033164800000000660e-01
5.036441600000000074e-01
5.039718400000000598e-01
5.042995200000000011e-01
5.046272000000000535e-01
5.049548799999999948e-01
5.052825600000000472e-01
5.056102399999999886e-01
5.059379200000000409e-01
5.062655999999999823e-01
5.065932800000000347e-01
5.069209599999999760e-01
5.072486400000000284e-01
5.075763199999999697e-01
5.079040000000000221e-01
5.082316799999999635e-01
5.085593600000000158e-01
5.088870399999999572e-01
5.092147200000000096e-01
5.095424000000000619e-01
5.098700800000000033e-01
5.101977600000000557e-01
5.105254399999999970e-01
5.108531200000000494e-01
5.111807999999999907e-01
5.115084800000000431e-01
5.118361599999999845e-01
5.121638400000000368e-01
5.124915199999999782e-01
5.128192000000000306e-01
5.131468799999999719e-01
5.134745600000000243e-01
5.138022399999999656e-01
5.141299200000000180e-01
5.144575999999999594e-01
5.147852800000000117e-01
5.151129600000000641e-01
5.154406400000000055e-01
5.157683200000000578e-01
5.160959999999999992e-01
5.164236800000000516e-01
5.167513599999999929e-01
5.170790400000000453e-01
5.174067199999999866e-01
5.177344000000000390e-01
5.180620799999999804e-01
5.183897600000000327e-01
5.187174399999999741e-01
5.190451200000000265e-01
5.193727999999999678e-01
5.197004800000000202e-01
5.200281599999999615e-01
5.203558400000000139e-01
5.206835200000000663e-01
5.210112000000000076e-01
5.213388800000000600e-01
5.216665600000000014e-01
5.219942400000000537e-01
5.223219199999999951e-01
5.226496000000000475e-01
5.229772799999999888e-01
5.233049600000000412e-01
5.236326399999999825e-01
5.239603200000000349e-01
5.242879999999999763e-01
5.246156800000000286e-01
5.249433599999999700e-01
5.252710400000000224e-01
5.255987199999999637e-01
5.259264000000000161e-01
5.262540799999999575e-01
5.265817600000000098e-01
5.269094400000000622e-01
5.272371200000000036e-01
5.275648000000000559e-01
5.278924799999999973e-01
5.282201600000000496e-01
5.285478399999999910e-01
5.288755200000000434e-01
5.292031999999999847e-01
5.295308800000000371e-01
5.298585599999999785e-01
5.301862400000000308e-01
5.305139199999999722e-01
5.308416000000000246e-01
5.311692799999999659e-01
5.314969600000000183e-01
5.318246399999999596e-01
5.321523200000000120e-01
5.324800000000000644e-01
5.328076800000000057e-01
5.331353600000000581e-01
5.334630399999999995e-01
5.337907200000000518e-01
5.341183999999999932e-01
5.344460800000000456e-01
5.347737599999999869e-01
5.351014400000000393e-01
5.354291199999999806e-01
5.357568000000000330e-01
5.360844799999999744e-01
5.364121600000000267e-01
5.367398399999999681e-01
5.370675200000000205e-01
5.373951999999999618e-01
5.377228800000000142e-01
5.380505600000000666e-01
5.383782400000000079e-01
5.387059200000000603e-01
5.390336000000000016e-01
5.393612800000000540e-01
5.396889599999999954e-01
5.400166400000000477e-01
5.403443199999999891e-01
5.406720000000000415e-01
5.409996799999999828e-01
5.413273600000000352e-01
5.416550399999999765e-01
5.419827200000000289e-01
5.423103999999999703e-01
5.426380800000000226e-01
5.429657599999999640e-01
5.432934400000000164e-01
5.436211199999999577e-01
5.439488000000000101e-01
5.442764800000000625e-01
5.446041600000000038e-01
5.449318400000000562e-01
5.452595199999999975e-01
5.455872000000000499e-01
5.459148799999999913e-01
5.462425600000000436e-01
5.465702399999999850e-01
5.468979200000000374e-01
5.472255999999999787e-01
5.475532800000000311e-01
5.478809599999999724e-01
5.482086400000000248e-01
5.485363199999999662e-01
5.488640000000000185e-01
5.491916799999999599e-01
5.495193600000000123e-01
5.498470400000000646e-01
5.501747200000000060e-01
5.505024000000000584e-01
5.508300799999999997e-01
5.511577600000000521e-01
5.514854399999999934e-01
5.518131200000000458e-01
5.521407999999999872e-01
5.524684800000000395e-01
5.527961599999999809e-01
5.531238400000000333e-01
5.534515199999999746e-01
5.537792000000000270e-01
5.541068799999999683e-01
5.544345600000000207e-01
5.547622399999999621e-01
5.550899200000000144e-01
5.554176000000000668e-01
5.557452800000000082e-01
5.560729600000000605e-01
5.564006400000000019e-01
5.567283200000000543e-01
5.570559999999999956e-01
5.573836800000000480e-01
5.577113599999999893e-01
5.580390400000000417e-01
5.583667199999999831e-01
5.586944000000000354e-01
5.590220799999999768e-01
5.593497600000000292e-01
5.596774399999999705e-01
5.600051200000000229e-01
5.603327999999999642e-01
5.606604800000000166e-01
5.609881599999999580e-01
5.613158400000000103e-01
5.616435200000000627e-01
5.619712000000000041e-01
5.622988800000000564e-01
5.626265599999999978e-01
5.629542400000000502e-01
5.632819199999999915e-01
5.636096000000000439e-01
5.639372799999999852e-01
5.642649600000000376e-01
5.645926399999999790e-01
5.649203200000000313e-01
5.652479999999999727e-01
5.655756800000000251e-01
5.659033599999999664e-01
5.662310400000000188e-01
5.665587199999999601e-01
5.668864000000000125e-01
5.672140800000000649e-01
5.675417600000000062e-01
5.678694400000000586e-01
5.681971200000000000e-01
5.685248000000000523e-01
5.688524799999999937e-01
5.691801600000000461e-01
5.695078399999999874e-01
5.698355200000000398e-01
5.701631999999999811e-01
5.704908800000000335e-01
5.708185599999999749e-01
5.711462400000000272e-01
5.714739199999999686e-01
5.718016000000000210e-01
5.721292799999999623e-01
5.724569600000000147e-01
5.727846400000000671e-01
5.731123200000000084e-01
5.734400000000000608e-01
5.737676800000000021e-01
5.740953600000000545e-01
5.744230399999999959e-01
5.747507200000000482e-01
5.750783999999999896e-01
5.754060800000000420e-01
5.757337599999999833e-01
5.760614400000000357e-01
5.763891199999999770e-01
5.767168000000000294e-01
5.770444799999999708e-01
5.773721600000000231e-01
5.776998399999999645e-01
5.780275200000000169e-01
5.783551999999999582e-01
5.786828800000000106e-01
5.790105600000000630e-01
5.793382400000000043e-01
5.796659200000000567e-01
5.799935999999999980e-01
5.803212800000000504e-01
5.806489599999999918e-01
5.809766400000000441e-01
5.813043199999999855e-01
5.816320000000000379e-01
5.819596799999999792e-01
5.822873600000000316e-01
5.826150399999999729e-01
5.829427200000000253e-01
5.832703999999999667e-01
5.835980800000000190e-01
5.839257599999999604e-01
5.842534400000000128e-01
5.845811200000000651e-01
5.849088000000000065e-01
5.852364800000000589e-01
5.855641600000000002e-01
5.858918400000000526e-01
5.862195199999999939e-01
5.865472000000000463e-01
5.868748799999999877e-01
5.872025600000000400e-01
5.875302399999999814e-01
5.878579200000000338e-01
5.881855999999999751e-01
5.885132800000000275e-01
5.888409599999999688e-01
5.891686400000000212e-01
5.894963199999999626e-01
5.898240000000000149e-01
5.901516800000000673e-01
5.904793600000000087e-01
5.908070400000000610e-01
5.911347200000000024e-01
5.914624000000000548e-01
5.917900799999999961e-01
5.921177600000000485e-01
5.924454399999999898e-01
5.927731200000000422e-01
5.931007999999999836e-01
5.934284800000000359e-01
5.937561599999999773e-01
5.940838400000000297e-01
5.944115199999999710e-01
5.947392000000000234e-01
5.950668799999999647e-01
5.953945600000000171e-01
5.957222399999999585e-01
5.960499200000000108e-01
5.963776000000000632e-01
5.967052800000000046e-01
5.970329600000000569e-01
5.973606399999999983e-01
5.976883200000000507e-01
5.980159999999999920e-01
5.983436800000000444e-01
5.986713599999999857e-01
5.989990400000000381e-01
5.993267199999999795e-01
5.996544000000000318e-01
5.999820799999999732e-01
6.003097600000000256e-01
6.006374399999999669e-01
6.009651200000000193e-01
6.012927999999999606e-01
6.016204800000000130e-01
6.019481600000000654e-01
6.022758400000000067e-01
6.026035200000000591e-01
6.029312000000000005e-01
6.032588800000000528e-01
6.035865599999999942e-01
6.039142400000000466e-01
6.042419199999999879e-01
6.045696000000000403e-01
6.048972799999999816e-01
6.052249600000000340e-01
6.055526399999999754e-01
6.058803200000000277e-01
6.062079999999999691e-01
6.065356800000000215e-01
6.068633599999999628e-01
6.071910400000000152e-01
6.075187200000000676e-01
6.078464000000000089e-01
6.081740800000000613e-01
6.085017600000000026e-01
6.088294400000000550e-01
6.091571199999999964e-01
6.094848000000000487e-01
6.098124799999999901e-01
6.101401600000000425e-01
6.104678399999999838e-01
6.107955200000000362e-01
6.111231999999999775e-01
6.114508800000000299e-01
6.117785599999999713e-01
6.121062400000000236e-01
6.124339199999999650e-01
6.127616000000000174e-01
6.130892799999999587e-01
6.134169600000000111e-01
6.137446400000000635e-01
6.140723200000000048e-01
6.144000000000000572e-01
6.147276799999999986e-01
6.150553600000000509e-01
6.153830399999999923e-01
6.157107200000000446e-01
6.160383999999999860e-01
6.163660800000000384e-01
6.166937599999999797e-01
6.170214400000000321e-01
6.173491199999999735e-01
6.176768000000000258e-01
6.180044799999999672e-01
6.183321600000000196e-01
6.186598399999999609e-01
6.189875200000000133e-01
6.193152000000000656e-01
6.196428800000000070e-01
6.199705600000000594e-01
6.202982400000000007e-01
6.206259200000000531e-01
6.209535999999999945e-01
6.212812800000000468e-01
6.216089599999999882e-01
6.219366400000000406e-01
6.222643199999999819e-01
6.225920000000000343e-01
6.229196799999999756e-01
6.232473600000000280e-01
6.235750399999999694e-01
6.239027200000000217e-01
6.242303999999999631e-01
6.245580800000000155e-01
6.248857600000000678e-01
6.252134400000000092e-01
6.255411200000000616e-01
6.258688000000000029e-01
6.261964800000000553e-01
6.265241599999999966e-01
6.268518400000000490e-01
6.271795199999999904e-01
6.275072000000000427e-01
6.278348799999999841e-01
6.281625600000000365e-01
6.284902399999999778e-01
6.288179200000000302e-01
6.291455999999999715e-01
6.294732800000000239e-01
6.298009599999999653e-01
6.301286400000000176e-01
6.304563199999999590e-01
6.307840000000000114e-01
6.311116800000000637e-01
6.314393600000000051e-01
6.317670400000000575e-01
6.320947199999999988e-01
6.324224000000000512e-01
6.327500799999999925e-01
6.330777600000000449e-01
6.334054399999999863e-01
6.337331200000000386e-01
6.340607999999999800e-01
6.343884800000000324e-01
6.347161599999999737e-01
6.350438400000000261e-01
6.353715199999999674e-01
6.356992000000000198e-01
6.360268799999999612e-01
6.363545600000000135e-01
6.366822400000000659e-01
6.370099200000000073e-01
6.373376000000000596e-01
6.376652800000000010e-01
6.379929600000000534e-01
6.383206399999999947e-01
6.386483200000000471e-01
6.389759999999999884e-01
6.393036800000000408e-01
6.396313599999999822e-01
6.399590400000000345e-01
6.402867199999999759e-01
6.406144000000000283e-01
6.409420799999999696e-01
6.412697600000000220e-01
6.415974399999999633e-01
6.419251200000000157e-01
6.422528000000000681e-01
6.425804800000000094e-01
6.429081600000000618e-01
6.432358400000000032e-01
6.435635200000000555e-01
6.438911999999999969e-01
6.442188800000000493e-01
6.445465599999999906e-01
6.448742400000000430e-01
6.452019199999999843e-01
6.455296000000000367e-01
6.458572799999999781e-01
6.461849600000000304e-01
6.465126399999999718e-01
6.468403200000000242e-01
6.471679999999999655e-01
6.474956800000000179e-01
6.478233599999999592e-01
6.481510400000000116e-01
6.484787200000000640e-01
6.488064000000000053e-01
6.491340800000000577e-01
6.494617599999999991e-01
6.497894400000000514e-01
6.501171199999999928e-01
6.504448000000000452e-01
6.507724799999999865e-01
6.511001600000000389e-01
6.514278399999999802e-01
6.517555200000000326e-01
6.520831999999999740e-01
6.524108800000000263e-01
6.527385599999999677e-01
6.530662400000000201e-01
6.533939199999999614e-01
6.537216000000000138e-01
6.540492800000000662e-01
6.543769600000000075e-01
6.547046400000000599e-01
6.550323200000000012e-01
6.553600000000000536e-01
6.556876799999999950e-01
6.560153600000000473e-01
6.563430399999999887e-01
6.566707200000000411e-01
6.569983999999999824e-01
6.573260800000000348e-01
6.576537599999999761e-01
6.579814400000000285e-01
6.583091199999999699e-01
6.586368000000000222e-01
6.589644799999999636e-01
6.592921600000000160e-01
6.596198400000000683e-01
6.599475200000000097e-01
6.602752000000000621e-01
6.606028800000000034e-01
6.609305600000000558e-01
6.612582399999999971e-01
6.615859200000000495e-01
6.619135999999999909e-01
6.622412800000000432e-01
6.625689599999999846e-01
6.628966400000000370e-01
6.632243199999999783e-01
6.635520000000000307e-01
6.638796799999999720e-01
6.642073600000000244e-01
6.645350399999999658e-01
6.648627200000000181e-01
6.651903999999999595e-01
6.655180800000000119e-01
6.658457600000000642e-01
6.661734400000000056e-01
6.665011200000000580e-01
6.668287999999999993e-01
6.671564800000000517e-01
6.674841599999999930e-01
6.678118400000000454e-01
6.681395199999999868e-01
6.684672000000000391e-01
6.687948799999999805e-01
6.691225600000000329e-01
6.694502399999999742e-01
6.697779200000000266e-01
6.701055999999999679e-01
6.704332800000000203e-01
6.707609599999999617e-01
6.710886400000000140e-01
6.714163200000000664e-01
6.717440000000000078e-01
6.720716800000000601e-01
6.723993600000000015e-01
6.727270400000000539e-01
6.730547199999999952e-01
6.733824000000000476e-01
6.737100799999999889e-01
6.740377600000000413e-01
6.743654399999999827e-01
6.746931200000000350e-01
6.750207999999999764e-01
6.753484800000000288e-01
6.756761599999999701e-01
6.760038400000000225e-01
6.763315199999999638e-01
6.766592000000000162e-01
6.769868800000000686e-01
6.773145600000000099e-01
6.776422400000000623e-01
6.779699200000000037e-01
6.782976000000000560e-01
6.786252799999999974e-01
6.789529600000000498e-01
6.792806399999999911e-01
6.796083200000000435e-01
6.799359999999999848e-01
6.802636800000000372e-01
6.805913599999999786e-01
6.809190400000000309e-01
6.812467199999999723e-01
6.815744000000000247e-01
6.819020799999999660e-01
6.822297600000000184e-01
6.825574399999999597e-01
6.828851200000000121e-01
6.832128000000000645e-01
6.835404800000000058e-01
6.838681600000000582e-01
6.841958399999999996e-01
6.845235200000000519e-01
6.848511999999999933e-01
6.851788800000000457e-01
6.855065599999999870e-01
6.858342400000000394e-01
6.861619199999999807e-01
6.864896000000000331e-01
6.868172799999999745e-01
6.871449600000000268e-01
6.874726399999999682e-01
6.878003200000000206e-01
6.881279999999999619e-01
6.884556800000000143e-01
6.887833600000000667e-01
6.891110400000000080e-01
6.894387200000000604e-01
6.897664000000000017e-01
6.900940800000000541e-01
6.904217599999999955e-01
6.907494400000000478e-01
6.910771199999999892e-01
6.914048000000000416e-01
6.917324799999999829e-01
6.920601600000000353e-01
6.923878399999999766e-01
6.927155200000000290e-01
6.930431999999999704e-01
6.933708800000000227e-01
6.936985599999999641e-01
6.940262400000000165e-01
6.943539200000000688e-01
6.946816000000000102e-01
6.950092800000000626e-01
6.953369600000000039e-01
6.956646400000000563e-01
6.959923199999999976e-01
6.963200000000000500e-01
6.966476799999999914e-01
6.969753600000000437e-01
6.973030399999999851e-01
6.976307200000000375e-01
6.979583999999999788e-01
6.982860800000000312e-01
6.986137599999999725e-01
6.989414400000000249e-01
6.992691199999999663e-01
6.995968000000000186e-01
6.999244799999999600e-01
7.002521600000000124e-01
7.005798400000000647e-01
7.009075200000000061e-01
7.012352000000000585e-01
7.015628799999999998e-01
7.018905600000000522e-01
7.022182399999999936e-01
7.025459200000000459e-01
7.028735999999999873e-01
7.032012800000000396e-01
7.035289599999999810e-01
7.038566400000000334e-01
7.041843199999999747e-01
7.045120000000000271e-01
7.048396799999999685e-01
7.051673600000000208e-01
7.054950399999999622e-01
7.058227200000000146e-01
7.061504000000000669e-01
7.064780800000000083e-01
7.068057600000000606e-01
7.071334400000000020e-01
7.074611200000000544e-01
7.077887999999999957e-01
7.081164800000000481e-01
7.084441599999999895e-01
7.087718400000000418e-01
7.090995199999999832e-01
7.094272000000000356e-01
7.097548799999999769e-01
7.100825600000000293e-01
7.104102399999999706e-01
7.107379200000000230e-01
7.110655999999999644e-01
7.113932800000000167e-01
7.117209600000000691e-01
7.120486400000000105e-01
7.123763200000000628e-01
7.127040000000000042e-01
7.130316800000000566e-01
7.133593599999999979e-01
7.136870400000000503e-01
7.140147199999999916e-01
7.143424000000000440e-01
7.146700799999999854e-01
7.149977600000000377e-01
7.153254399999999791e-01
7.156531200000000315e-01
7.159807999999999728e-01
7.163084800000000252e-01
7.166361599999999665e-01
7.169638400000000189e-01
7.172915199999999603e-01
7.176192000000000126e-01
7.179468800000000650e-01
7.182745600000000064e-01
7.186022400000000587e-01
7.189299200000000001e-01
7.192576000000000525e-01
7.195852799999999938e-01
7.199129600000000462e-01
7.202406399999999875e-01
7.205683200000000399e-01
7.208959999999999813e-01
7.212236800000000336e-01
7.215513599999999750e-01
7.218790400000000274e-01
7.222067199999999687e-01
7.225344000000000211e-01
7.228620799999999624e-01
7.231897600000000148e-01
7.235174400000000672e-01
7.238451200000000085e-01
7.241728000000000609e-01
7.245004800000000023e-01
7.248281600000000546e-01
7.251558399999999960e-01
7.254835200000000484e-01
7.258111999999999897e-01
7.261388800000000421e-01
7.264665599999999834e-01
7.267942400000000358e-01
7.271219199999999772e-01
7.274496000000000295e-01
7.277772799999999709e-01
7.281049600000000233e-01
7.284326399999999646e-01
7.287603200000000170e-01
7.290880000000000694e-01
7.294156800000000107e-01
7.297433600000000631e-01
7.300710400000000044e-01
7.303987200000000568e-01
7.307263999999999982e-01
7.310540800000000505e-01
7.313817599999999919e-01
7.317094400000000443e-01
7.320371199999999856e-01
7.323648000000000380e-01
7.326924799999999793e-01
7.330201600000000317e-01
7.333478399999999731e-01
7.336755200000000254e-01
7.340031999999999668e-01
7.343308800000000192e-01
7.346585599999999605e-01
7.349862400000000129e-01
7.353139200000000653e-01
7.356416000000000066e-01
7.359692800000000590e-01
7.362969600000000003e-01
7.366246400000000527e-01
7.369523199999999941e-01
7.372800000000000464e-01
7.376076799999999878e-01
7.379353600000000402e-01
7.382630399999999815e-01
7.385907200000000339e-01
7.389183999999999752e-01
7.392460800000000276e-01
7.395737599999999690e-01
7.399014400000000213e-01
7.402291199999999627e-01
7.405568000000000151e-01
7.408844800000000674e-01
7.412121600000000088e-01
7.415398400000000612e-01
7.418675200000000025e-01
7.421952000000000549e-01
7.425228799999999962e-01
7.428505600000000486e-01
7.431782399999999900e-01
7.435059200000000423e-01
7.438335999999999837e-01
7.441612800000000361e-01
7.444889599999999774e-01
7.448166400000000298e-01
7.451443199999999711e-01
7.454720000000000235e-01
7.457996799999999649e-01
7.461273600000000172e-01
7.464550400000000696e-01
7.467827200000000110e-01
7.471104000000000633e-01
7.474380800000000047e-01
7.477657600000000571e-01
7.480934399999999984e-01
7.484211200000000508e-01
7.487487999999999921e-01
7.490764800000000445e-01
7.494041599999999859e-01
7.497318400000000382e-01
7.500595199999999796e-01
7.503872000000000320e-01
7.507148799999999733e-01
7.510425600000000257e-01
7.513702399999999670e-01
7.516979200000000194e-01
7.520255999999999608e-01
7.523532800000000131e-01
7.526809600000000655e-01
7.530086400000000069e-01
7.533363200000000592e-01
7.536640000000000006e-01
7.539916800000000530e-01
7.543193599999999943e-01
7.546470400000000467e-01
7.549747199999999880e-01
7.553024000000000404e-01
7.556300799999999818e-01
7.559577600000000341e-01
7.562854399999999755e-01
7.566131200000000279e-01
7.569407999999999692e-01
7.572684800000000216e-01
7.575961599999999629e-01
7.579238400000000153e-01
7.582515200000000677e-01
7.585792000000000090e-01
7.589068800000000614e-01
7.592345600000000028e-01
7.595622400000000551e-01
7.598899199999999965e-01
7.602176000000000489e-01
7.605452799999999902e-01
7.608729600000000426e-01
7.612006399999999839e-01
7.615283200000000363e-01
7.618559999999999777e-01
7.621836800000000300e-01
7.625113599999999714e-01
7.628390400000000238e-01
7.631667199999999651e-01
7.634944000000000175e-01
7.638220800000000699e-01
7.641497600000000112e-01
7.644774400000000636e-01
7.648051200000000049e-01
7.651328000000000573e-01
7.654604799999999987e-01
7.657881600000000510e-01
7.661158399999999924e-01
7.664435200000000448e-01
7.667711999999999861e-01
7.670988800000000385e-01
7.674265599999999798e-01
7.677542400000000322e-01
7.680819199999999736e-01
7.684096000000000259e-01
7.687372799999999673e-01
7.690649600000000197e-01
7.693926399999999610e-01
7.697203200000000134e-01
7.700480000000000658e-01
7.703756800000000071e-01
7.707033600000000595e-01
7.710310400000000008e-01
7.713587200000000532e-01
7.716863999999999946e-01
7.720140800000000469e-01
7.723417599999999883e-01
7.726694400000000407e-01
7.729971199999999820e-01
7.733248000000000344e-01
7.736524799999999757e-01
7.739801600000000281e-01
7.743078399999999695e-01
7.746355200000000218e-01
7.749631999999999632e-01
7.752908800000000156e-01
7.756185600000000679e-01
7.759462400000000093e-01
7.762739200000000617e-01
7.766016000000000030e-01
7.769292800000000554e-01
7.772569599999999967e-01
7.775846400000000491e-01
7.779123199999999905e-01
7.782400000000000428e-01
7.785676799999999842e-01
7.788953600000000366e-01
7.792230399999999779e-01
7.795507200000000303e-01
7.798783999999999716e-01
7.802060800000000240e-01
7.805337599999999654e-01
7.808614400000000177e-01
7.811891200000000701e-01
7.815168000000000115e-01
7.818444800000000638e-01
7.821721600000000052e-01
7.824998400000000576e-01
7.828275199999999989e-01
7.831552000000000513e-01
7.834828799999999926e-01
7.838105600000000450e-01
7.841382399999999864e-01
7.844659200000000387e-01
7.847935999999999801e-01
7.851212800000000325e-01
7.854489599999999738e-01
7.857766400000000262e-01
7.861043199999999675e-01
7.864320000000000199e-01
7.867596799999999613e-01
7.870873600000000136e-01
7.874150400000000660e-01
7.877427200000000074e-01
7.880704000000000597e-01
7.883980800000000011e-01
7.887257600000000535e-01
7.890534399999999948e-01
7.893811200000000472e-01
7.897087999999999886e-01
7.900364800000000409e-01
7.903641599999999823e-01
7.906918400000000346e-01
7.910195199999999760e-01
7.913472000000000284e-01
7.916748799999999697e-01
7.920025600000000221e-01
7.923302399999999635e-01
7.926579200000000158e-01
7.929856000000000682e-01
7.933132800000000096e-01
7.936409600000000619e-01
7.939686400000000033e-01
7.942963200000000556e-01
7.946239999999999970e-01
7.949516800000000494e-01
7.952793599999999907e-01
7.956070400000000431e-01
7.959347199999999845e-01
7.962624000000000368e-01
7.965900799999999782e-01
7.969177600000000306e-01
7.972454399999999719e-01
7.975731200000000243e-01
7.979007999999999656e-01
7.982284800000000180e-01
7.985561600000000704e-01
7.988838400000000117e-01
7.992115200000000641e-01
7.995392000000000055e-01
7.998668800000000578e-01
8.001945599999999992e-01
8.005222400000000516e-01
8.008499199999999929e-01
8.011776000000000453e-01
8.015052799999999866e-01
8.018329600000000390e-01
8.021606399999999804e-01
8.024883200000000327e-01
8.028159999999999741e-01
8.031436800000000265e-01
8.034713599999999678e-01
8.037990400000000202e-01
8.041267199999999615e-01
8.044544000000000139e-01
8.047820800000000663e-01
8.051097600000000076e-01
8.054374400000000600e-01
8.057651200000000014e-01
8.060928000000000537e-01
8.064204799999999951e-01
8.067481600000000475e-01
8.070758399999999888e-01
8.074035200000000412e-01
8.077311999999999825e-01
8.080588800000000349e-01
8.083865599999999763e-01
8.087142400000000286e-01
8.090419199999999700e-01
8.093696000000000224e-01
8.096972799999999637e-01
8.100249600000000161e-01
8.103526400000000685e-01
8.106803200000000098e-01
8.110080000000000622e-01
8.113356800000000035e-01
8.116633600000000559e-01
8.119910399999999973e-01
8.123187200000000496e-01
8.126463999999999910e-01
8.129740800000000434e-01
8.133017599999999847e-01
8.136294400000000371e-01
8.139571199999999784e-01
8.142848000000000308e-01
8.146124799999999722e-01
8.149401600000000245e-01
8.152678399999999659e-01
8.155955200000000183e-01
8.159232000000000706e-01
8.162508800000000120e-01
8.165785600000000644e-01
8.169062400000000057e-01
8.172339200000000581e-01
8.175615999999999994e-01
8.178892800000000518e-01
8.182169599999999932e-01
8.185446400000000455e-01
8.188723199999999869e-01
8.192000000000000393e-01
8.195276799999999806e-01
8.198553600000000330e-01
8.201830399999999743e-01
8.205107200000000267e-01
8.208383999999999681e-01
8.211660800000000204e-01
8.214937599999999618e-01
8.218214400000000142e-01
8.221491200000000665e-01
8.224768000000000079e-01
8.228044800000000603e-01
8.231321600000000016e-01
8.234598400000000540e-01
8.237875199999999953e-01
8.241152000000000477e-01
8.244428799999999891e-01
8.247705600000000414e-01
8.250982399999999828e-01
8.254259200000000352e-01
8.257535999999999765e-01
8.260812800000000289e-01
8.264089599999999702e-01
8.267366400000000226e-01
8.270643199999999640e-01
8.273920000000000163e-01
8.277196800000000687e-01
8.280473600000000101e-01
8.283750400000000624e-01
8.287027200000000038e-01
8.290304000000000562e-01
8.293580799999999975e-01
8.296857600000000499e-01
8.300134399999999912e-01
8.303411200000000436e-01
8.306687999999999850e-01
8.309964800000000373e-01
8.313241599999999787e-01
8.316518400000000311e-01
8.319795199999999724e-01
8.323072000000000248e-01
8.326348799999999661e-01
8.329625600000000185e-01
8.332902400000000709e-01
8.336179200000000122e-01
8.339456000000000646e-01
8.342732800000000060e-01
8.346009600000000583e-01
8.349286399999999997e-01
8.352563200000000521e-01
8.355839999999999934e-01
8.359116800000000458e-01
8.362393599999999871e-01
8.365670400000000395e-01
8.368947199999999809e-01
8.372224000000000332e-01
8.375500799999999746e-01
8.378777600000000270e-01
8.382054399999999683e-01
8.385331200000000207e-01
8.388607999999999620e-01
8.391884800000000144e-01
8.395161600000000668e-01
8.398438400000000081e-01
8.401715200000000605e-01
8.404992000000000019e-01
8.408268800000000542e-01
8.411545599999999956e-01
8.414822400000000480e-01
8.418099199999999893e-01
8.421376000000000417e-01
8.424652799999999830e-01
8.427929600000000354e-01
8.431206399999999768e-01
8.434483200000000291e-01
8.437759999999999705e-01
8.441036800000000229e-01
8.444313599999999642e-01
8.447590400000000166e-01
8.450867200000000690e-01
8.454144000000000103e-01
8.457420800000000627e-01
8.460697600000000040e-01
8.463974400000000564e-01
8.467251199999999978e-01
8.470528000000000501e-01
8.473804799999999915e-01
8.477081600000000439e-01
8.480358399999999852e-01
8.483635200000000376e-01
8.486911999999999789e-01
8.490188800000000313e-01
8.493465599999999727e-01
8.496742400000000250e-01
8.500019199999999664e-01
8.503296000000000188e-01
8.506572800000000711e-01
8.509849600000000125e-01
8.513126400000000649e-01
8.516403200000000062e-01
8.519680000000000586e-01
8.522956799999999999e-01
8.526233600000000523e-01
8.529510399999999937e-01
8.532787200000000460e-01
8.536063999999999874e-01
8.539340800000000398e-01
8.542617599999999811e-01
8.545894400000000335e-01
8.549171199999999748e-01
8.552448000000000272e-01
8.555724799999999686e-01
8.559001600000000209e-01
8.562278400000000733e-01
8.565555200000000147e-01
8.568832000000000670e-01
8.572108800000000084e-01
8.575385600000000608e-01
8.578662400000000021e-01
8.581939200000000545e-01
8.585215999999999958e-01
8.588492800000000482e-01
8.591769599999999896e-01
8.595046400000000419e-01
8.598323199999999833e-01
8.601600000000000357e-01
8.604876799999999770e-01
8.608153600000000294e-01
8.611430399999999707e-01
8.614707200000000231e-01
8.617983999999999645e-01
8.621260800000000168e-01
8.624537600000000692e-01
8.627814400000000106e-01
8.631091200000000629e-01
8.634368000000000043e-01
8.637644800000000567e-01
8.640921599999999980e-01
8.644198400000000504e-01
8.647475199999999917e-01
8.650752000000000441e-01
8.654028799999999855e-01
8.657305600000000378e-01
8.660582399999999792e-01
8.663859200000000316e-01
8.667135999999999729e-01
8.670412800000000253e-01
8.673689599999999666e-01
8.676966400000000190e-01
8.680243200000000714e-01
8.683520000000000127e-01
8.686796800000000651e-01
8.690073600000000065e-01
8.693350400000000588e-01
8.696627200000000002e-01
8.699904000000000526e-01
8.703180799999999939e-01
8.706457600000000463e-01
8.709734399999999876e-01
8.713011200000000400e-01
8.716287999999999814e-01
8.719564800000000337e-01
8.722841599999999751e-01
8.726118400000000275e-01
8.729395199999999688e-01
8.732672000000000212e-01
8.735948800000000736e-01
8.739225600000000149e-01
8.742502400000000673e-01
8.745779200000000086e-01
8.749056000000000610e-01
8.752332800000000024e-01
8.755609600000000547e-01
8.758886399999999961e-01
8.762163200000000485e-01
8.765439999999999898e-01
8.768716800000000422e-01
8.771993599999999836e-01
8.775270400000000359e-01
8.778547199999999773e-01
8.781824000000000296e-01
8.785100799999999710e-01
8.788377600000000234e-01
8.791654399999999647e-01
8.794931200000000171e-01
8.798208000000000695e-01
8.801484800000000108e-01
8.804761600000000632e-01
8.808038400000000046e-01
8.811315200000000569e-01
8.814591999999999983e-01
8.817868800000000507e-01
8.821145599999999920e-01
8.824422400000000444e-01
8.827699199999999857e-01
8.830976000000000381e-01
8.834252799999999795e-01
8.837529600000000318e-01
8.840806399999999732e-01
8.844083200000000256e-01
8.847359999999999669e-01
8.850636800000000193e-01
8.853913600000000717e-01
8.857190400000000130e-01
8.860467200000000654e-01
8.863744000000000067e-01
8.867020800000000591e-01
8.870297600000000005e-01
8.873574400000000528e-01
8.876851199999999942e-01
8.880128000000000466e-01
8.883404799999999879e-01
8.886681600000000403e-01
8.889958399999999816e-01
8.893235200000000340e-01
8.896511999999999754e-01
8.899788800000000277e-01
8.903065599999999691e-01
8.906342400000000215e-01
8.909619200000000738e-01
8.912896000000000152e-01
8.916172800000000676e-01
8.919449600000000089e-01
8.922726400000000613e-01
8.926003200000000026e-01
8.929280000000000550e-01
8.932556799999999964e-01
8.935833600000000487e-01
8.939110399999999901e-01
8.942387200000000425e-01
8.945663999999999838e-01
8.948940800000000362e-01
8.952217599999999775e-01
8.955494400000000299e-01
8.958771199999999713e-01
8.962048000000000236e-01
8.965324799999999650e-01
8.968601600000000174e-01
8.971878400000000697e-01
8.975155200000000111e-01
8.978432000000000635e-01
8.981708800000000048e-01
8.984985600000000572e-01
8.988262399999999985e-01
8.991539200000000509e-01
8.994815999999999923e-01
8.998092800000000446e-01
9.001369599999999860e-01
9.004646400000000384e-01
9.007923199999999797e-01
9.011200000000000321e-01
9.014476799999999734e-01
9.017753600000000258e-01
9.021030399999999672e-01
9.024307200000000195e-01
9.027584000000000719e-01
9.030860800000000133e-01
9.034137600000000656e-01
9.037414400000000070e-01
9.040691200000000594e-01
9.043968000000000007e-01
9.047244800000000531e-01
9.050521599999999944e-01
9.053798400000000468e-01
9.057075199999999882e-01
9.060352000000000405e-01
9.063628799999999819e-01
9.066905600000000343e-01
9.070182399999999756e-01
9.073459200000000280e-01
9.076735999999999693e-01
9.080012800000000217e-01
9.083289600000000741e-01
9.086566400000000154e-01
9.089843200000000678e-01
9.093120000000000092e-01
9.096396800000000615e-01
9.099673600000000029e-01
9.102950400000000553e-01
9.106227199999999966e-01
9.109504000000000490e-01
9.112780799999999903e-01
9.116057600000000427e-01
9.119334399999999841e-01
9.122611200000000364e-01
9.125887999999999778e-01
9.129164800000000302e-01
9.132441599999999715e-01
9.135718400000000239e-01
9.138995199999999652e-01
9.142272000000000176e-01
9.145548800000000700e-01
9.148825600000000113e-01
9.152102400000000637e-01
9.155379200000000051e-01
9.158656000000000574e-01
9.161932799999999988e-01
9.165209600000000512e-01
9.168486399999999925e-01
9.171763200000000449e-01
9.175039999999999862e-01
9.178316800000000386e-01
9.181593599999999800e-01
9.184870400000000323e-01
9.188147199999999737e-01
9.191424000000000261e-01
9.194700799999999674e-01
9.197977600000000198e-01
9.201254400000000722e-01
9.204531200000000135e-01
9.207808000000000659e-01
9.211084800000000072e-01
9.214361600000000596e-01
9.217638400000000010e-01
9.220915200000000533e-01
9.224191999999999947e-01
9.227468800000000471e-01
9.230745599999999884e-01
9.234022400000000408e-01
9.237299199999999821e-01
9.240576000000000345e-01
9.243852799999999759e-01
9.247129600000000282e-01
9.250406399999999696e-01
9.253683200000000220e-01
9.256960000000000743e-01
9.260236800000000157e-01
9.263513600000000681e-01
9.266790400000000094e-01
9.270067200000000618e-01
9.273344000000000031e-01
9.276620800000000555e-01
9.279897599999999969e-01
9.283174400000000492e-01
9.286451199999999906e-01
9.289728000000000430e-01
9.293004799999999843e-01
9.296281600000000367e-01
9.299558399999999780e-01
9.302835200000000304e-01
9.306111999999999718e-01
9.309388800000000241e-01
9.312665599999999655e-01
9.315942400000000179e-01
9.319219200000000702e-01
9.322496000000000116e-01
9.325772800000000640e-01
9.329049600000000053e-01
9.332326400000000577e-01
9.335603199999999990e-01
9.338880000000000514e-01
9.342156799999999928e-01
9.345433600000000451e-01
9.348710399999999865e-01
9.351987200000000389e-01
9.355263999999999802e-01
9.358540800000000326e-01
9.361817599999999739e-01
9.365094400000000263e-01
9.368371199999999677e-01
9.371648000000000200e-01
9.374924800000000724e-01
9.378201600000000138e-01
9.381478400000000661e-01
9.384755200000000075e-01
9.388032000000000599e-01
9.391308800000000012e-01
9.394585600000000536e-01
9.397862399999999949e-01
9.401139200000000473e-01
9.404415999999999887e-01
9.407692800000000410e-01
9.410969599999999824e-01
9.414246400000000348e-01
9.417523199999999761e-01
9.420800000000000285e-01
9.424076799999999698e-01
9.427353600000000222e-01
9.430630400000000746e-01
9.433907200000000159e-01
9.437184000000000683e-01
9.440460800000000097e-01
9.443737600000000620e-01
9.447014400000000034e-01
9.450291200000000558e-01
9.453567999999999971e-01
9.456844800000000495e-01
9.460121599999999908e-01
9.463398400000000432e-01
9.466675199999999846e-01
9.469952000000000369e-01
9.473228799999999783e-01
9.476505600000000307e-01
9.479782399999999720e-01
9.483059200000000244e-01
9.486335999999999657e-01
9.489612800000000181e-01
9.492889600000000705e-01
9.496166400000000118e-01
9.499443200000000642e-01
9.502720000000000056e-01
9.505996800000000579e-01
9.509273599999999993e-01
9.512550400000000517e-01
9.515827199999999930e-01
9.519104000000000454e-01
9.522380799999999867e-01
9.525657600000000391e-01
9.528934399999999805e-01
9.532211200000000328e-01
9.535487999999999742e-01
9.538764800000000266e-01
9.542041599999999679e-01
9.545318400000000203e-01
9.548595200000000727e-01
9.551872000000000140e-01
9.555148800000000664e-01
9.558425600000000077e-01
9.561702400000000601e-01
9.564979200000000015e-01
9.568256000000000538e-01
9.571532799999999952e-01
9.574809600000000476e-01
9.578086399999999889e-01
9.581363200000000413e-01
9.584639999999999826e-01
9.587916800000000350e-01
9.591193599999999764e-01
9.594470400000000287e-01
9.597747199999999701e-01
9.601024000000000225e-01
9.604300800000000748e-01
9.607577600000000162e-01
9.610854400000000686e-01
9.614131200000000099e-01
9.617408000000000623e-01
9.620684800000000036e-01
9.623961600000000560e-01
9.627238399999999974e-01
9.630515200000000497e-01
9.633791999999999911e-01
9.637068800000000435e-01
9.640345599999999848e-01
9.643622400000000372e-01
9.646899199999999786e-01
9.650176000000000309e-01
9.653452799999999723e-01
9.656729600000000246e-01
9.660006399999999660e-01
9.663283200000000184e-01
9.666560000000000707e-01
9.669836800000000121e-01
9.673113600000000645e-01
9.676390400000000058e-01
9.679667200000000582e-01
9.682943999999999996e-01
9.686220800000000519e-01
9.689497599999999933e-01
9.692774400000000457e-01
9.696051199999999870e-01
9.699328000000000394e-01
9.702604799999999807e-01
9.705881600000000331e-01
9.709158399999999745e-01
9.712435200000000268e-01
9.715711999999999682e-01
9.718988800000000206e-01
9.722265600000000729e-01
9.725542400000000143e-01
9.728819200000000667e-01
9.732096000000000080e-01
9.735372800000000604e-01
9.738649600000000017e-01
9.741926400000000541e-01
9.745203199999999955e-01
9.748480000000000478e-01
9.751756799999999892e-01
9.755033600000000416e-01
9.758310399999999829e-01
9.761587200000000353e-01
9.764863999999999766e-01
9.768140800000000290e-01
9.771417599999999704e-01
9.774694400000000227e-01
9.777971200000000751e-01
9.781248000000000165e-01
9.784524800000000688e-01
9.787801600000000102e-01
9.791078400000000626e-01
9.794355200000000039e-01
9.797632000000000563e-01
9.800908799999999976e-01
9.804185600000000500e-01
9.807462399999999914e-01
9.810739200000000437e-01
9.814015999999999851e-01
9.817292800000000375e-01
9.820569599999999788e-01
9.823846400000000312e-01
9.827123199999999725e-01
9.830400000000000249e-01
9.833676799999999663e-01
9.836953600000000186e-01
9.840230400000000710e-01
9.843507200000000124e-01
9.846784000000000647e-01
9.850060800000000061e-01
9.853337600000000585e-01
9.856614399999999998e-01
9.859891200000000522e-01
9.863167999999999935e-01
9.866444800000000459e-01
9.869721599999999873e-01
9.872998400000000396e-01
9.876275199999999810e-01
9.879552000000000334e-01
9.882828799999999747e-01
9.886105600000000271e-01
9.889382399999999684e-01
9.892659200000000208e-01
9.895936000000000732e-01
9.899212800000000145e-01
9.902489600000000669e-01
9.905766400000000083e-01
9.909043200000000606e-01
9.912320000000000020e-01
9.915596800000000544e-01
9.918873599999999957e-01
9.922150400000000481e-01
9.925427199999999894e-01
9.928704000000000418e-01
9.931980799999999832e-01
9.935257600000000355e-01
9.938534399999999769e-01
9.941811200000000293e-01
9.945087999999999706e-01
9.948364800000000230e-01
9.951641600000000754e-01
9.954918400000000167e-01
9.958195200000000691e-01
9.961472000000000104e-01
9.964748800000000628e-01
9.968025600000000042e-01
9.971302400000000565e-01
9.974579199999999979e-01
9.977856000000000503e-01
9.981132799999999916e-01
9.984409600000000440e-01
9.987686399999999853e-01
9.990963200000000377e-01
9.994239999999999791e-01
9.997516800000000314e-01
1.000079359999999973e+00
1.000407040000000025e+00
1.000734720000000078e+00
1.001062400000000130e+00
1.001390079999999960e+00
1.001717760000000013e+00
1.002045440000000065e+00
1.002373120000000117e+00
1.002700799999999948e+00
1.003028480000000000e+00
1.003356160000000052e+00
1.003683840000000105e+00
1.004011519999999935e+00
1.004339199999999988e+00
1.004666880000000040e+00
1.004994560000000092e+00
1.005322239999999923e+00
1.005649919999999975e+00
1.005977600000000027e+00
1.006305280000000080e+00
1.006632960000000132e+00
1.006960639999999962e+00
1.007288320000000015e+00
1.007616000000000067e+00
1.007943680000000120e+00
1.008271359999999950e+00
1.008599040000000002e+00
1.008926720000000055e+00
1.009254400000000107e+00
1.009582079999999937e+00
1.009909759999999990e+00
1.010237440000000042e+00
1.010565120000000094e+00
1.010892799999999925e+00
1.011220479999999977e+00
1.011548160000000030e+00
1.011875840000000082e+00
1.012203519999999912e+00
1.012531199999999965e+00
1.012858880000000017e+00
1.013186560000000069e+00
1.013514240000000122e+00
1.013841919999999952e+00
1.014169600000000004e+00
1.014497280000000057e+00
1.014824960000000109e+00
1.015152639999999939e+00
1.015480319999999992e+00
1.015808000000000044e+00
1.016135680000000097e+00
1.016463359999999927e+00
1.016791039999999979e+00
1.017118720000000032e+00
1.017446400000000084e+00
1.017774079999999914e+00
1.018101759999999967e+00
1.018429440000000019e+00
1.018757120000000072e+00
1.019084800000000124e+00
1.019412479999999954e+00
1.019740160000000007e+00
1.020067840000000059e+00
1.020395520000000111e+00
1.020723199999999942e+00
1.021050879999999994e+00
1.021378560000000046e+00
1.021706240000000099e+00
1.022033919999999929e+00
1.022361599999999981e+00
1.022689280000000034e+00
1.023016960000000086e+00
1.023344639999999917e+00
1.023672319999999969e+00
1.024000000000000021e+00
1.024327680000000074e+00
1.024655360000000126e+00
1.024983039999999956e+00
1.025310720000000009e+00
1.025638400000000061e+00
1.025966080000000114e+00
1.026293759999999944e+00
1.026621439999999996e+00
1.026949120000000049e+00
1.027276800000000101e+00
1.027604479999999931e+00
1.027932159999999984e+00
1.028259840000000036e+00
1.028587520000000088e+00
1.028915199999999919e+00
1.029242879999999971e+00
1.029570560000000023e+00
1.029898240000000076e+00
1.030225920000000128e+00
1.030553599999999959e+00
1.030881280000000011e+00
1.031208960000000063e+00
1.031536640000000116e+00
1.031864319999999946e+00
1.032191999999999998e+00
1.032519680000000051e+00
1.032847360000000103e+00
1.033175039999999933e+00
1.033502719999999986e+00
1.033830400000000038e+00
1.034158080000000091e+00
1.034485759999999921e+00
1.034813439999999973e+00
1.035141120000000026e+00
1.035468800000000078e+00
1.035796480000000130e+00
1.036124159999999961e+00
1.036451840000000013e+00
1.036779520000000065e+00
1.037107200000000118e+00
1.037434879999999948e+00
1.037762560000000001e+00
1.038090240000000053e+00
1.038417920000000105e+00
1.038745599999999936e+00
1.039073279999999988e+00
1.039400960000000040e+00
1.039728640000000093e+00
1.040056319999999923e+00
1.040383999999999975e+00
1.040711680000000028e+00
1.041039360000000080e+00
1.041367040000000133e+00
1.041694719999999963e+00
1.042022400000000015e+00
1.042350080000000068e+00
1.042677760000000120e+00
1.043005439999999950e+00
1.043333120000000003e+00
1.043660800000000055e+00
1.043988480000000107e+00
1.044316159999999938e+00
1.044643839999999990e+00
1.044971520000000043e+00
1.045299200000000095e+00
1.045626879999999925e+00
1.045954559999999978e+00
1.046282240000000030e+00
1.046609920000000082e+00
1.046937599999999913e+00
1.047265279999999965e+00
1.047592960000000017e+00
1.047920640000000070e+00
1.048248320000000122e+00
1.048575999999999953e+00
1.048903680000000005e+00
1.049231360000000057e+00
1.049559040000000110e+00
1.049886719999999940e+00
1.050214399999999992e+00
1.050542080000000045e+00
1.050869760000000097e+00
1.051197439999999927e+00
1.051525119999999980e+00
1.051852800000000032e+00
1.052180480000000085e+00
1.052508159999999915e+00
1.052835839999999967e+00
1.053163520000000020e+00
1.053491200000000072e+00
1.053818880000000124e+00
1.054146559999999955e+00
1.054474240000000007e+00
1.054801920000000059e+00
1.055129600000000112e+00
1.055457279999999942e+00
1.055784959999999995e+00
1.056112640000000047e+00
1.056440320000000099e+00
1.056767999999999930e+00
1.057095679999999982e+00
1.057423360000000034e+00
1.057751040000000087e+00
1.058078719999999917e+00
1.058406399999999969e+00
1.058734080000000022e+00
1.059061760000000074e+00
1.059389440000000127e+00
1.059717119999999957e+00
1.060044800000000009e+00
1.060372480000000062e+00
1.060700160000000114e+00
1.061027839999999944e+00
1.061355519999999997e+00
1.061683200000000049e+00
1.062010880000000101e+00
1.062338559999999932e+00
1.062666239999999984e+00
1.062993920000000037e+00
1.063321600000000089e+00
1.063649279999999919e+00
1.063976959999999972e+00
1.064304640000000024e+00
1.064632320000000076e+00
1.064960000000000129e+00
1.065287679999999959e+00
1.065615360000000011e+00
1.065943040000000064e+00
1.066270720000000116e+00
1.066598399999999947e+00
1.066926079999999999e+00
1.067253760000000051e+00
1.067581440000000104e+00
1.067909119999999934e+00
1.068236799999999986e+00
1.068564480000000039e+00
1.068892160000000091e+00
1.069219839999999921e+00
1.069547519999999974e+00
1.069875200000000026e+00
1.070202880000000079e+00
1.070530560000000131e+00
1.070858239999999961e+00
1.071185920000000014e+00
1.071513600000000066e+00
1.071841280000000118e+00
1.072168959999999949e+00
1.072496640000000001e+00
1.072824320000000053e+00
1.073152000000000106e+00
1.073479679999999936e+00
1.073807359999999989e+00
1.074135040000000041e+00
1.074462720000000093e+00
1.074790399999999924e+00
1.075118079999999976e+00
1.075445760000000028e+00
1.075773440000000081e+00
1.076101120000000133e+00
1.076428799999999963e+00
1.076756480000000016e+00
1.077084160000000068e+00
1.077411840000000121e+00
1.077739519999999951e+00
1.078067200000000003e+00
1.078394880000000056e+00
1.078722560000000108e+00
1.079050239999999938e+00
1.079377919999999991e+00
1.079705600000000043e+00
1.080033280000000095e+00
1.080360959999999926e+00
1.080688639999999978e+00
1.081016320000000031e+00
1.081344000000000083e+00
1.081671679999999913e+00
1.081999359999999966e+00
1.082327040000000018e+00
1.082654720000000070e+00
1.082982400000000123e+00
1.083310079999999953e+00
1.083637760000000005e+00
1.083965440000000058e+00
1.084293120000000110e+00
1.084620799999999941e+00
1.084948479999999993e+00
1.085276160000000045e+00
1.085603840000000098e+00
1.085931519999999928e+00
1.086259199999999980e+00
1.086586880000000033e+00
1.086914560000000085e+00
1.087242239999999915e+00
1.087569919999999968e+00
1.087897600000000020e+00
1.088225280000000073e+00
1.088552960000000125e+00
1.088880639999999955e+00
1.089208320000000008e+00
1.089536000000000060e+00
1.089863680000000112e+00
1.090191359999999943e+00
1.090519039999999995e+00
1.090846720000000047e+00
1.091174400000000100e+00
1.091502079999999930e+00
1.091829759999999983e+00
1.092157440000000035e+00
1.092485120000000087e+00
1.092812799999999918e+00
1.093140479999999970e+00
1.093468160000000022e+00
1.093795840000000075e+00
1.094123520000000127e+00
1.094451199999999957e+00
1.094778880000000010e+00
1.095106560000000062e+00
1.095434240000000115e+00
1.095761919999999945e+00
1.096089599999999997e+00
1.096417280000000050e+00
1.096744960000000102e+00
1.097072639999999932e+00
1.097400319999999985e+00
1.097728000000000037e+00
1.098055680000000089e+00
1.098383359999999920e+00
1.098711039999999972e+00
1.099038720000000025e+00
1.099366400000000077e+00
1.099694080000000129e+00
1.100021759999999960e+00
1.100349440000000012e+00
1.100677120000000064e+00
1.101004800000000117e+00
1.101332479999999947e+00
1.101660159999999999e+00
1.101987840000000052e+00
1.102315520000000104e+00
1.102643199999999934e+00
1.102970879999999987e+00
1.103298560000000039e+00
1.103626240000000092e+00
1.103953919999999922e+00
1.104281599999999974e+00
1.104609280000000027e+00
1.104936960000000079e+00
1.105264640000000131e+00
1.105592319999999962e+00
1.105920000000000014e+00
1.106247680000000067e+00
1.106575360000000119e+00
1.106903039999999949e+00
1.107230720000000002e+00
1.107558400000000054e+00
1.107886080000000106e+00
1.108213759999999937e+00
1.108541439999999989e+00
1.108869120000000041e+00
1.109196800000000094e+00
1.109524479999999924e+00
1.109852159999999976e+00
1.110179840000000029e+00
1.110507520000000081e+00
1.110835200000000134e+00
1.111162879999999964e+00
1.111490560000000016e+00
1.111818240000000069e+00
1.112145920000000121e+00
1.112473599999999951e+00
1.112801280000000004e+00
1.113128960000000056e+00
1.113456640000000109e+00
1.113784319999999939e+00
1.114111999999999991e+00
1.114439680000000044e+00
1.114767360000000096e+00
1.115095039999999926e+00
1.115422719999999979e+00
1.115750400000000031e+00
1.116078080000000083e+00
1.116405759999999914e+00
1.116733439999999966e+00
1.117061120000000018e+00
1.117388800000000071e+00
1.117716480000000123e+00
1.118044159999999954e+00
1.118371840000000006e+00
1.118699520000000058e+00
1.119027200000000111e+00
1.119354879999999941e+00
1.119682559999999993e+00
1.120010240000000046e+00
1.120337920000000098e+00
1.120665599999999928e+00
1.120993279999999981e+00
1.121320960000000033e+00
1.121648640000000086e+00
1.121976319999999916e+00
1.122303999999999968e+00
1.122631680000000021e+00
1.122959360000000073e+00
1.123287040000000125e+00
1.123614719999999956e+00
1.123942400000000008e+00
1.124270080000000060e+00
1.124597760000000113e+00
1.124925439999999943e+00
1.125253119999999996e+00
1.125580800000000048e+00
1.125908480000000100e+00
1.126236159999999931e+00
1.126563839999999983e+00
1.126891520000000035e+00
1.127219200000000088e+00
1.127546879999999918e+00
1.127874559999999970e+00
1.128202240000000023e+00
1.128529920000000075e+00
1.128857600000000128e+00
1.129185279999999958e+00
1.129512960000000010e+00
1.129840640000000063e+00
1.130168320000000115e+00
1.130495999999999945e+00
1.130823679999999998e+00
1.131151360000000050e+00
1.131479040000000102e+00
1.131806719999999933e+00
1.132134399999999985e+00
1.132462080000000038e+00
1.132789760000000090e+00
1.133117439999999920e+00
1.133445119999999973e+00
1.133772800000000025e+00
1.134100480000000077e+00
1.134428160000000130e+00
1.134755839999999960e+00
1.135083520000000012e+00
1.135411200000000065e+00
1.135738880000000117e+00
1.136066559999999948e+00
1.136394240000000000e+00
1.136721920000000052e+00
1.137049600000000105e+00
1.137377279999999935e+00
1.137704959999999987e+00
1.138032640000000040e+00
1.138360320000000092e+00
1.138687999999999922e+00
1.139015679999999975e+00
1.139343360000000027e+00
1.139671040000000080e+00
1.139998720000000132e+00
1.140326399999999962e+00
1.140654080000000015e+00
1.140981760000000067e+00
1.141309440000000119e+00
1.141637119999999950e+00
1.141964800000000002e+00
1.142292480000000054e+00
1.142620160000000107e+00
1.142947839999999937e+00
1.143275519999999990e+00
1.143603200000000042e+00
1.143930880000000094e+00
1.144258559999999925e+00
1.144586239999999977e+00
1.144913920000000029e+00
1.145241600000000082e+00
1.145569280000000134e+00
1.145896959999999964e+00
1.146224640000000017e+00
1.146552320000000069e+00
1.146880000000000122e+00
1.147207679999999952e+00
1.147535360000000004e+00
1.147863040000000057e+00
1.148190720000000109e+00
1.148518399999999939e+00
1.148846079999999992e+00
1.149173760000000044e+00
1.149501440000000096e+00
1.149829119999999927e+00
1.150156799999999979e+00
1.150484480000000032e+00
1.150812160000000084e+00
1.151139839999999914e+00
1.151467519999999967e+00
1.151795200000000019e+00
1.152122880000000071e+00
1.152450560000000124e+00
1.152778239999999954e+00
1.153105920000000006e+00
1.153433600000000059e+00
1.153761280000000111e+00
1.154088959999999942e+00
1.154416639999999994e+00
1.154744320000000046e+00
1.155072000000000099e+00
1.155399679999999929e+00
1.155727359999999981e+00
1.156055040000000034e+00
1.156382720000000086e+00
1.156710399999999916e+00
1.157038079999999969e+00
1.157365760000000021e+00
1.157693440000000074e+00
1.158021120000000126e+00
1.158348799999999956e+00
1.158676480000000009e+00
1.159004160000000061e+00
1.159331840000000113e+00
1.159659519999999944e+00
1.159987199999999996e+00
1.160314880000000048e+00
1.160642560000000101e+00
1.160970239999999931e+00
1.161297919999999984e+00
1.161625600000000036e+00
1.161953280000000088e+00
1.162280959999999919e+00
1.162608639999999971e+00
1.162936320000000023e+00
1.163264000000000076e+00
1.163591680000000128e+00
1.163919359999999958e+00
1.164247040000000011e+00
1.164574720000000063e+00
1.164902400000000116e+00
1.165230079999999946e+00
1.165557759999999998e+00
1.165885440000000051e+00
1.166213120000000103e+00
1.166540799999999933e+00
1.166868479999999986e+00
1.167196160000000038e+00
1.167523840000000090e+00
1.167851519999999921e+00
1.168179199999999973e+00
1.168506880000000026e+00
1.168834560000000078e+00
1.169162240000000130e+00
1.169489919999999961e+00
1.169817600000000013e+00
1.170145280000000065e+00
1.170472960000000118e+00
1.170800639999999948e+00
1.171128320000000000e+00
1.171456000000000053e+00
1.171783680000000105e+00
1.172111359999999936e+00
1.172439039999999988e+00
1.172766720000000040e+00
1.173094400000000093e+00
1.173422079999999923e+00
1.173749759999999975e+00
1.174077440000000028e+00
1.174405120000000080e+00
1.174732800000000132e+00
1.175060479999999963e+00
1.175388160000000015e+00
1.175715840000000068e+00
1.176043520000000120e+00
1.176371199999999950e+00
1.176698880000000003e+00
1.177026560000000055e+00
1.177354240000000107e+00
1.177681919999999938e+00
1.178009599999999990e+00
1.178337280000000042e+00
1.178664960000000095e+00
1.178992639999999925e+00
1.179320319999999978e+00
1.179648000000000030e+00
1.179975680000000082e+00
1.180303360000000135e+00
1.180631039999999965e+00
1.180958720000000017e+00
1.181286400000000070e+00
1.181614080000000122e+00
1.181941759999999952e+00
1.182269440000000005e+00
1.182597120000000057e+00
1.182924800000000110e+00
1.183252479999999940e+00
1.183580159999999992e+00
1.183907840000000045e+00
1.184235520000000097e+00
1.184563199999999927e+00
1.184890879999999980e+00
1.185218560000000032e+00
1.185546240000000084e+00
1.185873919999999915e+00
1.186201599999999967e+00
1.186529280000000020e+00
1.186856960000000072e+00
1.187184640000000124e+00
1.187512319999999955e+00
1.187840000000000007e+00
1.188167680000000059e+00
1.188495360000000112e+00
1.188823039999999942e+00
1.189150719999999994e+00
1.189478400000000047e+00
1.189806080000000099e+00
1.190133759999999929e+00
1.190461439999999982e+00
1.190789120000000034e+00
1.191116800000000087e+00
1.191444479999999917e+00
1.191772159999999969e+00
1.192099840000000022e+00
1.192427520000000074e+00
1.192755200000000126e+00
1.193082879999999957e+00
1.193410560000000009e+00
1.193738240000000062e+00
1.194065920000000114e+00
1.194393599999999944e+00
1.194721279999999997e+00
1.195048960000000049e+00
1.195376640000000101e+00
1.195704319999999932e+00
1.196031999999999984e+00
1.196359680000000036e+00
1.196687360000000089e+00
1.197015039999999919e+00
1.197342719999999971e+00
1.197670400000000024e+00
1.197998080000000076e+00
1.198325760000000129e+00
1.198653439999999959e+00
1.198981120000000011e+00
1.199308800000000064e+00
1.199636480000000116e+00
1.199964159999999946e+00
1.200291839999999999e+00
1.200619520000000051e+00
1.200947200000000104e+00
1.201274879999999934e+00
1.201602559999999986e+00
1.201930240000000039e+00
1.202257920000000091e+00
1.202585599999999921e+00
1.202913279999999974e+00
1.203240960000000026e+00
1.203568640000000078e+00
1.203896320000000131e+00
1.204223999999999961e+00
1.204551680000000013e+00
1.204879360000000066e+00
1.205207040000000118e+00
1.205534719999999949e+00
1.205862400000000001e+00
1.206190080000000053e+00
1.206517760000000106e+00
1.206845439999999936e+00
1.207173119999999988e+00
1.207500800000000041e+00
1.207828480000000093e+00
1.208156159999999923e+00
1.208483839999999976e+00
1.208811520000000028e+00
1.209139200000000081e+00
1.209466880000000133e+00
1.209794559999999963e+00
1.210122240000000016e+00
1.210449920000000068e+00
1.210777600000000120e+00
1.211105279999999951e+00
1.211432960000000003e+00
1.211760640000000055e+00
1.212088320000000108e+00
1.212415999999999938e+00
1.212743679999999991e+00
1.213071360000000043e+00
1.213399040000000095e+00
1.213726719999999926e+00
1.214054399999999978e+00
1.214382080000000030e+00
1.214709760000000083e+00
1.215037440000000135e+00
1.215365119999999965e+00
1.215692800000000018e+00
1.216020480000000070e+00
1.216348160000000123e+00
1.216675839999999953e+00
1.217003520000000005e+00
1.217331200000000058e+00
1.217658880000000110e+00
1.217986559999999940e+00
1.218314239999999993e+00
1.218641920000000045e+00
1.218969600000000097e+00
1.219297279999999928e+00
1.219624959999999980e+00
1.219952640000000033e+00
1.220280320000000085e+00
1.220607999999999915e+00
1.220935679999999968e+00
1.221263360000000020e+00
1.221591040000000072e+00
1.221918720000000125e+00
1.222246399999999955e+00
1.222574080000000007e+00
1.222901760000000060e+00
1.223229440000000112e+00
1.223557119999999943e+00
1.223884799999999995e+00
1.224212480000000047e+00
1.224540160000000100e+00
1.224867839999999930e+00
1.225195519999999982e+00
1.225523200000000035e+00
1.225850880000000087e+00
1.226178559999999917e+00
1.226506239999999970e+00
1.226833920000000022e+00
1.227161600000000075e+00
1.227489280000000127e+00
1.227816959999999957e+00
1.228144640000000010e+00
1.228472320000000062e+00
1.228800000000000114e+00
1.229127679999999945e+00
1.229455359999999997e+00
1.229783040000000049e+00
1.230110720000000102e+00
1.230438399999999932e+00
1.230766079999999985e+00
1.231093760000000037e+00
1.231421440000000089e+00
1.231749119999999920e+00
1.232076799999999972e+00
1.232404480000000024e+00
1.232732160000000077e+00
1.233059840000000129e+00
1.233387519999999959e+00
1.233715200000000012e+00
1.234042880000000064e+00
1.234370560000000117e+00
1.234698239999999947e+00
1.235025919999999999e+00
1.235353600000000052e+00
1.235681280000000104e+00
1.236008959999999934e+00
1.236336639999999987e+00
1.236664320000000039e+00
1.236992000000000091e+00
1.237319679999999922e+00
1.237647359999999974e+00
1.237975040000000027e+00
1.238302720000000079e+00
1.238630400000000131e+00
1.238958079999999962e+00
1.239285760000000014e+00
1.239613440000000066e+00
1.239941120000000119e+00
1.240268799999999949e+00
1.240596480000000001e+00
1.240924160000000054e+00
1.241251840000000106e+00
1.241579519999999937e+00
1.241907199999999989e+00
1.242234880000000041e+00
1.242562560000000094e+00
1.242890239999999924e+00
1.243217919999999976e+00
1.243545600000000029e+00
1.243873280000000081e+00
1.244200960000000133e+00
1.244528639999999964e+00
1.244856320000000016e+00
1.245184000000000069e+00
1.245511680000000121e+00
1.245839359999999951e+00
1.246167040000000004e+00
1.246494720000000056e+00
1.246822400000000108e+00
1.247150079999999939e+00
1.247477759999999991e+00
1.247805440000000043e+00
1.248133120000000096e+00
1.248460799999999926e+00
1.248788479999999979e+00
1.249116160000000031e+00
1.249443840000000083e+00
1.249771520000000136e+00
1.250099199999999966e+00
1.250426880000000018e+00
1.250754560000000071e+00
1.251082240000000123e+00
1.251409919999999953e+00
1.251737600000000006e+00
1.252065280000000058e+00
1.252392960000000111e+00
1.252720639999999941e+00
1.253048319999999993e+00
1.253376000000000046e+00
1.253703680000000098e+00
1.254031359999999928e+00
1.254359039999999981e+00
1.254686720000000033e+00
1.255014400000000085e+00
1.255342079999999916e+00
1.255669759999999968e+00
1.255997440000000021e+00
1.256325120000000073e+00
1.256652800000000125e+00
1.256980479999999956e+00
1.257308160000000008e+00
1.257635840000000060e+00
1.257963520000000113e+00
1.258291199999999943e+00
1.258618879999999995e+00
1.258946560000000048e+00
1.259274240000000100e+00
1.259601919999999931e+00
1.259929599999999983e+00
1.260257280000000035e+00
1.260584960000000088e+00
1.260912639999999918e+00
1.261240319999999970e+00
1.261568000000000023e+00
1.261895680000000075e+00
1.262223360000000127e+00
1.262551039999999958e+00
1.262878720000000010e+00
1.263206400000000063e+00
1.263534080000000115e+00
1.263861759999999945e+00
1.264189439999999998e+00
1.264517120000000050e+00
1.264844800000000102e+00
1.265172479999999933e+00
1.265500159999999985e+00
1.265827840000000037e+00
1.266155520000000090e+00
1.266483199999999920e+00
1.266810879999999973e+00
1.267138560000000025e+00
1.267466240000000077e+00
1.267793920000000130e+00
1.268121599999999960e+00
1.268449280000000012e+00
1.268776960000000065e+00
1.269104640000000117e+00
1.269432319999999947e+00
1.269760000000000000e+00
1.270087680000000052e+00
1.270415360000000105e+00
1.270743039999999935e+00
1.271070719999999987e+00
1.271398400000000040e+00
1.271726080000000092e+00
1.272053759999999922e+00
1.272381439999999975e+00
1.272709120000000027e+00
1.273036800000000079e+00
1.273364480000000132e+00
1.273692159999999962e+00
1.274019840000000015e+00
1.274347520000000067e+00
1.274675200000000119e+00
1.275002879999999950e+00
1.275330560000000002e+00
1.275658240000000054e+00
1.275985920000000107e+00
1.276313599999999937e+00
1.276641279999999989e+00
1.276968960000000042e+00
1.277296640000000094e+00
1.277624319999999924e+00
1.277951999999999977e+00
1.278279680000000029e+00
1.278607360000000082e+00
1.278935040000000134e+00
1.279262719999999964e+00
1.279590400000000017e+00
1.279918080000000069e+00
1.280245760000000121e+00
1.280573439999999952e+00
1.280901120000000004e+00
1.281228800000000057e+00
1.281556480000000109e+00
1.281884159999999939e+00
1.282211839999999992e+00
1.282539520000000044e+00
1.282867200000000096e+00
1.283194879999999927e+00
1.283522559999999979e+00
1.283850240000000031e+00
1.284177920000000084e+00
1.284505600000000136e+00
1.284833279999999966e+00
1.285160960000000019e+00
1.285488640000000071e+00
1.285816320000000124e+00
1.286143999999999954e+00
1.286471680000000006e+00
1.286799360000000059e+00
1.287127040000000111e+00
1.287454719999999941e+00
1.287782399999999994e+00
1.288110080000000046e+00
1.288437760000000099e+00
1.288765439999999929e+00
1.289093119999999981e+00
1.289420800000000034e+00
1.289748480000000086e+00
1.290076159999999916e+00
1.290403839999999969e+00
1.290731520000000021e+00
1.291059200000000073e+00
1.291386880000000126e+00
1.291714559999999956e+00
1.292042240000000008e+00
1.292369920000000061e+00
1.292697600000000113e+00
1.293025279999999944e+00
1.293352959999999996e+00
1.293680640000000048e+00
1.294008320000000101e+00
1.294335999999999931e+00
1.294663679999999983e+00
1.294991360000000036e+00
1.295319040000000088e+00
1.295646719999999918e+00
1.295974399999999971e+00
1.296302080000000023e+00
1.296629760000000076e+00
1.296957440000000128e+00
1.297285119999999958e+00
1.297612800000000011e+00
1.297940480000000063e+00
1.298268160000000115e+00
1.298595839999999946e+00
1.298923519999999998e+00
1.299251200000000050e+00
1.299578880000000103e+00
1.299906559999999933e+00
