0.000000000000000000e+00
1.280000000000000027e-06
2.560000000000000054e-06
3.840000000000000504e-06
5.120000000000000107e-06
6.399999999999999710e-06
7.680000000000001008e-06
8.960000000000000611e-06
1.024000000000000021e-05
1.151999999999999982e-05
1.279999999999999942e-05
1.408000000000000072e-05
1.536000000000000202e-05
1.663999999999999992e-05
1.792000000000000122e-05
1.919999999999999913e-05
2.048000000000000043e-05
2.176000000000000173e-05
2.303999999999999964e-05
2.432000000000000093e-05
2.559999999999999884e-05
2.688000000000000014e-05
2.816000000000000144e-05
2.943999999999999935e-05
3.072000000000000403e-05
3.199999999999999855e-05
3.327999999999999985e-05
3.456000000000000115e-05
3.584000000000000244e-05
3.712000000000000374e-05
3.839999999999999826e-05
3.967999999999999956e-05
4.096000000000000086e-05
4.224000000000000215e-05
4.352000000000000345e-05
4.479999999999999797e-05
4.607999999999999927e-05
4.736000000000000057e-05
4.864000000000000186e-05
4.992000000000000316e-05
5.119999999999999768e-05
5.247999999999999898e-05
5.376000000000000028e-05
5.504000000000000158e-05
5.632000000000000287e-05
5.760000000000000417e-05
5.887999999999999869e-05
6.015999999999999999e-05
6.144000000000000806e-05
6.271999999999999581e-05
6.399999999999999710e-05
6.527999999999999840e-05
6.655999999999999970e-05
6.784000000000000100e-05
6.912000000000000229e-05
7.040000000000000359e-05
7.168000000000000489e-05
7.296000000000000619e-05
7.424000000000000748e-05
7.551999999999999523e-05
7.679999999999999652e-05
7.807999999999999782e-05
7.935999999999999912e-05
8.064000000000000042e-05
8.192000000000000171e-05
8.320000000000000301e-05
8.448000000000000431e-05
8.576000000000000561e-05
8.704000000000000690e-05
8.832000000000000820e-05
8.959999999999999595e-05
9.087999999999999724e-05
9.215999999999999854e-05
9.343999999999999984e-05
9.472000000000000113e-05
9.600000000000000243e-05
9.728000000000000373e-05
9.856000000000000503e-05
9.984000000000000632e-05
1.011200000000000076e-04
1.023999999999999954e-04
1.036799999999999967e-04
1.049599999999999980e-04
1.062399999999999993e-04
1.075200000000000006e-04
1.088000000000000019e-04
1.100800000000000032e-04
1.113600000000000044e-04
1.126400000000000057e-04
1.139200000000000070e-04
1.152000000000000083e-04
1.164799999999999961e-04
1.177599999999999974e-04
1.190399999999999987e-04
1.203200000000000000e-04
1.216000000000000013e-04
1.228800000000000161e-04
1.241600000000000039e-04
1.254399999999999916e-04
1.267200000000000065e-04
1.279999999999999942e-04
1.292800000000000091e-04
1.305599999999999968e-04
1.318400000000000117e-04
1.331199999999999994e-04
1.344000000000000142e-04
1.356800000000000020e-04
1.369599999999999897e-04
1.382400000000000046e-04
1.395199999999999923e-04
1.408000000000000072e-04
1.420799999999999949e-04
1.433600000000000098e-04
1.446399999999999975e-04
1.459200000000000124e-04
1.472000000000000001e-04
1.484800000000000150e-04
1.497600000000000027e-04
1.510399999999999905e-04
1.523200000000000053e-04
1.535999999999999930e-04
1.548800000000000079e-04
1.561599999999999956e-04
1.574400000000000105e-04
1.587199999999999982e-04
1.600000000000000131e-04
1.612800000000000008e-04
1.625600000000000157e-04
1.638400000000000034e-04
1.651199999999999912e-04
1.664000000000000060e-04
1.676799999999999938e-04
1.689600000000000086e-04
1.702399999999999964e-04
1.715200000000000112e-04
1.727999999999999990e-04
1.740800000000000138e-04
1.753600000000000016e-04
1.766400000000000164e-04
1.779200000000000041e-04
1.791999999999999919e-04
1.804800000000000067e-04
1.817599999999999945e-04
1.830400000000000093e-04
1.843199999999999971e-04
1.856000000000000119e-04
1.868799999999999997e-04
1.881600000000000145e-04
1.894400000000000023e-04
1.907200000000000171e-04
1.920000000000000049e-04
1.932799999999999926e-04
1.945600000000000075e-04
1.958399999999999952e-04
1.971200000000000101e-04
1.983999999999999978e-04
1.996800000000000126e-04
2.009600000000000004e-04
2.022400000000000152e-04
2.035200000000000030e-04
2.047999999999999907e-04
2.060800000000000056e-04
2.073599999999999933e-04
2.086400000000000082e-04
2.099199999999999959e-04
2.112000000000000108e-04
2.124799999999999985e-04
2.137600000000000134e-04
2.150400000000000011e-04
2.163200000000000160e-04
2.176000000000000037e-04
2.188799999999999915e-04
2.201600000000000063e-04
2.214399999999999940e-04
2.227200000000000089e-04
2.239999999999999966e-04
2.252800000000000115e-04
2.265599999999999992e-04
2.278400000000000141e-04
2.291200000000000018e-04
2.304000000000000167e-04
2.316800000000000044e-04
2.329599999999999922e-04
2.342400000000000070e-04
2.355199999999999948e-04
2.368000000000000096e-04
2.380799999999999974e-04
2.393600000000000122e-04
2.406400000000000000e-04
2.419200000000000148e-04
2.432000000000000025e-04
2.444799999999999903e-04
2.457600000000000322e-04
2.470400000000000200e-04
2.483200000000000077e-04
2.495999999999999955e-04
2.508799999999999832e-04
2.521600000000000252e-04
2.534400000000000129e-04
2.547200000000000007e-04
2.559999999999999884e-04
2.572800000000000304e-04
2.585600000000000181e-04
2.598400000000000059e-04
2.611199999999999936e-04
2.623999999999999813e-04
2.636800000000000233e-04
2.649600000000000110e-04
2.662399999999999988e-04
2.675199999999999865e-04
2.688000000000000285e-04
2.700800000000000162e-04
2.713600000000000040e-04
2.726399999999999917e-04
2.739199999999999795e-04
2.752000000000000214e-04
2.764800000000000092e-04
2.777599999999999969e-04
2.790399999999999847e-04
2.803200000000000266e-04
2.816000000000000144e-04
2.828800000000000021e-04
2.841599999999999899e-04
2.854400000000000318e-04
2.867200000000000196e-04
2.880000000000000073e-04
2.892799999999999950e-04
2.905599999999999828e-04
2.918400000000000247e-04
2.931200000000000125e-04
2.944000000000000002e-04
2.956799999999999880e-04
2.969600000000000299e-04
2.982400000000000177e-04
2.995200000000000054e-04
3.007999999999999932e-04
3.020799999999999809e-04
3.033600000000000229e-04
3.046400000000000106e-04
3.059199999999999984e-04
3.071999999999999861e-04
3.084800000000000281e-04
3.097600000000000158e-04
3.110400000000000035e-04
3.123199999999999913e-04
3.136000000000000332e-04
3.148800000000000210e-04
3.161600000000000087e-04
3.174399999999999965e-04
3.187199999999999842e-04
3.200000000000000262e-04
3.212800000000000139e-04
3.225600000000000017e-04
3.238399999999999894e-04
3.251200000000000314e-04
3.264000000000000191e-04
3.276800000000000069e-04
3.289599999999999946e-04
3.302399999999999823e-04
3.315200000000000243e-04
3.328000000000000120e-04
3.340799999999999998e-04
3.353599999999999875e-04
3.366400000000000295e-04
3.379200000000000172e-04
3.392000000000000050e-04
3.404799999999999927e-04
3.417599999999999805e-04
3.430400000000000224e-04
3.443200000000000102e-04
3.455999999999999979e-04
3.468799999999999857e-04
3.481600000000000276e-04
3.494400000000000154e-04
3.507200000000000031e-04
3.519999999999999908e-04
3.532800000000000328e-04
3.545600000000000205e-04
3.558400000000000083e-04
3.571199999999999960e-04
3.583999999999999838e-04
3.596800000000000257e-04
3.609600000000000135e-04
3.622400000000000012e-04
3.635199999999999890e-04
3.648000000000000309e-04
3.660800000000000187e-04
3.673600000000000064e-04
3.686399999999999942e-04
3.699199999999999819e-04
3.712000000000000239e-04
3.724800000000000116e-04
3.737599999999999993e-04
3.750399999999999871e-04
3.763200000000000290e-04
3.776000000000000168e-04
3.788800000000000045e-04
3.801599999999999923e-04
3.814400000000000342e-04
3.827200000000000220e-04
3.840000000000000097e-04
3.852799999999999975e-04
3.865599999999999852e-04
3.878400000000000272e-04
3.891200000000000149e-04
3.904000000000000027e-04
3.916799999999999904e-04
3.929600000000000324e-04
3.942400000000000201e-04
3.955200000000000079e-04
3.967999999999999956e-04
3.980799999999999833e-04
3.993600000000000253e-04
4.006400000000000130e-04
4.019200000000000008e-04
4.031999999999999885e-04
4.044800000000000305e-04
4.057600000000000182e-04
4.070400000000000060e-04
4.083199999999999937e-04
4.095999999999999815e-04
4.108800000000000234e-04
4.121600000000000112e-04
4.134399999999999989e-04
4.147199999999999867e-04
4.160000000000000286e-04
4.172800000000000164e-04
4.185600000000000041e-04
4.198399999999999918e-04
4.211200000000000338e-04
4.224000000000000215e-04
4.236800000000000093e-04
4.249599999999999970e-04
4.262399999999999848e-04
4.275200000000000267e-04
4.288000000000000145e-04
4.300800000000000022e-04
4.313599999999999900e-04
4.326400000000000319e-04
4.339200000000000197e-04
4.352000000000000074e-04
4.364799999999999952e-04
4.377599999999999829e-04
4.390400000000000249e-04
4.403200000000000126e-04
4.416000000000000003e-04
4.428799999999999881e-04
4.441600000000000300e-04
4.454400000000000178e-04
4.467200000000000055e-04
4.479999999999999933e-04
4.492800000000000352e-04
4.505600000000000230e-04
4.518400000000000107e-04
4.531199999999999985e-04
4.543999999999999862e-04
4.556800000000000282e-04
4.569600000000000159e-04
4.582400000000000037e-04
4.595199999999999914e-04
4.608000000000000334e-04
4.620800000000000211e-04
4.633600000000000088e-04
4.646399999999999966e-04
4.659199999999999843e-04
4.672000000000000263e-04
4.684800000000000140e-04
4.697600000000000018e-04
4.710399999999999895e-04
4.723200000000000315e-04
4.736000000000000192e-04
4.748800000000000070e-04
4.761599999999999947e-04
4.774400000000000367e-04
4.787200000000000244e-04
4.800000000000000122e-04
4.812799999999999999e-04
4.825599999999999877e-04
4.838400000000000296e-04
4.851200000000000173e-04
4.864000000000000051e-04
4.876799999999999928e-04
4.889599999999999806e-04
4.902399999999999683e-04
4.915200000000000645e-04
4.928000000000000522e-04
4.940800000000000400e-04
4.953600000000000277e-04
4.966400000000000155e-04
4.979200000000000032e-04
4.991999999999999910e-04
5.004799999999999787e-04
5.017599999999999665e-04
5.030400000000000626e-04
5.043200000000000504e-04
5.056000000000000381e-04
5.068800000000000259e-04
5.081600000000000136e-04
5.094400000000000013e-04
5.107199999999999891e-04
5.119999999999999768e-04
5.132799999999999646e-04
5.145600000000000607e-04
5.158400000000000485e-04
5.171200000000000362e-04
5.184000000000000240e-04
5.196800000000000117e-04
5.209599999999999995e-04
5.222399999999999872e-04
5.235199999999999750e-04
5.247999999999999627e-04
5.260800000000000589e-04
5.273600000000000466e-04
5.286400000000000344e-04
5.299200000000000221e-04
5.312000000000000098e-04
5.324799999999999976e-04
5.337599999999999853e-04
5.350399999999999731e-04
5.363199999999999608e-04
5.376000000000000570e-04
5.388800000000000447e-04
5.401600000000000325e-04
5.414400000000000202e-04
5.427200000000000080e-04
5.439999999999999957e-04
5.452799999999999835e-04
5.465599999999999712e-04
5.478399999999999589e-04
5.491200000000000551e-04
5.504000000000000429e-04
5.516800000000000306e-04
5.529600000000000183e-04
5.542400000000000061e-04
5.555199999999999938e-04
5.567999999999999816e-04
5.580799999999999693e-04
5.593600000000000655e-04
5.606400000000000532e-04
5.619200000000000410e-04
5.632000000000000287e-04
5.644800000000000165e-04
5.657600000000000042e-04
5.670399999999999920e-04
5.683199999999999797e-04
5.695999999999999674e-04
5.708800000000000636e-04
5.721600000000000514e-04
5.734400000000000391e-04
5.747200000000000268e-04
5.760000000000000146e-04
5.772800000000000023e-04
5.785599999999999901e-04
5.798399999999999778e-04
5.811199999999999656e-04
5.824000000000000617e-04
5.836800000000000495e-04
5.849600000000000372e-04
5.862400000000000250e-04
5.875200000000000127e-04
5.888000000000000005e-04
5.900799999999999882e-04
5.913599999999999760e-04
5.926399999999999637e-04
5.939200000000000599e-04
5.952000000000000476e-04
5.964800000000000353e-04
5.977600000000000231e-04
5.990400000000000108e-04
6.003199999999999986e-04
6.015999999999999863e-04
6.028799999999999741e-04
6.041599999999999618e-04
6.054400000000000580e-04
6.067200000000000457e-04
6.080000000000000335e-04
6.092800000000000212e-04
6.105600000000000090e-04
6.118399999999999967e-04
6.131199999999999845e-04
6.143999999999999722e-04
6.156799999999999599e-04
6.169600000000000561e-04
6.182400000000000439e-04
6.195200000000000316e-04
6.208000000000000193e-04
6.220800000000000071e-04
6.233599999999999948e-04
6.246399999999999826e-04
6.259199999999999703e-04
6.272000000000000665e-04
6.284800000000000542e-04
6.297600000000000420e-04
6.310400000000000297e-04
6.323200000000000175e-04
6.336000000000000052e-04
6.348799999999999930e-04
6.361599999999999807e-04
6.374399999999999684e-04
6.387200000000000646e-04
6.400000000000000524e-04
6.412800000000000401e-04
6.425600000000000278e-04
6.438400000000000156e-04
6.451200000000000033e-04
6.463999999999999911e-04
6.476799999999999788e-04
6.489599999999999666e-04
6.502400000000000627e-04
6.515200000000000505e-04
6.528000000000000382e-04
6.540800000000000260e-04
6.553600000000000137e-04
6.566400000000000015e-04
6.579199999999999892e-04
6.591999999999999769e-04
6.604799999999999647e-04
6.617600000000000609e-04
6.630400000000000486e-04
6.643200000000000363e-04
6.656000000000000241e-04
6.668800000000000118e-04
6.681599999999999996e-04
6.694399999999999873e-04
6.707199999999999751e-04
6.719999999999999628e-04
6.732800000000000590e-04
6.745600000000000467e-04
6.758400000000000345e-04
6.771200000000000222e-04
6.784000000000000100e-04
6.796799999999999977e-04
6.809599999999999854e-04
6.822399999999999732e-04
6.835199999999999609e-04
6.848000000000000571e-04
6.860800000000000448e-04
6.873600000000000326e-04
6.886400000000000203e-04
6.899200000000000081e-04
6.911999999999999958e-04
6.924799999999999836e-04
6.937599999999999713e-04
6.950400000000000675e-04
6.963200000000000552e-04
6.976000000000000430e-04
6.988800000000000307e-04
7.001600000000000185e-04
7.014400000000000062e-04
7.027199999999999940e-04
7.039999999999999817e-04
7.052799999999999694e-04
7.065600000000000656e-04
7.078400000000000533e-04
7.091200000000000411e-04
7.104000000000000288e-04
7.116800000000000166e-04
7.129600000000000043e-04
7.142399999999999921e-04
7.155199999999999798e-04
7.167999999999999676e-04
7.180800000000000637e-04
7.193600000000000515e-04
7.206400000000000392e-04
7.219200000000000270e-04
7.232000000000000147e-04
7.244800000000000025e-04
7.257599999999999902e-04
7.270399999999999779e-04
7.283199999999999657e-04
7.296000000000000619e-04
7.308800000000000496e-04
7.321600000000000373e-04
7.334400000000000251e-04
7.347200000000000128e-04
7.360000000000000006e-04
7.372799999999999883e-04
7.385599999999999761e-04
7.398399999999999638e-04
7.411200000000000600e-04
7.424000000000000477e-04
7.436800000000000355e-04
7.449600000000000232e-04
7.462400000000000110e-04
7.475199999999999987e-04
7.487999999999999864e-04
7.500799999999999742e-04
7.513599999999999619e-04
7.526400000000000581e-04
7.539200000000000458e-04
7.552000000000000336e-04
7.564800000000000213e-04
7.577600000000000091e-04
7.590399999999999968e-04
7.603199999999999846e-04
7.615999999999999723e-04
7.628800000000000685e-04
7.641600000000000562e-04
7.654400000000000440e-04
7.667200000000000317e-04
7.680000000000000195e-04
7.692800000000000072e-04
7.705599999999999949e-04
7.718399999999999827e-04
7.731199999999999704e-04
7.744000000000000666e-04
7.756800000000000543e-04
7.769600000000000421e-04
7.782400000000000298e-04
7.795200000000000176e-04
7.808000000000000053e-04
7.820799999999999931e-04
7.833599999999999808e-04
7.846399999999999686e-04
7.859200000000000647e-04
7.872000000000000525e-04
7.884800000000000402e-04
7.897600000000000280e-04
7.910400000000000157e-04
7.923200000000000034e-04
7.935999999999999912e-04
7.948799999999999789e-04
7.961599999999999667e-04
7.974400000000000628e-04
7.987200000000000506e-04
8.000000000000000383e-04
8.012800000000000261e-04
8.025600000000000138e-04
8.038400000000000016e-04
8.051199999999999893e-04
8.063999999999999771e-04
8.076799999999999648e-04
8.089600000000000610e-04
8.102400000000000487e-04
8.115200000000000365e-04
8.128000000000000242e-04
8.140800000000000120e-04
8.153599999999999997e-04
8.166399999999999874e-04
8.179199999999999752e-04
8.191999999999999629e-04
8.204800000000000591e-04
8.217600000000000468e-04
8.230400000000000346e-04
8.243200000000000223e-04
8.256000000000000101e-04
8.268799999999999978e-04
8.281599999999999856e-04
8.294399999999999733e-04
8.307200000000000695e-04
8.320000000000000572e-04
8.332800000000000450e-04
8.345600000000000327e-04
8.358400000000000205e-04
8.371200000000000082e-04
8.383999999999999959e-04
8.396799999999999837e-04
8.409599999999999714e-04
8.422400000000000676e-04
8.435200000000000553e-04
8.448000000000000431e-04
8.460800000000000308e-04
8.473600000000000186e-04
8.486400000000000063e-04
8.499199999999999941e-04
8.511999999999999818e-04
8.524799999999999696e-04
8.537600000000000657e-04
8.550400000000000535e-04
8.563200000000000412e-04
8.576000000000000290e-04
8.588800000000000167e-04
8.601600000000000044e-04
8.614399999999999922e-04
8.627199999999999799e-04
8.639999999999999677e-04
8.652800000000000638e-04
8.665600000000000516e-04
8.678400000000000393e-04
8.691200000000000271e-04
8.704000000000000148e-04
8.716800000000000026e-04
8.729599999999999903e-04
8.742399999999999781e-04
8.755199999999999658e-04
8.768000000000000620e-04
8.780800000000000497e-04
8.793600000000000375e-04
8.806400000000000252e-04
8.819200000000000129e-04
8.832000000000000007e-04
8.844799999999999884e-04
8.857599999999999762e-04
8.870400000000000723e-04
8.883200000000000601e-04
8.896000000000000478e-04
8.908800000000000356e-04
8.921600000000000233e-04
8.934400000000000111e-04
8.947199999999999988e-04
8.959999999999999866e-04
8.972799999999999743e-04
8.985600000000000705e-04
8.998400000000000582e-04
9.011200000000000460e-04
9.024000000000000337e-04
9.036800000000000214e-04
9.049600000000000092e-04
9.062399999999999969e-04
9.075199999999999847e-04
9.087999999999999724e-04
9.100800000000000686e-04
9.113600000000000563e-04
9.126400000000000441e-04
9.139200000000000318e-04
9.152000000000000196e-04
9.164800000000000073e-04
9.177599999999999951e-04
9.190399999999999828e-04
9.203199999999999706e-04
9.216000000000000667e-04
9.228800000000000545e-04
9.241600000000000422e-04
9.254400000000000300e-04
9.267200000000000177e-04
9.280000000000000054e-04
9.292799999999999932e-04
9.305599999999999809e-04
9.318399999999999687e-04
9.331200000000000648e-04
9.344000000000000526e-04
9.356800000000000403e-04
9.369600000000000281e-04
9.382400000000000158e-04
9.395200000000000036e-04
9.407999999999999913e-04
9.420799999999999791e-04
9.433599999999999668e-04
9.446400000000000630e-04
9.459200000000000507e-04
9.472000000000000385e-04
9.484800000000000262e-04
9.497600000000000139e-04
9.510400000000000017e-04
9.523199999999999894e-04
9.535999999999999772e-04
9.548800000000000733e-04
9.561600000000000611e-04
9.574400000000000488e-04
9.587200000000000366e-04
9.600000000000000243e-04
9.612800000000000121e-04
9.625599999999999998e-04
9.638399999999999876e-04
9.651199999999999753e-04
9.664000000000000715e-04
9.676800000000000592e-04
9.689600000000000470e-04
9.702400000000000347e-04
9.715200000000000224e-04
9.728000000000000102e-04
9.740799999999999979e-04
9.753599999999999857e-04
9.766399999999999734e-04
9.779199999999999612e-04
9.791999999999999489e-04
9.804799999999999367e-04
9.817599999999999244e-04
9.830400000000001290e-04
9.843200000000001167e-04
9.856000000000001045e-04
9.868800000000000922e-04
9.881600000000000800e-04
9.894400000000000677e-04
9.907200000000000555e-04
9.920000000000000432e-04
9.932800000000000309e-04
9.945600000000000187e-04
9.958400000000000064e-04
9.971199999999999942e-04
9.983999999999999819e-04
9.996799999999999697e-04
1.000959999999999957e-03
1.002239999999999945e-03
1.003519999999999933e-03
1.004799999999999921e-03
1.006080000000000125e-03
1.007360000000000113e-03
1.008640000000000101e-03
1.009920000000000088e-03
1.011200000000000076e-03
1.012480000000000064e-03
1.013760000000000052e-03
1.015040000000000039e-03
1.016320000000000027e-03
1.017600000000000015e-03
1.018880000000000003e-03
1.020159999999999990e-03
1.021439999999999978e-03
1.022719999999999966e-03
1.023999999999999954e-03
1.025279999999999941e-03
1.026559999999999929e-03
1.027839999999999917e-03
1.029120000000000121e-03
1.030400000000000109e-03
1.031680000000000097e-03
1.032960000000000085e-03
1.034240000000000072e-03
1.035520000000000060e-03
1.036800000000000048e-03
1.038080000000000036e-03
1.039360000000000023e-03
1.040640000000000011e-03
1.041919999999999999e-03
1.043199999999999987e-03
1.044479999999999974e-03
1.045759999999999962e-03
1.047039999999999950e-03
1.048319999999999938e-03
1.049599999999999925e-03
1.050880000000000130e-03
1.052160000000000118e-03
1.053440000000000105e-03
1.054720000000000093e-03
1.056000000000000081e-03
1.057280000000000069e-03
1.058560000000000056e-03
1.059840000000000044e-03
1.061120000000000032e-03
1.062400000000000020e-03
1.063680000000000007e-03
1.064959999999999995e-03
1.066239999999999983e-03
1.067519999999999971e-03
1.068799999999999958e-03
1.070079999999999946e-03
1.071359999999999934e-03
1.072639999999999922e-03
1.073920000000000126e-03
1.075200000000000114e-03
1.076480000000000102e-03
1.077760000000000089e-03
1.079040000000000077e-03
1.080320000000000065e-03
1.081600000000000053e-03
1.082880000000000040e-03
1.084160000000000028e-03
1.085440000000000016e-03
1.086720000000000004e-03
1.087999999999999991e-03
1.089279999999999979e-03
1.090559999999999967e-03
1.091839999999999955e-03
1.093119999999999942e-03
1.094399999999999930e-03
1.095679999999999918e-03
1.096960000000000122e-03
1.098240000000000110e-03
1.099520000000000098e-03
1.100800000000000086e-03
1.102080000000000073e-03
1.103360000000000061e-03
1.104640000000000049e-03
1.105920000000000037e-03
1.107200000000000024e-03
1.108480000000000012e-03
1.109760000000000000e-03
1.111039999999999988e-03
1.112319999999999975e-03
1.113599999999999963e-03
1.114879999999999951e-03
1.116159999999999939e-03
1.117439999999999926e-03
1.118720000000000131e-03
1.120000000000000119e-03
1.121280000000000106e-03
1.122560000000000094e-03
1.123840000000000082e-03
1.125120000000000070e-03
1.126400000000000057e-03
1.127680000000000045e-03
1.128960000000000033e-03
1.130240000000000021e-03
1.131520000000000008e-03
1.132799999999999996e-03
1.134079999999999984e-03
1.135359999999999972e-03
1.136639999999999959e-03
1.137919999999999947e-03
1.139199999999999935e-03
1.140479999999999923e-03
1.141760000000000127e-03
1.143040000000000115e-03
1.144320000000000103e-03
1.145600000000000090e-03
1.146880000000000078e-03
1.148160000000000066e-03
1.149440000000000054e-03
1.150720000000000041e-03
1.152000000000000029e-03
1.153280000000000017e-03
1.154560000000000005e-03
1.155839999999999992e-03
1.157119999999999980e-03
1.158399999999999968e-03
1.159679999999999956e-03
1.160959999999999943e-03
1.162239999999999931e-03
1.163519999999999919e-03
1.164800000000000123e-03
1.166080000000000111e-03
1.167360000000000099e-03
1.168640000000000087e-03
1.169920000000000074e-03
1.171200000000000062e-03
1.172480000000000050e-03
1.173760000000000038e-03
1.175040000000000025e-03
1.176320000000000013e-03
1.177600000000000001e-03
1.178879999999999989e-03
1.180159999999999976e-03
1.181439999999999964e-03
1.182719999999999952e-03
1.183999999999999940e-03
1.185279999999999927e-03
1.186560000000000132e-03
1.187840000000000120e-03
1.189120000000000107e-03
1.190400000000000095e-03
1.191680000000000083e-03
1.192960000000000071e-03
1.194240000000000058e-03
1.195520000000000046e-03
1.196800000000000034e-03
1.198080000000000022e-03
1.199360000000000009e-03
1.200639999999999997e-03
1.201919999999999985e-03
1.203199999999999973e-03
1.204479999999999960e-03
1.205759999999999948e-03
1.207039999999999936e-03
1.208319999999999924e-03
1.209600000000000128e-03
1.210880000000000116e-03
1.212160000000000104e-03
1.213440000000000091e-03
1.214720000000000079e-03
1.216000000000000067e-03
1.217280000000000055e-03
1.218560000000000042e-03
1.219840000000000030e-03
1.221120000000000018e-03
1.222400000000000006e-03
1.223679999999999993e-03
1.224959999999999981e-03
1.226239999999999969e-03
1.227519999999999957e-03
1.228799999999999944e-03
1.230079999999999932e-03
1.231359999999999920e-03
1.232640000000000124e-03
1.233920000000000112e-03
1.235200000000000100e-03
1.236480000000000088e-03
1.237760000000000075e-03
1.239040000000000063e-03
1.240320000000000051e-03
1.241600000000000039e-03
1.242880000000000026e-03
1.244160000000000014e-03
1.245440000000000002e-03
1.246719999999999990e-03
1.247999999999999977e-03
1.249279999999999965e-03
1.250559999999999953e-03
1.251839999999999941e-03
1.253119999999999928e-03
1.254400000000000133e-03
1.255680000000000121e-03
1.256960000000000108e-03
1.258240000000000096e-03
1.259520000000000084e-03
1.260800000000000072e-03
1.262080000000000059e-03
1.263360000000000047e-03
1.264640000000000035e-03
1.265920000000000023e-03
1.267200000000000010e-03
1.268479999999999998e-03
1.269759999999999986e-03
1.271039999999999974e-03
1.272319999999999961e-03
1.273599999999999949e-03
1.274879999999999937e-03
1.276159999999999925e-03
1.277440000000000129e-03
1.278720000000000117e-03
1.280000000000000105e-03
1.281280000000000092e-03
1.282560000000000080e-03
1.283840000000000068e-03
1.285120000000000056e-03
1.286400000000000043e-03
1.287680000000000031e-03
1.288960000000000019e-03
1.290240000000000007e-03
1.291519999999999994e-03
1.292799999999999982e-03
1.294079999999999970e-03
1.295359999999999958e-03
1.296639999999999945e-03
1.297919999999999933e-03
1.299199999999999921e-03
1.300480000000000125e-03
1.301760000000000113e-03
1.303040000000000101e-03
1.304320000000000089e-03
1.305600000000000076e-03
1.306880000000000064e-03
1.308160000000000052e-03
1.309440000000000040e-03
1.310720000000000027e-03
1.312000000000000015e-03
1.313280000000000003e-03
1.314559999999999991e-03
1.315839999999999978e-03
1.317119999999999966e-03
1.318399999999999954e-03
1.319679999999999942e-03
1.320959999999999929e-03
1.322240000000000134e-03
1.323520000000000122e-03
1.324800000000000109e-03
1.326080000000000097e-03
1.327360000000000085e-03
1.328640000000000073e-03
1.329920000000000060e-03
1.331200000000000048e-03
1.332480000000000036e-03
1.333760000000000024e-03
1.335040000000000011e-03
1.336319999999999999e-03
1.337599999999999987e-03
1.338879999999999975e-03
1.340159999999999962e-03
1.341439999999999950e-03
1.342719999999999938e-03
1.343999999999999926e-03
1.345280000000000130e-03
1.346560000000000118e-03
1.347840000000000106e-03
1.349120000000000093e-03
1.350400000000000081e-03
1.351680000000000069e-03
1.352960000000000057e-03
1.354240000000000044e-03
1.355520000000000032e-03
1.356800000000000020e-03
1.358080000000000008e-03
1.359359999999999995e-03
1.360639999999999983e-03
1.361919999999999971e-03
1.363199999999999959e-03
1.364479999999999946e-03
1.365759999999999934e-03
1.367039999999999922e-03
1.368320000000000126e-03
1.369600000000000114e-03
1.370880000000000102e-03
1.372160000000000090e-03
1.373440000000000077e-03
1.374720000000000065e-03
1.376000000000000053e-03
1.377280000000000041e-03
1.378560000000000028e-03
1.379840000000000016e-03
1.381120000000000004e-03
1.382399999999999992e-03
1.383679999999999979e-03
1.384959999999999967e-03
1.386239999999999955e-03
1.387519999999999943e-03
1.388799999999999930e-03
1.390080000000000135e-03
1.391360000000000123e-03
1.392640000000000110e-03
1.393920000000000098e-03
1.395200000000000086e-03
1.396480000000000074e-03
1.397760000000000061e-03
1.399040000000000049e-03
1.400320000000000037e-03
1.401600000000000025e-03
1.402880000000000012e-03
1.404160000000000000e-03
1.405439999999999988e-03
1.406719999999999976e-03
1.407999999999999963e-03
1.409279999999999951e-03
1.410559999999999939e-03
1.411839999999999927e-03
1.413120000000000131e-03
1.414400000000000119e-03
1.415680000000000107e-03
1.416960000000000094e-03
1.418240000000000082e-03
1.419520000000000070e-03
1.420800000000000058e-03
1.422080000000000045e-03
1.423360000000000033e-03
1.424640000000000021e-03
1.425920000000000009e-03
1.427199999999999996e-03
1.428479999999999984e-03
1.429759999999999972e-03
1.431039999999999960e-03
1.432319999999999947e-03
1.433599999999999935e-03
1.434879999999999923e-03
1.436160000000000127e-03
1.437440000000000115e-03
1.438720000000000103e-03
1.440000000000000091e-03
1.441280000000000078e-03
1.442560000000000066e-03
1.443840000000000054e-03
1.445120000000000042e-03
1.446400000000000029e-03
1.447680000000000017e-03
1.448960000000000005e-03
1.450239999999999993e-03
1.451519999999999980e-03
1.452799999999999968e-03
1.454079999999999956e-03
1.455359999999999944e-03
1.456639999999999931e-03
1.457920000000000136e-03
1.459200000000000124e-03
1.460480000000000111e-03
1.461760000000000099e-03
1.463040000000000087e-03
1.464320000000000075e-03
1.465600000000000062e-03
1.466880000000000050e-03
1.468160000000000038e-03
1.469440000000000026e-03
1.470720000000000013e-03
1.472000000000000001e-03
1.473279999999999989e-03
1.474559999999999977e-03
1.475839999999999964e-03
1.477119999999999952e-03
1.478399999999999940e-03
1.479679999999999928e-03
1.480960000000000132e-03
1.482240000000000120e-03
1.483520000000000108e-03
1.484800000000000095e-03
1.486080000000000083e-03
1.487360000000000071e-03
1.488640000000000059e-03
1.489920000000000046e-03
1.491200000000000034e-03
1.492480000000000022e-03
1.493760000000000010e-03
1.495039999999999997e-03
1.496319999999999985e-03
1.497599999999999973e-03
1.498879999999999961e-03
1.500159999999999948e-03
1.501439999999999936e-03
1.502719999999999924e-03
1.504000000000000128e-03
1.505280000000000116e-03
1.506560000000000104e-03
1.507840000000000092e-03
1.509120000000000079e-03
1.510400000000000067e-03
1.511680000000000055e-03
1.512960000000000043e-03
1.514240000000000030e-03
1.515520000000000018e-03
1.516800000000000006e-03
1.518079999999999994e-03
1.519359999999999981e-03
1.520639999999999969e-03
1.521919999999999957e-03
1.523199999999999945e-03
1.524479999999999932e-03
1.525760000000000137e-03
1.527040000000000125e-03
1.528320000000000112e-03
1.529600000000000100e-03
1.530880000000000088e-03
1.532160000000000076e-03
1.533440000000000063e-03
1.534720000000000051e-03
1.536000000000000039e-03
1.537280000000000027e-03
1.538560000000000014e-03
1.539840000000000002e-03
1.541119999999999990e-03
1.542399999999999978e-03
1.543679999999999965e-03
1.544959999999999953e-03
1.546239999999999941e-03
1.547519999999999929e-03
1.548800000000000133e-03
1.550080000000000121e-03
1.551360000000000109e-03
1.552640000000000096e-03
1.553920000000000084e-03
1.555200000000000072e-03
1.556480000000000060e-03
1.557760000000000047e-03
1.559040000000000035e-03
1.560320000000000023e-03
1.561600000000000011e-03
1.562879999999999998e-03
1.564159999999999986e-03
1.565439999999999974e-03
1.566719999999999962e-03
1.567999999999999949e-03
1.569279999999999937e-03
1.570559999999999925e-03
1.571840000000000129e-03
1.573120000000000117e-03
1.574400000000000105e-03
1.575680000000000093e-03
1.576960000000000080e-03
1.578240000000000068e-03
1.579520000000000056e-03
1.580800000000000044e-03
1.582080000000000031e-03
1.583360000000000019e-03
1.584640000000000007e-03
1.585919999999999995e-03
1.587199999999999982e-03
1.588479999999999970e-03
1.589759999999999958e-03
1.591039999999999946e-03
1.592319999999999933e-03
1.593600000000000138e-03
1.594880000000000126e-03
1.596160000000000113e-03
1.597440000000000101e-03
1.598720000000000089e-03
1.600000000000000077e-03
1.601280000000000064e-03
1.602560000000000052e-03
1.603840000000000040e-03
1.605120000000000028e-03
1.606400000000000015e-03
1.607680000000000003e-03
1.608959999999999991e-03
1.610239999999999979e-03
1.611519999999999966e-03
1.612799999999999954e-03
1.614079999999999942e-03
1.615359999999999930e-03
1.616640000000000134e-03
1.617920000000000122e-03
1.619200000000000110e-03
1.620480000000000097e-03
1.621760000000000085e-03
1.623040000000000073e-03
1.624320000000000061e-03
1.625600000000000048e-03
1.626880000000000036e-03
1.628160000000000024e-03
1.629440000000000012e-03
1.630719999999999999e-03
1.631999999999999987e-03
1.633279999999999975e-03
1.634559999999999963e-03
1.635839999999999950e-03
1.637119999999999938e-03
1.638399999999999926e-03
1.639680000000000130e-03
1.640960000000000118e-03
1.642240000000000106e-03
1.643520000000000094e-03
1.644800000000000081e-03
1.646080000000000069e-03
1.647360000000000057e-03
1.648640000000000045e-03
1.649920000000000032e-03
1.651200000000000020e-03
1.652480000000000008e-03
1.653759999999999996e-03
1.655039999999999983e-03
1.656319999999999971e-03
1.657599999999999959e-03
1.658879999999999947e-03
1.660159999999999934e-03
1.661440000000000139e-03
1.662720000000000127e-03
1.664000000000000114e-03
1.665280000000000102e-03
1.666560000000000090e-03
1.667840000000000078e-03
1.669120000000000065e-03
1.670400000000000053e-03
1.671680000000000041e-03
1.672960000000000029e-03
1.674240000000000016e-03
1.675520000000000004e-03
1.676799999999999992e-03
1.678079999999999980e-03
1.679359999999999967e-03
1.680639999999999955e-03
1.681919999999999943e-03
1.683199999999999931e-03
1.684480000000000135e-03
1.685760000000000123e-03
1.687040000000000111e-03
1.688320000000000098e-03
1.689600000000000086e-03
1.690880000000000074e-03
1.692160000000000062e-03
1.693440000000000049e-03
1.694720000000000037e-03
1.696000000000000025e-03
1.697280000000000013e-03
1.698560000000000000e-03
1.699839999999999988e-03
1.701119999999999976e-03
1.702399999999999964e-03
1.703679999999999951e-03
1.704959999999999939e-03
1.706240000000000144e-03
1.707520000000000131e-03
1.708800000000000119e-03
1.710080000000000107e-03
1.711360000000000095e-03
1.712640000000000082e-03
1.713920000000000070e-03
1.715200000000000058e-03
1.716480000000000046e-03
1.717760000000000033e-03
1.719040000000000021e-03
1.720320000000000009e-03
1.721599999999999997e-03
1.722879999999999984e-03
1.724159999999999972e-03
1.725439999999999960e-03
1.726719999999999948e-03
1.727999999999999935e-03
1.729280000000000140e-03
1.730560000000000128e-03
1.731840000000000115e-03
1.733120000000000103e-03
1.734400000000000091e-03
1.735680000000000079e-03
1.736960000000000066e-03
1.738240000000000054e-03
1.739520000000000042e-03
1.740800000000000030e-03
1.742080000000000017e-03
1.743360000000000005e-03
1.744639999999999993e-03
1.745919999999999981e-03
1.747199999999999968e-03
1.748479999999999956e-03
1.749759999999999944e-03
1.751039999999999932e-03
1.752320000000000136e-03
1.753600000000000124e-03
1.754880000000000112e-03
1.756160000000000099e-03
1.757440000000000087e-03
1.758720000000000075e-03
1.760000000000000063e-03
1.761280000000000050e-03
1.762560000000000038e-03
1.763840000000000026e-03
1.765120000000000014e-03
1.766400000000000001e-03
1.767679999999999989e-03
1.768959999999999977e-03
1.770239999999999965e-03
1.771519999999999952e-03
1.772799999999999940e-03
1.774080000000000145e-03
1.775360000000000132e-03
1.776640000000000120e-03
1.777920000000000108e-03
1.779200000000000096e-03
1.780480000000000083e-03
1.781760000000000071e-03
1.783040000000000059e-03
1.784320000000000047e-03
1.785600000000000034e-03
1.786880000000000022e-03
1.788160000000000010e-03
1.789439999999999998e-03
1.790719999999999985e-03
1.791999999999999973e-03
1.793279999999999961e-03
1.794559999999999949e-03
1.795839999999999936e-03
1.797120000000000141e-03
1.798400000000000129e-03
1.799680000000000116e-03
1.800960000000000104e-03
1.802240000000000092e-03
1.803520000000000080e-03
1.804800000000000067e-03
1.806080000000000055e-03
1.807360000000000043e-03
1.808640000000000031e-03
1.809920000000000018e-03
1.811200000000000006e-03
1.812479999999999994e-03
1.813759999999999982e-03
1.815039999999999969e-03
1.816319999999999957e-03
1.817599999999999945e-03
1.818879999999999933e-03
1.820160000000000137e-03
1.821440000000000125e-03
1.822720000000000113e-03
1.824000000000000100e-03
1.825280000000000088e-03
1.826560000000000076e-03
1.827840000000000064e-03
1.829120000000000051e-03
1.830400000000000039e-03
1.831680000000000027e-03
1.832960000000000015e-03
1.834240000000000002e-03
1.835519999999999990e-03
1.836799999999999978e-03
1.838079999999999966e-03
1.839359999999999953e-03
1.840639999999999941e-03
1.841920000000000146e-03
1.843200000000000133e-03
1.844480000000000121e-03
1.845760000000000109e-03
1.847040000000000097e-03
1.848320000000000084e-03
1.849600000000000072e-03
1.850880000000000060e-03
1.852160000000000048e-03
1.853440000000000035e-03
1.854720000000000023e-03
1.856000000000000011e-03
1.857279999999999999e-03
1.858559999999999986e-03
1.859839999999999974e-03
1.861119999999999962e-03
1.862399999999999950e-03
1.863679999999999937e-03
1.864960000000000142e-03
1.866240000000000130e-03
1.867520000000000117e-03
1.868800000000000105e-03
1.870080000000000093e-03
1.871360000000000081e-03
1.872640000000000068e-03
1.873920000000000056e-03
1.875200000000000044e-03
1.876480000000000032e-03
1.877760000000000019e-03
1.879040000000000007e-03
1.880319999999999995e-03
1.881599999999999983e-03
1.882879999999999970e-03
1.884159999999999958e-03
1.885439999999999946e-03
1.886719999999999934e-03
1.888000000000000138e-03
1.889280000000000126e-03
1.890560000000000114e-03
1.891840000000000101e-03
1.893120000000000089e-03
1.894400000000000077e-03
1.895680000000000065e-03
1.896960000000000052e-03
1.898240000000000040e-03
1.899520000000000028e-03
1.900800000000000016e-03
1.902080000000000003e-03
1.903359999999999991e-03
1.904639999999999979e-03
1.905919999999999967e-03
1.907199999999999954e-03
1.908479999999999942e-03
1.909760000000000147e-03
1.911040000000000134e-03
1.912320000000000122e-03
1.913600000000000110e-03
1.914880000000000098e-03
1.916160000000000085e-03
1.917440000000000073e-03
1.918720000000000061e-03
1.920000000000000049e-03
1.921280000000000036e-03
1.922560000000000024e-03
1.923840000000000012e-03
1.925120000000000000e-03
1.926399999999999987e-03
1.927679999999999975e-03
1.928959999999999963e-03
1.930239999999999951e-03
1.931519999999999938e-03
1.932800000000000143e-03
1.934080000000000131e-03
1.935360000000000118e-03
1.936640000000000106e-03
1.937920000000000094e-03
1.939200000000000082e-03
1.940480000000000069e-03
1.941760000000000057e-03
1.943040000000000045e-03
1.944320000000000033e-03
1.945600000000000020e-03
1.946880000000000008e-03
1.948159999999999996e-03
1.949439999999999984e-03
1.950719999999999971e-03
1.951999999999999959e-03
1.953279999999999947e-03
1.954560000000000151e-03
1.955839999999999922e-03
1.957120000000000127e-03
1.958399999999999898e-03
1.959680000000000102e-03
1.960959999999999873e-03
1.962240000000000078e-03
1.963519999999999849e-03
1.964800000000000053e-03
1.966080000000000258e-03
1.967360000000000029e-03
1.968640000000000233e-03
1.969920000000000004e-03
1.971200000000000209e-03
1.972479999999999980e-03
1.973760000000000184e-03
1.975039999999999955e-03
1.976320000000000160e-03
1.977599999999999931e-03
1.978880000000000135e-03
1.980159999999999906e-03
1.981440000000000111e-03
1.982719999999999882e-03
1.984000000000000086e-03
1.985279999999999857e-03
1.986560000000000062e-03
1.987839999999999833e-03
1.989120000000000037e-03
1.990400000000000242e-03
1.991680000000000013e-03
1.992960000000000217e-03
1.994239999999999988e-03
1.995520000000000193e-03
1.996799999999999964e-03
1.998080000000000168e-03
1.999359999999999939e-03
2.000640000000000144e-03
2.001919999999999915e-03
2.003200000000000119e-03
2.004479999999999890e-03
2.005760000000000095e-03
2.007039999999999866e-03
2.008320000000000070e-03
2.009599999999999841e-03
2.010880000000000046e-03
2.012160000000000250e-03
2.013440000000000021e-03
2.014720000000000226e-03
2.015999999999999997e-03
2.017280000000000201e-03
2.018559999999999972e-03
2.019840000000000177e-03
2.021119999999999948e-03
2.022400000000000152e-03
2.023679999999999923e-03
2.024960000000000128e-03
2.026239999999999899e-03
2.027520000000000103e-03
2.028799999999999874e-03
2.030080000000000079e-03
2.031359999999999850e-03
2.032640000000000054e-03
2.033920000000000259e-03
2.035200000000000030e-03
2.036480000000000234e-03
2.037760000000000005e-03
2.039040000000000210e-03
2.040319999999999981e-03
2.041600000000000185e-03
2.042879999999999956e-03
2.044160000000000161e-03
2.045439999999999932e-03
2.046720000000000136e-03
2.047999999999999907e-03
2.049280000000000112e-03
2.050559999999999883e-03
2.051840000000000087e-03
2.053119999999999858e-03
2.054400000000000063e-03
2.055679999999999834e-03
2.056960000000000038e-03
2.058240000000000243e-03
2.059520000000000014e-03
2.060800000000000218e-03
2.062079999999999989e-03
2.063360000000000194e-03
2.064639999999999965e-03
2.065920000000000169e-03
2.067199999999999940e-03
2.068480000000000145e-03
2.069759999999999916e-03
2.071040000000000120e-03
2.072319999999999891e-03
2.073600000000000096e-03
2.074879999999999867e-03
2.076160000000000071e-03
2.077439999999999842e-03
2.078720000000000047e-03
2.080000000000000251e-03
2.081280000000000022e-03
2.082560000000000227e-03
2.083839999999999998e-03
2.085120000000000202e-03
2.086399999999999973e-03
2.087680000000000178e-03
2.088959999999999949e-03
2.090240000000000153e-03
2.091519999999999924e-03
2.092800000000000129e-03
2.094079999999999900e-03
2.095360000000000104e-03
2.096639999999999875e-03
2.097920000000000080e-03
2.099199999999999851e-03
2.100480000000000055e-03
2.101760000000000260e-03
2.103040000000000031e-03
2.104320000000000235e-03
2.105600000000000006e-03
2.106880000000000211e-03
2.108159999999999982e-03
2.109440000000000186e-03
2.110719999999999957e-03
2.112000000000000162e-03
2.113279999999999933e-03
2.114560000000000137e-03
2.115839999999999908e-03
2.117120000000000113e-03
2.118399999999999884e-03
2.119680000000000088e-03
2.120959999999999859e-03
2.122240000000000064e-03
2.123519999999999835e-03
2.124800000000000039e-03
2.126080000000000244e-03
2.127360000000000015e-03
2.128640000000000219e-03
2.129919999999999990e-03
2.131200000000000195e-03
2.132479999999999966e-03
2.133760000000000170e-03
2.135039999999999941e-03
2.136320000000000146e-03
2.137599999999999917e-03
2.138880000000000121e-03
2.140159999999999892e-03
2.141440000000000097e-03
2.142719999999999868e-03
2.144000000000000072e-03
2.145279999999999843e-03
2.146560000000000048e-03
2.147840000000000252e-03
2.149120000000000023e-03
2.150400000000000228e-03
2.151679999999999999e-03
2.152960000000000203e-03
2.154239999999999974e-03
2.155520000000000179e-03
2.156799999999999950e-03
2.158080000000000154e-03
2.159359999999999925e-03
2.160640000000000130e-03
2.161919999999999901e-03
2.163200000000000105e-03
2.164479999999999876e-03
2.165760000000000081e-03
2.167039999999999852e-03
2.168320000000000056e-03
2.169600000000000261e-03
2.170880000000000032e-03
2.172160000000000236e-03
2.173440000000000007e-03
2.174720000000000212e-03
2.175999999999999983e-03
2.177280000000000187e-03
2.178559999999999958e-03
2.179840000000000163e-03
2.181119999999999934e-03
2.182400000000000138e-03
2.183679999999999909e-03
2.184960000000000114e-03
2.186239999999999885e-03
2.187520000000000089e-03
2.188799999999999860e-03
2.190080000000000065e-03
2.191359999999999836e-03
2.192640000000000040e-03
2.193920000000000245e-03
2.195200000000000016e-03
2.196480000000000220e-03
2.197759999999999991e-03
2.199040000000000196e-03
2.200319999999999967e-03
2.201600000000000171e-03
2.202879999999999942e-03
2.204160000000000147e-03
2.205439999999999918e-03
2.206720000000000122e-03
2.207999999999999893e-03
2.209280000000000098e-03
2.210559999999999869e-03
2.211840000000000073e-03
2.213119999999999844e-03
2.214400000000000049e-03
2.215680000000000253e-03
2.216960000000000024e-03
2.218240000000000229e-03
2.219520000000000000e-03
2.220800000000000204e-03
2.222079999999999975e-03
2.223360000000000180e-03
2.224639999999999951e-03
2.225920000000000155e-03
2.227199999999999926e-03
2.228480000000000131e-03
2.229759999999999902e-03
2.231040000000000106e-03
2.232319999999999877e-03
2.233600000000000082e-03
2.234879999999999853e-03
2.236160000000000057e-03
2.237440000000000262e-03
2.238720000000000033e-03
2.240000000000000237e-03
2.241280000000000008e-03
2.242560000000000213e-03
2.243839999999999984e-03
2.245120000000000188e-03
2.246399999999999959e-03
2.247680000000000164e-03
2.248959999999999935e-03
2.250240000000000139e-03
2.251519999999999910e-03
2.252800000000000115e-03
2.254079999999999886e-03
2.255360000000000090e-03
2.256639999999999861e-03
2.257920000000000066e-03
2.259199999999999837e-03
2.260480000000000041e-03
2.261760000000000246e-03
2.263040000000000017e-03
2.264320000000000221e-03
2.265599999999999992e-03
2.266880000000000197e-03
2.268159999999999968e-03
2.269440000000000172e-03
2.270719999999999943e-03
2.272000000000000148e-03
2.273279999999999919e-03
2.274560000000000123e-03
2.275839999999999894e-03
2.277120000000000099e-03
2.278399999999999870e-03
2.279680000000000074e-03
2.280959999999999845e-03
2.282240000000000050e-03
2.283520000000000254e-03
2.284800000000000025e-03
2.286080000000000230e-03
2.287360000000000001e-03
2.288640000000000205e-03
2.289919999999999976e-03
2.291200000000000181e-03
2.292479999999999952e-03
2.293760000000000156e-03
2.295039999999999927e-03
2.296320000000000132e-03
2.297599999999999903e-03
2.298880000000000107e-03
2.300159999999999878e-03
2.301440000000000083e-03
2.302719999999999854e-03
2.304000000000000058e-03
2.305280000000000263e-03
2.306560000000000034e-03
2.307840000000000238e-03
2.309120000000000009e-03
2.310400000000000214e-03
2.311679999999999985e-03
2.312960000000000189e-03
2.314239999999999960e-03
2.315520000000000165e-03
2.316799999999999936e-03
2.318080000000000140e-03
2.319359999999999911e-03
2.320640000000000116e-03
2.321919999999999887e-03
2.323200000000000091e-03
2.324479999999999862e-03
2.325760000000000067e-03
2.327039999999999838e-03
2.328320000000000042e-03
2.329600000000000247e-03
2.330880000000000018e-03
2.332160000000000222e-03
2.333439999999999993e-03
2.334720000000000198e-03
2.335999999999999969e-03
2.337280000000000173e-03
2.338559999999999944e-03
2.339840000000000149e-03
2.341119999999999920e-03
2.342400000000000124e-03
2.343679999999999895e-03
2.344960000000000100e-03
2.346239999999999871e-03
2.347520000000000075e-03
2.348799999999999846e-03
2.350080000000000051e-03
2.351360000000000255e-03
2.352640000000000026e-03
2.353920000000000231e-03
2.355200000000000002e-03
2.356480000000000206e-03
2.357759999999999977e-03
2.359040000000000182e-03
2.360319999999999953e-03
2.361600000000000157e-03
2.362879999999999928e-03
2.364160000000000133e-03
2.365439999999999904e-03
2.366720000000000108e-03
2.367999999999999879e-03
2.369280000000000084e-03
2.370559999999999855e-03
2.371840000000000059e-03
2.373120000000000264e-03
2.374400000000000035e-03
2.375680000000000239e-03
2.376960000000000010e-03
2.378240000000000215e-03
2.379519999999999986e-03
2.380800000000000190e-03
2.382079999999999961e-03
2.383360000000000166e-03
2.384639999999999937e-03
2.385920000000000141e-03
2.387199999999999912e-03
2.388480000000000117e-03
2.389759999999999888e-03
2.391040000000000092e-03
2.392319999999999863e-03
2.393600000000000068e-03
2.394879999999999839e-03
2.396160000000000043e-03
2.397440000000000248e-03
2.398720000000000019e-03
2.400000000000000223e-03
2.401279999999999994e-03
2.402560000000000199e-03
2.403839999999999970e-03
2.405120000000000174e-03
2.406399999999999945e-03
2.407680000000000150e-03
2.408959999999999921e-03
2.410240000000000125e-03
2.411519999999999896e-03
2.412800000000000101e-03
2.414079999999999872e-03
2.415360000000000076e-03
2.416639999999999847e-03
2.417920000000000052e-03
2.419200000000000256e-03
2.420480000000000027e-03
2.421760000000000232e-03
2.423040000000000003e-03
2.424320000000000207e-03
2.425599999999999978e-03
2.426880000000000183e-03
2.428159999999999954e-03
2.429440000000000158e-03
2.430719999999999929e-03
2.432000000000000134e-03
2.433279999999999905e-03
2.434560000000000109e-03
2.435839999999999880e-03
2.437120000000000085e-03
2.438399999999999856e-03
2.439680000000000060e-03
2.440960000000000265e-03
2.442240000000000036e-03
2.443520000000000240e-03
2.444800000000000011e-03
2.446080000000000216e-03
2.447359999999999987e-03
2.448640000000000191e-03
2.449919999999999962e-03
2.451200000000000167e-03
2.452479999999999938e-03
2.453760000000000142e-03
2.455039999999999913e-03
2.456320000000000118e-03
2.457599999999999889e-03
2.458880000000000093e-03
2.460159999999999864e-03
2.461440000000000069e-03
2.462719999999999840e-03
2.464000000000000044e-03
2.465280000000000249e-03
2.466560000000000020e-03
2.467840000000000224e-03
2.469119999999999995e-03
2.470400000000000200e-03
2.471679999999999971e-03
2.472960000000000175e-03
2.474239999999999946e-03
2.475520000000000151e-03
2.476799999999999922e-03
2.478080000000000126e-03
2.479359999999999897e-03
2.480640000000000102e-03
2.481919999999999873e-03
2.483200000000000077e-03
2.484479999999999848e-03
2.485760000000000053e-03
2.487040000000000257e-03
2.488320000000000028e-03
2.489600000000000233e-03
2.490880000000000004e-03
2.492160000000000208e-03
2.493439999999999979e-03
2.494720000000000184e-03
2.495999999999999955e-03
2.497280000000000159e-03
2.498559999999999930e-03
2.499840000000000135e-03
2.501119999999999906e-03
2.502400000000000110e-03
2.503679999999999881e-03
2.504960000000000086e-03
2.506239999999999857e-03
2.507520000000000061e-03
2.508800000000000266e-03
2.510080000000000037e-03
2.511360000000000241e-03
2.512640000000000012e-03
2.513920000000000217e-03
2.515199999999999988e-03
2.516480000000000192e-03
2.517759999999999963e-03
2.519040000000000168e-03
2.520319999999999939e-03
2.521600000000000143e-03
2.522879999999999914e-03
2.524160000000000119e-03
2.525439999999999890e-03
2.526720000000000094e-03
2.527999999999999865e-03
2.529280000000000070e-03
2.530559999999999841e-03
2.531840000000000045e-03
2.533120000000000250e-03
2.534400000000000021e-03
2.535680000000000225e-03
2.536959999999999996e-03
2.538240000000000201e-03
2.539519999999999972e-03
2.540800000000000176e-03
2.542079999999999947e-03
2.543360000000000152e-03
2.544639999999999923e-03
2.545920000000000127e-03
2.547199999999999898e-03
2.548480000000000103e-03
2.549759999999999874e-03
2.551040000000000078e-03
2.552319999999999849e-03
2.553600000000000054e-03
2.554880000000000258e-03
2.556160000000000029e-03
2.557440000000000234e-03
2.558720000000000005e-03
2.560000000000000209e-03
2.561279999999999980e-03
2.562560000000000185e-03
2.563839999999999956e-03
2.565120000000000160e-03
2.566399999999999931e-03
2.567680000000000136e-03
2.568959999999999907e-03
2.570240000000000111e-03
2.571519999999999882e-03
2.572800000000000087e-03
2.574079999999999858e-03
2.575360000000000062e-03
2.576640000000000267e-03
2.577920000000000038e-03
2.579200000000000242e-03
2.580480000000000013e-03
2.581760000000000218e-03
2.583039999999999989e-03
2.584320000000000193e-03
2.585599999999999964e-03
2.586880000000000169e-03
2.588159999999999940e-03
2.589440000000000144e-03
2.590719999999999915e-03
2.592000000000000120e-03
2.593279999999999891e-03
2.594560000000000095e-03
2.595839999999999866e-03
2.597120000000000071e-03
2.598399999999999842e-03
2.599680000000000046e-03
2.600960000000000251e-03
2.602240000000000022e-03
2.603520000000000226e-03
2.604799999999999997e-03
2.606080000000000202e-03
2.607359999999999973e-03
2.608640000000000177e-03
2.609919999999999948e-03
2.611200000000000153e-03
2.612479999999999924e-03
2.613760000000000128e-03
2.615039999999999899e-03
2.616320000000000104e-03
2.617599999999999875e-03
2.618880000000000079e-03
2.620159999999999850e-03
2.621440000000000055e-03
2.622720000000000259e-03
2.624000000000000030e-03
2.625280000000000235e-03
2.626560000000000006e-03
2.627840000000000210e-03
2.629119999999999981e-03
2.630400000000000186e-03
2.631679999999999957e-03
2.632960000000000161e-03
2.634239999999999932e-03
2.635520000000000137e-03
2.636799999999999908e-03
2.638080000000000112e-03
2.639359999999999883e-03
2.640640000000000088e-03
2.641919999999999859e-03
2.643200000000000063e-03
2.644480000000000268e-03
2.645760000000000039e-03
2.647040000000000243e-03
2.648320000000000014e-03
2.649600000000000219e-03
2.650879999999999990e-03
2.652160000000000194e-03
2.653439999999999965e-03
2.654720000000000170e-03
2.655999999999999941e-03
2.657280000000000145e-03
2.658559999999999916e-03
2.659840000000000121e-03
2.661119999999999892e-03
2.662400000000000096e-03
2.663679999999999867e-03
2.664960000000000072e-03
2.666239999999999843e-03
2.667520000000000047e-03
2.668800000000000252e-03
2.670080000000000023e-03
2.671360000000000227e-03
2.672639999999999998e-03
2.673920000000000203e-03
2.675199999999999974e-03
2.676480000000000178e-03
2.677759999999999949e-03
2.679040000000000154e-03
2.680319999999999925e-03
2.681600000000000129e-03
2.682879999999999900e-03
2.684160000000000105e-03
2.685439999999999876e-03
2.686720000000000080e-03
2.687999999999999851e-03
2.689280000000000056e-03
2.690560000000000260e-03
2.691840000000000031e-03
2.693120000000000236e-03
2.694400000000000007e-03
2.695680000000000211e-03
2.696959999999999982e-03
2.698240000000000187e-03
2.699519999999999958e-03
2.700800000000000162e-03
2.702079999999999933e-03
2.703360000000000138e-03
2.704639999999999909e-03
2.705920000000000113e-03
2.707199999999999884e-03
2.708480000000000089e-03
2.709759999999999860e-03
2.711040000000000064e-03
2.712320000000000269e-03
2.713600000000000040e-03
2.714880000000000244e-03
2.716160000000000015e-03
2.717440000000000220e-03
2.718719999999999991e-03
2.720000000000000195e-03
2.721279999999999966e-03
2.722560000000000171e-03
2.723839999999999942e-03
2.725120000000000146e-03
2.726399999999999917e-03
2.727680000000000122e-03
2.728959999999999893e-03
2.730240000000000097e-03
2.731519999999999868e-03
2.732800000000000073e-03
2.734079999999999844e-03
2.735360000000000048e-03
2.736640000000000253e-03
2.737920000000000024e-03
2.739200000000000228e-03
2.740479999999999999e-03
2.741760000000000204e-03
2.743039999999999975e-03
2.744320000000000179e-03
2.745599999999999950e-03
2.746880000000000155e-03
2.748159999999999926e-03
2.749440000000000130e-03
2.750719999999999901e-03
2.752000000000000106e-03
2.753279999999999877e-03
2.754560000000000081e-03
2.755839999999999852e-03
2.757120000000000057e-03
2.758400000000000261e-03
2.759680000000000032e-03
2.760960000000000237e-03
2.762240000000000008e-03
2.763520000000000212e-03
2.764799999999999983e-03
2.766080000000000188e-03
2.767359999999999959e-03
2.768640000000000163e-03
2.769919999999999934e-03
2.771200000000000139e-03
2.772479999999999910e-03
2.773760000000000114e-03
2.775039999999999885e-03
2.776320000000000090e-03
2.777599999999999861e-03
2.778880000000000065e-03
2.780160000000000270e-03
2.781440000000000041e-03
2.782720000000000245e-03
2.784000000000000016e-03
2.785280000000000221e-03
2.786559999999999992e-03
2.787840000000000196e-03
2.789119999999999967e-03
2.790400000000000172e-03
2.791679999999999943e-03
2.792960000000000147e-03
2.794239999999999918e-03
2.795520000000000123e-03
2.796799999999999894e-03
2.798080000000000098e-03
2.799359999999999869e-03
2.800640000000000074e-03
2.801919999999999845e-03
2.803200000000000049e-03
2.804480000000000254e-03
2.805760000000000025e-03
2.807040000000000229e-03
2.808320000000000000e-03
2.809600000000000205e-03
2.810879999999999976e-03
2.812160000000000180e-03
2.813439999999999951e-03
2.814720000000000156e-03
2.815999999999999927e-03
2.817280000000000131e-03
2.818559999999999902e-03
2.819840000000000107e-03
2.821119999999999878e-03
2.822400000000000082e-03
2.823679999999999853e-03
2.824960000000000058e-03
2.826240000000000262e-03
2.827520000000000033e-03
2.828800000000000238e-03
2.830080000000000009e-03
2.831360000000000213e-03
2.832639999999999984e-03
2.833920000000000189e-03
2.835199999999999960e-03
2.836480000000000164e-03
2.837759999999999935e-03
2.839040000000000140e-03
2.840319999999999911e-03
2.841600000000000115e-03
2.842879999999999886e-03
2.844160000000000091e-03
2.845439999999999862e-03
2.846720000000000066e-03
2.848000000000000271e-03
2.849280000000000042e-03
2.850560000000000246e-03
2.851840000000000017e-03
2.853120000000000222e-03
2.854399999999999993e-03
2.855680000000000197e-03
2.856959999999999968e-03
2.858240000000000173e-03
2.859519999999999944e-03
2.860800000000000148e-03
2.862079999999999919e-03
2.863360000000000124e-03
2.864639999999999895e-03
2.865920000000000099e-03
2.867199999999999870e-03
2.868480000000000075e-03
2.869759999999999846e-03
2.871040000000000050e-03
2.872320000000000255e-03
2.873600000000000026e-03
2.874880000000000230e-03
2.876160000000000001e-03
2.877440000000000206e-03
2.878719999999999977e-03
2.880000000000000181e-03
2.881279999999999952e-03
2.882560000000000157e-03
2.883839999999999928e-03
2.885120000000000132e-03
2.886399999999999903e-03
2.887680000000000108e-03
2.888959999999999879e-03
2.890240000000000083e-03
2.891519999999999854e-03
2.892800000000000059e-03
2.894080000000000263e-03
2.895360000000000034e-03
2.896640000000000239e-03
2.897920000000000010e-03
2.899200000000000214e-03
2.900479999999999985e-03
2.901760000000000190e-03
2.903039999999999961e-03
2.904320000000000165e-03
2.905599999999999936e-03
2.906880000000000141e-03
2.908159999999999912e-03
2.909440000000000116e-03
2.910719999999999887e-03
2.912000000000000092e-03
2.913279999999999863e-03
2.914560000000000067e-03
2.915840000000000272e-03
2.917120000000000043e-03
2.918400000000000247e-03
2.919680000000000018e-03
2.920960000000000223e-03
2.922239999999999994e-03
2.923520000000000198e-03
2.924799999999999969e-03
2.926080000000000174e-03
2.927359999999999945e-03
2.928640000000000149e-03
2.929919999999999920e-03
2.931200000000000125e-03
2.932479999999999896e-03
2.933760000000000100e-03
2.935039999999999871e-03
2.936320000000000076e-03
2.937599999999999847e-03
2.938880000000000051e-03
2.940160000000000256e-03
2.941440000000000027e-03
2.942720000000000231e-03
2.944000000000000002e-03
2.945280000000000207e-03
2.946559999999999978e-03
2.947840000000000182e-03
2.949119999999999953e-03
2.950400000000000158e-03
2.951679999999999929e-03
2.952960000000000133e-03
2.954239999999999904e-03
2.955520000000000109e-03
2.956799999999999880e-03
2.958080000000000084e-03
2.959359999999999855e-03
2.960640000000000060e-03
2.961920000000000264e-03
2.963200000000000035e-03
2.964480000000000240e-03
2.965760000000000011e-03
2.967040000000000215e-03
2.968319999999999986e-03
2.969600000000000191e-03
2.970879999999999962e-03
2.972160000000000166e-03
2.973439999999999937e-03
2.974720000000000142e-03
2.975999999999999913e-03
2.977280000000000117e-03
2.978559999999999888e-03
2.979840000000000093e-03
2.981119999999999864e-03
2.982400000000000068e-03
2.983680000000000273e-03
2.984960000000000044e-03
2.986240000000000248e-03
2.987520000000000019e-03
2.988800000000000224e-03
2.990079999999999995e-03
2.991360000000000199e-03
2.992639999999999970e-03
2.993920000000000175e-03
2.995199999999999946e-03
2.996480000000000150e-03
2.997759999999999921e-03
2.999040000000000126e-03
3.000319999999999897e-03
3.001600000000000101e-03
3.002879999999999872e-03
3.004160000000000077e-03
3.005439999999999848e-03
3.006720000000000052e-03
3.008000000000000257e-03
3.009280000000000028e-03
3.010560000000000232e-03
3.011840000000000003e-03
3.013120000000000208e-03
3.014399999999999979e-03
3.015680000000000183e-03
3.016959999999999954e-03
3.018240000000000159e-03
3.019519999999999930e-03
3.020800000000000134e-03
3.022079999999999905e-03
3.023360000000000110e-03
3.024639999999999881e-03
3.025920000000000085e-03
3.027199999999999856e-03
3.028480000000000061e-03
3.029760000000000265e-03
3.031040000000000036e-03
3.032320000000000241e-03
3.033600000000000012e-03
3.034880000000000216e-03
3.036159999999999987e-03
3.037440000000000192e-03
3.038719999999999963e-03
3.040000000000000167e-03
3.041279999999999938e-03
3.042560000000000143e-03
3.043839999999999914e-03
3.045120000000000118e-03
3.046399999999999889e-03
3.047680000000000094e-03
3.048959999999999865e-03
3.050240000000000069e-03
3.051520000000000274e-03
3.052800000000000045e-03
3.054080000000000249e-03
3.055360000000000020e-03
3.056640000000000225e-03
3.057919999999999996e-03
3.059200000000000200e-03
3.060479999999999971e-03
3.061760000000000176e-03
3.063039999999999947e-03
3.064320000000000151e-03
3.065599999999999922e-03
3.066880000000000127e-03
3.068159999999999898e-03
3.069440000000000102e-03
3.070719999999999873e-03
3.072000000000000078e-03
3.073279999999999849e-03
3.074560000000000053e-03
3.075840000000000258e-03
3.077120000000000029e-03
3.078400000000000233e-03
3.079680000000000004e-03
3.080960000000000209e-03
3.082239999999999980e-03
3.083520000000000184e-03
3.084799999999999955e-03
3.086080000000000160e-03
3.087359999999999931e-03
3.088640000000000135e-03
3.089919999999999906e-03
3.091200000000000111e-03
3.092479999999999882e-03
3.093760000000000086e-03
3.095039999999999857e-03
3.096320000000000062e-03
3.097600000000000266e-03
3.098880000000000037e-03
3.100160000000000242e-03
3.101440000000000013e-03
3.102720000000000217e-03
3.103999999999999988e-03
3.105280000000000193e-03
3.106559999999999964e-03
3.107840000000000168e-03
3.109119999999999939e-03
3.110400000000000144e-03
3.111679999999999915e-03
3.112960000000000119e-03
3.114239999999999890e-03
3.115520000000000095e-03
3.116799999999999866e-03
3.118080000000000070e-03
3.119360000000000275e-03
3.120640000000000046e-03
3.121920000000000250e-03
3.123200000000000021e-03
3.124480000000000226e-03
3.125759999999999997e-03
3.127040000000000201e-03
3.128319999999999972e-03
3.129600000000000177e-03
3.130879999999999948e-03
3.132160000000000152e-03
3.133439999999999923e-03
3.134720000000000128e-03
3.135999999999999899e-03
3.137280000000000103e-03
3.138559999999999874e-03
3.139840000000000079e-03
3.141119999999999850e-03
3.142400000000000054e-03
3.143680000000000259e-03
3.144960000000000030e-03
3.146240000000000234e-03
3.147520000000000005e-03
3.148800000000000210e-03
3.150079999999999981e-03
3.151360000000000185e-03
3.152639999999999956e-03
3.153920000000000161e-03
3.155199999999999932e-03
3.156480000000000136e-03
3.157759999999999907e-03
3.159040000000000112e-03
3.160319999999999883e-03
3.161600000000000087e-03
3.162879999999999858e-03
3.164160000000000063e-03
3.165440000000000267e-03
3.166720000000000038e-03
3.168000000000000243e-03
3.169280000000000014e-03
3.170560000000000218e-03
3.171839999999999989e-03
3.173120000000000194e-03
3.174399999999999965e-03
3.175680000000000169e-03
3.176959999999999940e-03
3.178240000000000145e-03
3.179519999999999916e-03
3.180800000000000120e-03
3.182079999999999891e-03
3.183360000000000096e-03
3.184639999999999867e-03
3.185920000000000071e-03
3.187200000000000276e-03
3.188480000000000047e-03
3.189760000000000251e-03
3.191040000000000022e-03
3.192320000000000227e-03
3.193599999999999998e-03
3.194880000000000202e-03
3.196159999999999973e-03
3.197440000000000178e-03
3.198719999999999949e-03
3.200000000000000153e-03
3.201279999999999924e-03
3.202560000000000129e-03
3.203839999999999900e-03
3.205120000000000104e-03
3.206399999999999875e-03
3.207680000000000080e-03
3.208959999999999851e-03
3.210240000000000055e-03
3.211520000000000260e-03
3.212800000000000031e-03
3.214080000000000235e-03
3.215360000000000006e-03
3.216640000000000211e-03
3.217919999999999982e-03
3.219200000000000186e-03
3.220479999999999957e-03
3.221760000000000162e-03
3.223039999999999933e-03
3.224320000000000137e-03
3.225599999999999908e-03
3.226880000000000113e-03
3.228159999999999884e-03
3.229440000000000088e-03
3.230719999999999859e-03
3.232000000000000064e-03
3.233280000000000268e-03
3.234560000000000039e-03
3.235840000000000244e-03
3.237120000000000015e-03
3.238400000000000219e-03
3.239679999999999990e-03
3.240960000000000195e-03
3.242239999999999966e-03
3.243520000000000170e-03
3.244799999999999941e-03
3.246080000000000146e-03
3.247359999999999917e-03
3.248640000000000121e-03
3.249919999999999892e-03
3.251200000000000097e-03
3.252479999999999868e-03
3.253760000000000072e-03
3.255040000000000277e-03
3.256320000000000048e-03
3.257600000000000252e-03
3.258880000000000023e-03
3.260160000000000228e-03
3.261439999999999999e-03
3.262720000000000203e-03
3.263999999999999974e-03
3.265280000000000179e-03
3.266559999999999950e-03
3.267840000000000154e-03
3.269119999999999925e-03
3.270400000000000130e-03
3.271679999999999901e-03
3.272960000000000105e-03
3.274239999999999876e-03
3.275520000000000081e-03
3.276799999999999852e-03
3.278080000000000056e-03
3.279360000000000261e-03
3.280640000000000032e-03
3.281920000000000236e-03
3.283200000000000007e-03
3.284480000000000212e-03
3.285759999999999983e-03
3.287040000000000187e-03
3.288319999999999958e-03
3.289600000000000163e-03
3.290879999999999934e-03
3.292160000000000138e-03
3.293439999999999909e-03
3.294720000000000114e-03
3.295999999999999885e-03
3.297280000000000089e-03
3.298559999999999860e-03
3.299840000000000065e-03
3.301120000000000269e-03
3.302400000000000040e-03
3.303680000000000245e-03
3.304960000000000016e-03
3.306240000000000220e-03
3.307519999999999991e-03
3.308800000000000196e-03
3.310079999999999967e-03
3.311360000000000171e-03
3.312639999999999942e-03
3.313920000000000147e-03
3.315199999999999918e-03
3.316480000000000122e-03
3.317759999999999893e-03
3.319040000000000098e-03
3.320319999999999869e-03
3.321600000000000073e-03
3.322880000000000278e-03
3.324160000000000049e-03
3.325440000000000253e-03
3.326720000000000024e-03
3.328000000000000229e-03
3.329280000000000000e-03
3.330560000000000204e-03
3.331839999999999975e-03
3.333120000000000180e-03
3.334399999999999951e-03
3.335680000000000155e-03
3.336959999999999926e-03
3.338240000000000131e-03
3.339519999999999902e-03
3.340800000000000106e-03
3.342079999999999877e-03
3.343360000000000082e-03
3.344640000000000286e-03
3.345920000000000057e-03
3.347200000000000262e-03
3.348480000000000033e-03
3.349760000000000237e-03
3.351040000000000008e-03
3.352320000000000213e-03
3.353599999999999984e-03
3.354880000000000188e-03
3.356159999999999959e-03
3.357440000000000164e-03
3.358719999999999935e-03
3.360000000000000139e-03
3.361279999999999910e-03
3.362560000000000115e-03
3.363839999999999886e-03
3.365120000000000090e-03
3.366399999999999861e-03
3.367680000000000066e-03
3.368960000000000270e-03
3.370240000000000041e-03
3.371520000000000246e-03
3.372800000000000017e-03
3.374080000000000221e-03
3.375359999999999992e-03
3.376640000000000197e-03
3.377919999999999968e-03
3.379200000000000172e-03
3.380479999999999943e-03
3.381760000000000148e-03
3.383039999999999919e-03
3.384320000000000123e-03
3.385599999999999894e-03
3.386880000000000099e-03
3.388159999999999870e-03
3.389440000000000074e-03
3.390720000000000279e-03
3.392000000000000050e-03
3.393280000000000254e-03
3.394560000000000025e-03
3.395840000000000230e-03
3.397120000000000001e-03
3.398400000000000205e-03
3.399679999999999976e-03
3.400960000000000181e-03
3.402239999999999952e-03
3.403520000000000156e-03
3.404799999999999927e-03
3.406080000000000132e-03
3.407359999999999903e-03
3.408640000000000107e-03
3.409919999999999878e-03
3.411200000000000083e-03
3.412480000000000287e-03
3.413760000000000058e-03
3.415040000000000263e-03
3.416320000000000034e-03
3.417600000000000238e-03
3.418880000000000009e-03
3.420160000000000214e-03
3.421439999999999985e-03
3.422720000000000189e-03
3.423999999999999960e-03
3.425280000000000165e-03
3.426559999999999936e-03
3.427840000000000140e-03
3.429119999999999911e-03
3.430400000000000116e-03
3.431679999999999887e-03
3.432960000000000091e-03
3.434239999999999862e-03
3.435520000000000067e-03
3.436800000000000271e-03
3.438080000000000042e-03
3.439360000000000247e-03
3.440640000000000018e-03
3.441920000000000222e-03
3.443199999999999993e-03
3.444480000000000198e-03
3.445759999999999969e-03
3.447040000000000173e-03
3.448319999999999944e-03
3.449600000000000149e-03
3.450879999999999920e-03
3.452160000000000124e-03
3.453439999999999895e-03
3.454720000000000100e-03
3.455999999999999871e-03
3.457280000000000075e-03
3.458560000000000280e-03
3.459840000000000051e-03
3.461120000000000255e-03
3.462400000000000026e-03
3.463680000000000231e-03
3.464960000000000002e-03
3.466240000000000206e-03
3.467519999999999977e-03
3.468800000000000182e-03
3.470079999999999953e-03
3.471360000000000157e-03
3.472639999999999928e-03
3.473920000000000133e-03
3.475199999999999904e-03
3.476480000000000108e-03
3.477759999999999879e-03
3.479040000000000084e-03
3.480320000000000288e-03
3.481600000000000059e-03
3.482880000000000264e-03
3.484160000000000035e-03
3.485440000000000239e-03
3.486720000000000010e-03
3.488000000000000215e-03
3.489279999999999986e-03
3.490560000000000190e-03
3.491839999999999961e-03
3.493120000000000166e-03
3.494399999999999937e-03
3.495680000000000141e-03
3.496959999999999912e-03
3.498240000000000117e-03
3.499519999999999888e-03
3.500800000000000092e-03
3.502079999999999863e-03
3.503360000000000068e-03
3.504640000000000272e-03
3.505920000000000043e-03
3.507200000000000248e-03
3.508480000000000019e-03
3.509760000000000223e-03
3.511039999999999994e-03
3.512320000000000199e-03
3.513599999999999970e-03
3.514880000000000174e-03
3.516159999999999945e-03
3.517440000000000150e-03
3.518719999999999921e-03
3.520000000000000125e-03
3.521279999999999896e-03
3.522560000000000101e-03
3.523839999999999872e-03
3.525120000000000076e-03
3.526400000000000281e-03
3.527680000000000052e-03
3.528960000000000256e-03
3.530240000000000027e-03
3.531520000000000232e-03
3.532800000000000003e-03
3.534080000000000207e-03
3.535359999999999978e-03
3.536640000000000183e-03
3.537919999999999954e-03
3.539200000000000158e-03
3.540479999999999929e-03
3.541760000000000134e-03
3.543039999999999905e-03
3.544320000000000109e-03
3.545599999999999880e-03
3.546880000000000085e-03
3.548160000000000289e-03
3.549440000000000060e-03
3.550720000000000265e-03
3.552000000000000036e-03
3.553280000000000240e-03
3.554560000000000011e-03
3.555840000000000216e-03
3.557119999999999987e-03
3.558400000000000191e-03
3.559679999999999962e-03
3.560960000000000167e-03
3.562239999999999938e-03
3.563520000000000142e-03
3.564799999999999913e-03
3.566080000000000118e-03
3.567359999999999889e-03
3.568640000000000093e-03
3.569919999999999864e-03
3.571200000000000069e-03
3.572480000000000273e-03
3.573760000000000044e-03
3.575040000000000249e-03
3.576320000000000020e-03
3.577600000000000224e-03
3.578879999999999995e-03
3.580160000000000200e-03
3.581439999999999971e-03
3.582720000000000175e-03
3.583999999999999946e-03
3.585280000000000151e-03
3.586559999999999922e-03
3.587840000000000126e-03
3.589119999999999897e-03
3.590400000000000102e-03
3.591679999999999873e-03
3.592960000000000077e-03
3.594240000000000282e-03
3.595520000000000053e-03
3.596800000000000257e-03
3.598080000000000028e-03
3.599360000000000233e-03
3.600640000000000004e-03
3.601920000000000208e-03
3.603199999999999979e-03
3.604480000000000184e-03
3.605759999999999955e-03
3.607040000000000159e-03
3.608319999999999930e-03
3.609600000000000135e-03
3.610879999999999906e-03
3.612160000000000110e-03
3.613439999999999881e-03
3.614720000000000086e-03
3.616000000000000290e-03
3.617280000000000061e-03
3.618560000000000266e-03
3.619840000000000037e-03
3.621120000000000241e-03
3.622400000000000012e-03
3.623680000000000217e-03
3.624959999999999988e-03
3.626240000000000192e-03
3.627519999999999963e-03
3.628800000000000168e-03
3.630079999999999939e-03
3.631360000000000143e-03
3.632639999999999914e-03
3.633920000000000119e-03
3.635199999999999890e-03
3.636480000000000094e-03
3.637759999999999865e-03
3.639040000000000070e-03
3.640320000000000274e-03
3.641600000000000045e-03
3.642880000000000250e-03
3.644160000000000021e-03
3.645440000000000225e-03
3.646719999999999996e-03
3.648000000000000201e-03
3.649279999999999972e-03
3.650560000000000176e-03
3.651839999999999947e-03
3.653120000000000152e-03
3.654399999999999923e-03
3.655680000000000127e-03
3.656959999999999898e-03
3.658240000000000103e-03
3.659519999999999874e-03
3.660800000000000078e-03
3.662080000000000283e-03
3.663360000000000054e-03
3.664640000000000258e-03
3.665920000000000029e-03
3.667200000000000234e-03
3.668480000000000005e-03
3.669760000000000209e-03
3.671039999999999980e-03
3.672320000000000185e-03
3.673599999999999956e-03
3.674880000000000160e-03
3.676159999999999931e-03
3.677440000000000136e-03
3.678719999999999907e-03
3.680000000000000111e-03
3.681279999999999882e-03
3.682560000000000087e-03
3.683840000000000291e-03
3.685120000000000062e-03
3.686400000000000267e-03
3.687680000000000038e-03
3.688960000000000242e-03
3.690240000000000013e-03
3.691520000000000218e-03
3.692799999999999989e-03
3.694080000000000193e-03
3.695359999999999964e-03
3.696640000000000169e-03
3.697919999999999940e-03
3.699200000000000144e-03
3.700479999999999915e-03
3.701760000000000120e-03
3.703039999999999891e-03
3.704320000000000095e-03
3.705599999999999866e-03
3.706880000000000071e-03
3.708160000000000275e-03
3.709440000000000046e-03
3.710720000000000251e-03
3.712000000000000022e-03
3.713280000000000226e-03
3.714559999999999997e-03
3.715840000000000202e-03
3.717119999999999973e-03
3.718400000000000177e-03
3.719679999999999948e-03
3.720960000000000153e-03
3.722239999999999924e-03
3.723520000000000128e-03
3.724799999999999899e-03
3.726080000000000104e-03
3.727359999999999875e-03
3.728640000000000079e-03
3.729920000000000284e-03
3.731200000000000055e-03
3.732480000000000259e-03
3.733760000000000030e-03
3.735040000000000235e-03
3.736320000000000006e-03
3.737600000000000210e-03
3.738879999999999981e-03
3.740160000000000186e-03
3.741439999999999957e-03
3.742720000000000161e-03
3.743999999999999932e-03
3.745280000000000137e-03
3.746559999999999908e-03
3.747840000000000112e-03
3.749119999999999883e-03
3.750400000000000088e-03
3.751680000000000292e-03
3.752960000000000063e-03
3.754240000000000268e-03
3.755520000000000039e-03
3.756800000000000243e-03
3.758080000000000014e-03
3.759360000000000219e-03
3.760639999999999990e-03
3.761920000000000194e-03
3.763199999999999965e-03
3.764480000000000170e-03
3.765759999999999941e-03
3.767040000000000145e-03
3.768319999999999916e-03
3.769600000000000121e-03
3.770879999999999892e-03
3.772160000000000096e-03
3.773439999999999867e-03
3.774720000000000072e-03
3.776000000000000276e-03
3.777280000000000047e-03
3.778560000000000252e-03
3.779840000000000023e-03
3.781120000000000227e-03
3.782399999999999998e-03
3.783680000000000203e-03
3.784959999999999974e-03
3.786240000000000178e-03
3.787519999999999949e-03
3.788800000000000154e-03
3.790079999999999925e-03
3.791360000000000129e-03
3.792639999999999900e-03
3.793920000000000105e-03
3.795199999999999876e-03
3.796480000000000080e-03
3.797760000000000285e-03
3.799040000000000056e-03
3.800320000000000260e-03
3.801600000000000031e-03
3.802880000000000236e-03
3.804160000000000007e-03
3.805440000000000211e-03
3.806719999999999982e-03
3.808000000000000187e-03
3.809279999999999958e-03
3.810560000000000162e-03
3.811839999999999933e-03
3.813120000000000138e-03
3.814399999999999909e-03
3.815680000000000113e-03
3.816959999999999884e-03
3.818240000000000089e-03
3.819520000000000293e-03
3.820800000000000064e-03
3.822080000000000269e-03
3.823360000000000040e-03
3.824640000000000244e-03
3.825920000000000015e-03
3.827200000000000220e-03
3.828479999999999991e-03
3.829760000000000195e-03
3.831039999999999966e-03
3.832320000000000171e-03
3.833599999999999942e-03
3.834880000000000146e-03
3.836159999999999917e-03
3.837440000000000122e-03
3.838719999999999893e-03
3.840000000000000097e-03
3.841279999999999868e-03
3.842560000000000073e-03
3.843840000000000277e-03
3.845120000000000048e-03
3.846400000000000253e-03
3.847680000000000024e-03
3.848960000000000228e-03
3.850239999999999999e-03
3.851520000000000204e-03
3.852799999999999975e-03
3.854080000000000179e-03
3.855359999999999950e-03
3.856640000000000155e-03
3.857919999999999926e-03
3.859200000000000130e-03
3.860479999999999901e-03
3.861760000000000106e-03
3.863039999999999877e-03
3.864320000000000081e-03
3.865600000000000286e-03
3.866880000000000057e-03
3.868160000000000261e-03
3.869440000000000032e-03
3.870720000000000237e-03
3.872000000000000008e-03
3.873280000000000212e-03
3.874559999999999983e-03
3.875840000000000188e-03
3.877119999999999959e-03
3.878400000000000163e-03
3.879679999999999934e-03
3.880960000000000139e-03
3.882239999999999910e-03
3.883520000000000114e-03
3.884799999999999885e-03
3.886080000000000090e-03
3.887360000000000294e-03
3.888640000000000065e-03
3.889920000000000270e-03
3.891200000000000041e-03
3.892480000000000245e-03
3.893760000000000016e-03
3.895040000000000221e-03
3.896319999999999992e-03
3.897600000000000196e-03
3.898879999999999967e-03
3.900160000000000172e-03
3.901439999999999943e-03
3.902720000000000147e-03
3.903999999999999918e-03
3.905280000000000123e-03
3.906559999999999894e-03
3.907840000000000098e-03
3.909120000000000303e-03
3.910400000000000507e-03
3.911679999999999845e-03
3.912960000000000049e-03
3.914240000000000254e-03
3.915520000000000458e-03
3.916799999999999796e-03
3.918080000000000000e-03
3.919360000000000205e-03
3.920640000000000409e-03
3.921919999999999747e-03
3.923199999999999951e-03
3.924480000000000156e-03
3.925760000000000360e-03
3.927039999999999698e-03
3.928319999999999902e-03
3.929600000000000107e-03
3.930880000000000311e-03
3.932160000000000516e-03
3.933439999999999853e-03
3.934720000000000058e-03
3.936000000000000262e-03
3.937280000000000467e-03
3.938559999999999804e-03
3.939840000000000009e-03
3.941120000000000213e-03
3.942400000000000418e-03
3.943679999999999755e-03
3.944959999999999960e-03
3.946240000000000164e-03
3.947520000000000369e-03
3.948799999999999706e-03
3.950079999999999911e-03
3.951360000000000115e-03
3.952640000000000320e-03
3.953919999999999657e-03
3.955199999999999862e-03
3.956480000000000066e-03
3.957760000000000271e-03
3.959040000000000475e-03
3.960319999999999813e-03
3.961600000000000017e-03
3.962880000000000222e-03
3.964160000000000426e-03
3.965439999999999764e-03
3.966719999999999968e-03
3.968000000000000173e-03
3.969280000000000377e-03
3.970559999999999715e-03
3.971839999999999919e-03
3.973120000000000124e-03
3.974400000000000328e-03
3.975679999999999666e-03
3.976959999999999870e-03
3.978240000000000075e-03
3.979520000000000279e-03
3.980800000000000484e-03
3.982079999999999821e-03
3.983360000000000026e-03
3.984640000000000230e-03
3.985920000000000435e-03
3.987199999999999772e-03
3.988479999999999977e-03
3.989760000000000181e-03
3.991040000000000386e-03
3.992319999999999723e-03
3.993599999999999928e-03
3.994880000000000132e-03
3.996160000000000337e-03
3.997439999999999674e-03
3.998719999999999879e-03
4.000000000000000083e-03
4.001280000000000288e-03
4.002560000000000492e-03
4.003839999999999830e-03
4.005120000000000034e-03
4.006400000000000239e-03
4.007680000000000443e-03
4.008959999999999781e-03
4.010239999999999985e-03
4.011520000000000190e-03
4.012800000000000394e-03
4.014079999999999732e-03
4.015359999999999936e-03
4.016640000000000141e-03
4.017920000000000345e-03
4.019199999999999683e-03
4.020479999999999887e-03
4.021760000000000092e-03
4.023040000000000296e-03
4.024320000000000501e-03
4.025599999999999838e-03
4.026880000000000043e-03
4.028160000000000247e-03
4.029440000000000452e-03
4.030719999999999789e-03
4.031999999999999994e-03
4.033280000000000198e-03
4.034560000000000403e-03
4.035839999999999740e-03
4.037119999999999945e-03
4.038400000000000149e-03
4.039680000000000354e-03
4.040959999999999691e-03
4.042239999999999896e-03
4.043520000000000100e-03
4.044800000000000305e-03
4.046080000000000509e-03
4.047359999999999847e-03
4.048640000000000051e-03
4.049920000000000256e-03
4.051200000000000460e-03
4.052479999999999798e-03
4.053760000000000002e-03
4.055040000000000207e-03
4.056320000000000411e-03
4.057599999999999749e-03
4.058879999999999953e-03
4.060160000000000158e-03
4.061440000000000362e-03
4.062719999999999700e-03
4.063999999999999904e-03
4.065280000000000109e-03
4.066560000000000313e-03
4.067840000000000518e-03
4.069119999999999855e-03
4.070400000000000060e-03
4.071680000000000264e-03
4.072960000000000469e-03
4.074239999999999806e-03
4.075520000000000011e-03
4.076800000000000215e-03
4.078080000000000420e-03
4.079359999999999757e-03
4.080639999999999962e-03
4.081920000000000166e-03
4.083200000000000371e-03
4.084479999999999708e-03
4.085759999999999913e-03
4.087040000000000117e-03
4.088320000000000322e-03
4.089599999999999659e-03
4.090879999999999864e-03
4.092160000000000068e-03
4.093440000000000273e-03
4.094720000000000477e-03
4.095999999999999815e-03
4.097280000000000019e-03
4.098560000000000224e-03
4.099840000000000428e-03
4.101119999999999766e-03
4.102399999999999970e-03
4.103680000000000175e-03
4.104960000000000379e-03
4.106239999999999717e-03
4.107519999999999921e-03
4.108800000000000126e-03
4.110080000000000330e-03
4.111359999999999668e-03
4.112639999999999872e-03
4.113920000000000077e-03
4.115200000000000281e-03
4.116480000000000486e-03
4.117759999999999823e-03
4.119040000000000028e-03
4.120320000000000232e-03
4.121600000000000437e-03
4.122879999999999774e-03
4.124159999999999979e-03
4.125440000000000183e-03
4.126720000000000388e-03
4.127999999999999725e-03
4.129279999999999930e-03
4.130560000000000134e-03
4.131840000000000339e-03
4.133119999999999676e-03
4.134399999999999881e-03
4.135680000000000085e-03
4.136960000000000290e-03
4.138240000000000494e-03
4.139519999999999832e-03
4.140800000000000036e-03
4.142080000000000241e-03
4.143360000000000445e-03
4.144639999999999783e-03
4.145919999999999987e-03
4.147200000000000192e-03
4.148480000000000396e-03
4.149759999999999734e-03
4.151039999999999938e-03
4.152320000000000143e-03
4.153600000000000347e-03
4.154879999999999685e-03
4.156159999999999889e-03
4.157440000000000094e-03
4.158720000000000298e-03
4.160000000000000503e-03
4.161279999999999840e-03
4.162560000000000045e-03
4.163840000000000249e-03
4.165120000000000454e-03
4.166399999999999791e-03
4.167679999999999996e-03
4.168960000000000200e-03
4.170240000000000405e-03
4.171519999999999742e-03
4.172799999999999947e-03
4.174080000000000151e-03
4.175360000000000356e-03
4.176639999999999693e-03
4.177919999999999898e-03
4.179200000000000102e-03
4.180480000000000307e-03
4.181760000000000511e-03
4.183039999999999849e-03
4.184320000000000053e-03
4.185600000000000258e-03
4.186880000000000462e-03
4.188159999999999800e-03
4.189440000000000004e-03
4.190720000000000209e-03
4.192000000000000413e-03
4.193279999999999751e-03
4.194559999999999955e-03
4.195840000000000160e-03
4.197120000000000364e-03
4.198399999999999702e-03
4.199679999999999906e-03
4.200960000000000111e-03
4.202240000000000315e-03
4.203520000000000520e-03
4.204799999999999857e-03
4.206080000000000062e-03
4.207360000000000266e-03
4.208640000000000471e-03
4.209919999999999808e-03
4.211200000000000013e-03
4.212480000000000217e-03
4.213760000000000422e-03
4.215039999999999759e-03
4.216319999999999964e-03
4.217600000000000168e-03
4.218880000000000373e-03
4.220159999999999710e-03
4.221439999999999915e-03
4.222720000000000119e-03
4.224000000000000324e-03
4.225279999999999661e-03
4.226559999999999866e-03
4.227840000000000070e-03
4.229120000000000275e-03
4.230400000000000479e-03
4.231679999999999817e-03
4.232960000000000021e-03
4.234240000000000226e-03
4.235520000000000430e-03
4.236799999999999768e-03
4.238079999999999972e-03
4.239360000000000177e-03
4.240640000000000381e-03
4.241919999999999719e-03
4.243199999999999923e-03
4.244480000000000128e-03
4.245760000000000332e-03
4.247039999999999670e-03
4.248319999999999874e-03
4.249600000000000079e-03
4.250880000000000283e-03
4.252160000000000488e-03
4.253439999999999825e-03
4.254720000000000030e-03
4.256000000000000234e-03
4.257280000000000439e-03
4.258559999999999776e-03
4.259839999999999981e-03
4.261120000000000185e-03
4.262400000000000390e-03
4.263679999999999727e-03
4.264959999999999932e-03
4.266240000000000136e-03
4.267520000000000341e-03
4.268799999999999678e-03
4.270079999999999883e-03
4.271360000000000087e-03
4.272640000000000292e-03
4.273920000000000496e-03
4.275199999999999834e-03
4.276480000000000038e-03
4.277760000000000243e-03
4.279040000000000447e-03
4.280319999999999785e-03
4.281599999999999989e-03
4.282880000000000194e-03
4.284160000000000398e-03
4.285439999999999736e-03
4.286719999999999940e-03
4.288000000000000145e-03
4.289280000000000349e-03
4.290559999999999687e-03
4.291839999999999891e-03
4.293120000000000096e-03
4.294400000000000300e-03
4.295680000000000505e-03
4.296959999999999842e-03
4.298240000000000047e-03
4.299520000000000251e-03
4.300800000000000456e-03
4.302079999999999793e-03
4.303359999999999998e-03
4.304640000000000202e-03
4.305920000000000407e-03
4.307199999999999744e-03
4.308479999999999949e-03
4.309760000000000153e-03
4.311040000000000358e-03
4.312319999999999695e-03
4.313599999999999900e-03
4.314880000000000104e-03
4.316160000000000309e-03
4.317440000000000513e-03
4.318719999999999851e-03
4.320000000000000055e-03
4.321280000000000260e-03
4.322560000000000464e-03
4.323839999999999802e-03
4.325120000000000006e-03
4.326400000000000211e-03
4.327680000000000415e-03
4.328959999999999753e-03
4.330239999999999957e-03
4.331520000000000162e-03
4.332800000000000366e-03
4.334079999999999704e-03
4.335359999999999908e-03
4.336640000000000113e-03
4.337920000000000317e-03
4.339200000000000522e-03
4.340479999999999859e-03
4.341760000000000064e-03
4.343040000000000268e-03
4.344320000000000473e-03
4.345599999999999810e-03
4.346880000000000015e-03
4.348160000000000219e-03
4.349440000000000424e-03
4.350719999999999761e-03
4.351999999999999966e-03
4.353280000000000170e-03
4.354560000000000375e-03
4.355839999999999712e-03
4.357119999999999917e-03
4.358400000000000121e-03
4.359680000000000326e-03
4.360959999999999663e-03
4.362239999999999868e-03
4.363520000000000072e-03
4.364800000000000277e-03
4.366080000000000481e-03
4.367359999999999819e-03
4.368640000000000023e-03
4.369920000000000228e-03
4.371200000000000432e-03
4.372479999999999770e-03
4.373759999999999974e-03
4.375040000000000179e-03
4.376320000000000383e-03
4.377599999999999721e-03
4.378879999999999925e-03
4.380160000000000130e-03
4.381440000000000334e-03
4.382719999999999672e-03
4.383999999999999876e-03
4.385280000000000081e-03
4.386560000000000285e-03
4.387840000000000490e-03
4.389119999999999827e-03
4.390400000000000032e-03
4.391680000000000236e-03
4.392960000000000441e-03
4.394239999999999778e-03
4.395519999999999983e-03
4.396800000000000187e-03
4.398080000000000392e-03
4.399359999999999729e-03
4.400639999999999934e-03
4.401920000000000138e-03
4.403200000000000343e-03
4.404479999999999680e-03
4.405759999999999885e-03
4.407040000000000089e-03
4.408320000000000294e-03
4.409600000000000498e-03
4.410879999999999836e-03
4.412160000000000040e-03
4.413440000000000245e-03
4.414720000000000449e-03
4.415999999999999787e-03
4.417279999999999991e-03
4.418560000000000196e-03
4.419840000000000400e-03
4.421119999999999738e-03
4.422399999999999942e-03
4.423680000000000147e-03
4.424960000000000351e-03
4.426239999999999689e-03
4.427519999999999893e-03
4.428800000000000098e-03
4.430080000000000302e-03
4.431360000000000507e-03
4.432639999999999844e-03
4.433920000000000049e-03
4.435200000000000253e-03
4.436480000000000458e-03
4.437759999999999795e-03
4.439040000000000000e-03
4.440320000000000204e-03
4.441600000000000409e-03
4.442879999999999746e-03
4.444159999999999951e-03
4.445440000000000155e-03
4.446720000000000360e-03
4.447999999999999697e-03
4.449279999999999902e-03
4.450560000000000106e-03
4.451840000000000311e-03
4.453120000000000515e-03
4.454399999999999853e-03
4.455680000000000057e-03
4.456960000000000262e-03
4.458240000000000466e-03
4.459519999999999804e-03
4.460800000000000008e-03
4.462080000000000213e-03
4.463360000000000417e-03
4.464639999999999755e-03
4.465919999999999959e-03
4.467200000000000164e-03
4.468480000000000368e-03
4.469759999999999706e-03
4.471039999999999910e-03
4.472320000000000115e-03
4.473600000000000319e-03
4.474880000000000524e-03
4.476159999999999861e-03
4.477440000000000066e-03
4.478720000000000270e-03
4.480000000000000475e-03
4.481279999999999812e-03
4.482560000000000017e-03
4.483840000000000221e-03
4.485120000000000426e-03
4.486399999999999763e-03
4.487679999999999968e-03
4.488960000000000172e-03
4.490240000000000377e-03
4.491519999999999714e-03
4.492799999999999919e-03
4.494080000000000123e-03
4.495360000000000328e-03
4.496639999999999665e-03
4.497919999999999870e-03
4.499200000000000074e-03
4.500480000000000279e-03
4.501760000000000483e-03
4.503039999999999821e-03
4.504320000000000025e-03
4.505600000000000230e-03
4.506880000000000434e-03
4.508159999999999772e-03
4.509439999999999976e-03
4.510720000000000181e-03
4.512000000000000385e-03
4.513279999999999723e-03
4.514559999999999927e-03
4.515840000000000132e-03
4.517120000000000336e-03
4.518399999999999674e-03
4.519679999999999878e-03
4.520960000000000083e-03
4.522240000000000287e-03
4.523520000000000492e-03
4.524799999999999829e-03
4.526080000000000034e-03
4.527360000000000238e-03
4.528640000000000443e-03
4.529919999999999780e-03
4.531199999999999985e-03
4.532480000000000189e-03
4.533760000000000394e-03
4.535039999999999731e-03
4.536319999999999936e-03
4.537600000000000140e-03
4.538880000000000345e-03
4.540159999999999682e-03
4.541439999999999887e-03
4.542720000000000091e-03
4.544000000000000296e-03
4.545280000000000500e-03
4.546559999999999838e-03
4.547840000000000042e-03
4.549120000000000247e-03
4.550400000000000451e-03
4.551679999999999789e-03
4.552959999999999993e-03
4.554240000000000198e-03
4.555520000000000402e-03
4.556799999999999740e-03
4.558079999999999944e-03
4.559360000000000149e-03
4.560640000000000353e-03
4.561919999999999691e-03
4.563199999999999895e-03
4.564480000000000100e-03
4.565760000000000304e-03
4.567040000000000509e-03
4.568319999999999846e-03
4.569600000000000051e-03
4.570880000000000255e-03
4.572160000000000460e-03
4.573439999999999797e-03
4.574720000000000002e-03
4.576000000000000206e-03
4.577280000000000411e-03
4.578559999999999748e-03
4.579839999999999953e-03
4.581120000000000157e-03
4.582400000000000362e-03
4.583679999999999699e-03
4.584959999999999904e-03
4.586240000000000108e-03
4.587520000000000313e-03
4.588800000000000517e-03
4.590079999999999855e-03
4.591360000000000059e-03
4.592640000000000264e-03
4.593920000000000468e-03
4.595199999999999806e-03
4.596480000000000010e-03
4.597760000000000215e-03
4.599040000000000419e-03
4.600319999999999757e-03
4.601599999999999961e-03
4.602880000000000166e-03
4.604160000000000370e-03
4.605439999999999708e-03
4.606719999999999912e-03
4.608000000000000117e-03
4.609280000000000321e-03
4.610560000000000526e-03
4.611839999999999863e-03
4.613120000000000068e-03
4.614400000000000272e-03
4.615680000000000477e-03
4.616959999999999814e-03
4.618240000000000019e-03
4.619520000000000223e-03
4.620800000000000428e-03
4.622079999999999765e-03
4.623359999999999970e-03
4.624640000000000174e-03
4.625920000000000379e-03
4.627199999999999716e-03
4.628479999999999921e-03
4.629760000000000125e-03
4.631040000000000330e-03
4.632319999999999667e-03
4.633599999999999872e-03
4.634880000000000076e-03
4.636160000000000281e-03
4.637440000000000485e-03
4.638719999999999823e-03
4.640000000000000027e-03
4.641280000000000232e-03
4.642560000000000436e-03
4.643839999999999774e-03
4.645119999999999978e-03
4.646400000000000183e-03
4.647680000000000387e-03
4.648959999999999725e-03
4.650239999999999929e-03
4.651520000000000134e-03
4.652800000000000338e-03
4.654079999999999676e-03
4.655359999999999880e-03
4.656640000000000085e-03
4.657920000000000289e-03
4.659200000000000494e-03
4.660479999999999831e-03
4.661760000000000036e-03
4.663040000000000240e-03
4.664320000000000445e-03
4.665599999999999782e-03
4.666879999999999987e-03
4.668160000000000191e-03
4.669440000000000396e-03
4.670719999999999733e-03
4.671999999999999938e-03
4.673280000000000142e-03
4.674560000000000347e-03
4.675839999999999684e-03
4.677119999999999889e-03
4.678400000000000093e-03
4.679680000000000298e-03
4.680960000000000502e-03
4.682239999999999840e-03
4.683520000000000044e-03
4.684800000000000249e-03
4.686080000000000453e-03
4.687359999999999791e-03
4.688639999999999995e-03
4.689920000000000200e-03
4.691200000000000404e-03
4.692479999999999742e-03
4.693759999999999946e-03
4.695040000000000151e-03
4.696320000000000355e-03
4.697599999999999693e-03
4.698879999999999897e-03
4.700160000000000102e-03
4.701440000000000306e-03
4.702720000000000511e-03
4.703999999999999848e-03
4.705280000000000053e-03
4.706560000000000257e-03
4.707840000000000462e-03
4.709119999999999799e-03
4.710400000000000004e-03
4.711680000000000208e-03
4.712960000000000413e-03
4.714239999999999750e-03
4.715519999999999955e-03
4.716800000000000159e-03
4.718080000000000364e-03
4.719359999999999701e-03
4.720639999999999906e-03
4.721920000000000110e-03
4.723200000000000315e-03
4.724480000000000519e-03
4.725759999999999857e-03
4.727040000000000061e-03
4.728320000000000266e-03
4.729600000000000470e-03
4.730879999999999808e-03
4.732160000000000012e-03
4.733440000000000217e-03
4.734720000000000421e-03
4.735999999999999759e-03
4.737279999999999963e-03
4.738560000000000168e-03
4.739840000000000372e-03
4.741119999999999710e-03
4.742399999999999914e-03
4.743680000000000119e-03
4.744960000000000323e-03
4.746240000000000528e-03
4.747519999999999865e-03
4.748800000000000070e-03
4.750080000000000274e-03
4.751360000000000479e-03
4.752639999999999816e-03
4.753920000000000021e-03
4.755200000000000225e-03
4.756480000000000430e-03
4.757759999999999767e-03
4.759039999999999972e-03
4.760320000000000176e-03
4.761600000000000381e-03
4.762879999999999718e-03
4.764159999999999923e-03
4.765440000000000127e-03
4.766720000000000332e-03
4.767999999999999669e-03
4.769279999999999874e-03
4.770560000000000078e-03
4.771840000000000283e-03
4.773120000000000487e-03
4.774399999999999825e-03
4.775680000000000029e-03
4.776960000000000234e-03
4.778240000000000438e-03
4.779519999999999776e-03
4.780799999999999980e-03
4.782080000000000185e-03
4.783360000000000389e-03
4.784639999999999727e-03
4.785919999999999931e-03
4.787200000000000136e-03
4.788480000000000340e-03
4.789759999999999678e-03
4.791039999999999882e-03
4.792320000000000087e-03
4.793600000000000291e-03
4.794880000000000496e-03
4.796159999999999833e-03
4.797440000000000038e-03
4.798720000000000242e-03
4.800000000000000447e-03
4.801279999999999784e-03
4.802559999999999989e-03
4.803840000000000193e-03
4.805120000000000398e-03
4.806399999999999735e-03
4.807679999999999940e-03
4.808960000000000144e-03
4.810240000000000349e-03
4.811519999999999686e-03
4.812799999999999891e-03
4.814080000000000095e-03
4.815360000000000300e-03
4.816640000000000504e-03
4.817919999999999842e-03
4.819200000000000046e-03
4.820480000000000251e-03
4.821760000000000455e-03
4.823039999999999793e-03
4.824319999999999997e-03
4.825600000000000202e-03
4.826880000000000406e-03
4.828159999999999744e-03
4.829439999999999948e-03
4.830720000000000153e-03
4.832000000000000357e-03
4.833279999999999695e-03
4.834559999999999899e-03
4.835840000000000104e-03
4.837120000000000308e-03
4.838400000000000513e-03
4.839679999999999850e-03
4.840960000000000055e-03
4.842240000000000259e-03
4.843520000000000464e-03
4.844799999999999801e-03
4.846080000000000006e-03
4.847360000000000210e-03
4.848640000000000415e-03
4.849919999999999752e-03
4.851199999999999957e-03
4.852480000000000161e-03
4.853760000000000366e-03
4.855039999999999703e-03
4.856319999999999908e-03
4.857600000000000112e-03
4.858880000000000317e-03
4.860160000000000521e-03
4.861439999999999859e-03
4.862720000000000063e-03
4.864000000000000268e-03
4.865280000000000472e-03
4.866559999999999810e-03
4.867840000000000014e-03
4.869120000000000219e-03
4.870400000000000423e-03
4.871679999999999761e-03
4.872959999999999965e-03
4.874240000000000170e-03
4.875520000000000374e-03
4.876799999999999712e-03
4.878079999999999916e-03
4.879360000000000121e-03
4.880640000000000325e-03
4.881920000000000530e-03
4.883199999999999867e-03
4.884480000000000072e-03
4.885760000000000276e-03
4.887040000000000481e-03
4.888319999999999818e-03
4.889600000000000023e-03
4.890880000000000227e-03
4.892160000000000432e-03
4.893439999999999769e-03
4.894719999999999974e-03
4.896000000000000178e-03
4.897280000000000383e-03
4.898559999999999720e-03
4.899839999999999925e-03
4.901120000000000129e-03
4.902400000000000334e-03
4.903679999999999671e-03
4.904959999999999876e-03
4.906240000000000080e-03
4.907520000000000285e-03
4.908800000000000489e-03
4.910079999999999827e-03
4.911360000000000031e-03
4.912640000000000236e-03
4.913920000000000440e-03
4.915199999999999778e-03
4.916479999999999982e-03
4.917760000000000187e-03
4.919040000000000391e-03
4.920319999999999729e-03
4.921599999999999933e-03
4.922880000000000138e-03
4.924160000000000342e-03
4.925439999999999680e-03
4.926719999999999884e-03
4.928000000000000089e-03
4.929280000000000293e-03
4.930560000000000498e-03
4.931839999999999835e-03
4.933120000000000040e-03
4.934400000000000244e-03
4.935680000000000449e-03
4.936959999999999786e-03
4.938239999999999991e-03
4.939520000000000195e-03
4.940800000000000400e-03
4.942079999999999737e-03
4.943359999999999942e-03
4.944640000000000146e-03
4.945920000000000351e-03
4.947199999999999688e-03
4.948479999999999893e-03
4.949760000000000097e-03
4.951040000000000302e-03
4.952320000000000506e-03
4.953599999999999844e-03
4.954880000000000048e-03
4.956160000000000253e-03
4.957440000000000457e-03
4.958719999999999795e-03
4.959999999999999999e-03
4.961280000000000204e-03
4.962560000000000408e-03
4.963839999999999746e-03
4.965119999999999950e-03
4.966400000000000155e-03
4.967680000000000359e-03
4.968959999999999697e-03
4.970239999999999901e-03
4.971520000000000106e-03
4.972800000000000310e-03
4.974080000000000515e-03
4.975359999999999852e-03
4.976640000000000057e-03
4.977920000000000261e-03
4.979200000000000466e-03
4.980479999999999803e-03
4.981760000000000008e-03
4.983040000000000212e-03
4.984320000000000417e-03
4.985599999999999754e-03
4.986879999999999959e-03
4.988160000000000163e-03
4.989440000000000368e-03
4.990719999999999705e-03
4.991999999999999910e-03
4.993280000000000114e-03
4.994560000000000319e-03
4.995840000000000523e-03
4.997119999999999861e-03
4.998400000000000065e-03
4.999680000000000270e-03
5.000960000000000474e-03
5.002239999999999812e-03
5.003520000000000016e-03
5.004800000000000221e-03
5.006080000000000425e-03
5.007359999999999763e-03
5.008639999999999967e-03
5.009920000000000172e-03
5.011200000000000376e-03
5.012479999999999714e-03
5.013759999999999918e-03
5.015040000000000123e-03
5.016320000000000327e-03
5.017600000000000532e-03
5.018879999999999869e-03
5.020160000000000074e-03
5.021440000000000278e-03
5.022720000000000483e-03
5.023999999999999820e-03
5.025280000000000025e-03
5.026560000000000229e-03
5.027840000000000434e-03
5.029119999999999771e-03
5.030399999999999976e-03
5.031680000000000180e-03
5.032960000000000385e-03
5.034239999999999722e-03
5.035519999999999927e-03
5.036800000000000131e-03
5.038080000000000336e-03
5.039359999999999673e-03
5.040639999999999878e-03
5.041920000000000082e-03
5.043200000000000287e-03
5.044480000000000491e-03
5.045759999999999829e-03
5.047040000000000033e-03
5.048320000000000238e-03
5.049600000000000442e-03
5.050879999999999780e-03
5.052159999999999984e-03
5.053440000000000189e-03
5.054720000000000393e-03
5.055999999999999731e-03
5.057279999999999935e-03
5.058560000000000140e-03
5.059840000000000344e-03
5.061119999999999682e-03
5.062399999999999886e-03
5.063680000000000091e-03
5.064960000000000295e-03
5.066240000000000500e-03
5.067519999999999837e-03
5.068800000000000042e-03
5.070080000000000246e-03
5.071360000000000451e-03
5.072639999999999788e-03
5.073919999999999993e-03
5.075200000000000197e-03
5.076480000000000402e-03
5.077759999999999739e-03
