0.000000000000000000e+00
8.192000000000000171e-05
1.638400000000000034e-04
2.457600000000000322e-04
3.276800000000000069e-04
4.095999999999999815e-04
4.915200000000000645e-04
5.734400000000000391e-04
6.553600000000000137e-04
7.372799999999999883e-04
8.191999999999999629e-04
9.011200000000000460e-04
9.830400000000001290e-04
1.064959999999999995e-03
1.146880000000000078e-03
1.228799999999999944e-03
1.310720000000000027e-03
1.392640000000000110e-03
1.474559999999999977e-03
1.556480000000000060e-03
1.638399999999999926e-03
1.720320000000000009e-03
1.802240000000000092e-03
1.884159999999999958e-03
1.966080000000000258e-03
2.047999999999999907e-03
2.129919999999999990e-03
2.211840000000000073e-03
2.293760000000000156e-03
2.375680000000000239e-03
2.457599999999999889e-03
2.539519999999999972e-03
2.621440000000000055e-03
2.703360000000000138e-03
2.785280000000000221e-03
2.867199999999999870e-03
2.949119999999999953e-03
3.031040000000000036e-03
3.112960000000000119e-03
3.194880000000000202e-03
3.276799999999999852e-03
3.358719999999999935e-03
3.440640000000000018e-03
3.522560000000000101e-03
3.604480000000000184e-03
3.686400000000000267e-03
3.768319999999999916e-03
3.850239999999999999e-03
3.932160000000000516e-03
4.014079999999999732e-03
4.095999999999999815e-03
4.177919999999999898e-03
4.259839999999999981e-03
4.341760000000000064e-03
4.423680000000000147e-03
4.505600000000000230e-03
4.587520000000000313e-03
4.669440000000000396e-03
4.751360000000000479e-03
4.833279999999999695e-03
4.915199999999999778e-03
4.997119999999999861e-03
5.079039999999999944e-03
5.160960000000000027e-03
5.242880000000000110e-03
5.324800000000000193e-03
5.406720000000000276e-03
5.488640000000000359e-03
5.570560000000000442e-03
5.652480000000000525e-03
5.734399999999999741e-03
5.816319999999999824e-03
5.898239999999999907e-03
5.980159999999999990e-03
6.062080000000000073e-03
6.144000000000000156e-03
6.225920000000000239e-03
6.307840000000000322e-03
6.389760000000000405e-03
6.471680000000000488e-03
6.553599999999999703e-03
6.635519999999999786e-03
6.717439999999999869e-03
6.799359999999999953e-03
6.881280000000000036e-03
6.963200000000000119e-03
7.045120000000000202e-03
7.127040000000000285e-03
7.208960000000000368e-03
7.290880000000000451e-03
7.372800000000000534e-03
7.454719999999999749e-03
7.536639999999999832e-03
7.618559999999999915e-03
7.700479999999999998e-03
7.782400000000000082e-03
7.864320000000001032e-03
7.946240000000000248e-03
8.028159999999999463e-03
8.110080000000000414e-03
8.191999999999999629e-03
8.273920000000000580e-03
8.355839999999999795e-03
8.437760000000000746e-03
8.519679999999999961e-03
8.601600000000000912e-03
8.683520000000000127e-03
8.765439999999999343e-03
8.847360000000000294e-03
8.929279999999999509e-03
9.011200000000000460e-03
9.093119999999999675e-03
9.175040000000000626e-03
9.256959999999999841e-03
9.338880000000000792e-03
9.420800000000000007e-03
9.502720000000000958e-03
9.584640000000000173e-03
9.666559999999999389e-03
9.748480000000000339e-03
9.830399999999999555e-03
9.912320000000000506e-03
9.994239999999999721e-03
1.007616000000000067e-02
1.015807999999999989e-02
1.024000000000000084e-02
1.032192000000000005e-02
1.040384000000000100e-02
1.048576000000000022e-02
1.056767999999999944e-02
1.064960000000000039e-02
1.073151999999999960e-02
1.081344000000000055e-02
1.089535999999999977e-02
1.097728000000000072e-02
1.105919999999999993e-02
1.114112000000000088e-02
1.122304000000000010e-02
1.130496000000000105e-02
1.138688000000000027e-02
1.146879999999999948e-02
1.155072000000000043e-02
1.163263999999999965e-02
1.171456000000000060e-02
1.179647999999999981e-02
1.187840000000000076e-02
1.196031999999999998e-02
1.204224000000000093e-02
1.212416000000000015e-02
1.220608000000000110e-02
1.228800000000000031e-02
1.236991999999999953e-02
1.245184000000000048e-02
1.253375999999999969e-02
1.261568000000000064e-02
1.269759999999999986e-02
1.277952000000000081e-02
1.286144000000000003e-02
1.294336000000000098e-02
1.302528000000000019e-02
1.310719999999999941e-02
1.318912000000000036e-02
1.327103999999999957e-02
1.335296000000000052e-02
1.343487999999999974e-02
1.351680000000000069e-02
1.359871999999999991e-02
1.368064000000000086e-02
1.376256000000000007e-02
1.384448000000000102e-02
1.392640000000000024e-02
1.400831999999999945e-02
1.409024000000000040e-02
1.417215999999999962e-02
1.425408000000000057e-02
1.433599999999999978e-02
1.441792000000000074e-02
1.449983999999999995e-02
1.458176000000000090e-02
1.466368000000000012e-02
1.474560000000000107e-02
1.482752000000000028e-02
1.490943999999999950e-02
1.499136000000000045e-02
1.507327999999999966e-02
1.515520000000000062e-02
1.523711999999999983e-02
1.531904000000000078e-02
1.540096000000000000e-02
1.548288000000000095e-02
1.556480000000000016e-02
1.564671999999999938e-02
1.572864000000000206e-02
1.581056000000000128e-02
1.589248000000000050e-02
1.597439999999999971e-02
1.605631999999999893e-02
1.613824000000000161e-02
1.622016000000000083e-02
1.630208000000000004e-02
1.638399999999999926e-02
1.646592000000000194e-02
1.654784000000000116e-02
1.662976000000000038e-02
1.671167999999999959e-02
1.679359999999999881e-02
1.687552000000000149e-02
1.695744000000000071e-02
1.703935999999999992e-02
1.712127999999999914e-02
1.720320000000000182e-02
1.728512000000000104e-02
1.736704000000000025e-02
1.744895999999999947e-02
1.753087999999999869e-02
1.761280000000000137e-02
1.769472000000000059e-02
1.777663999999999980e-02
1.785855999999999902e-02
1.794048000000000170e-02
1.802240000000000092e-02
1.810432000000000013e-02
1.818623999999999935e-02
1.826816000000000204e-02
1.835008000000000125e-02
1.843200000000000047e-02
1.851391999999999968e-02
1.859583999999999890e-02
1.867776000000000158e-02
1.875968000000000080e-02
1.884160000000000001e-02
1.892351999999999923e-02
1.900544000000000192e-02
1.908736000000000113e-02
1.916928000000000035e-02
1.925119999999999956e-02
1.933311999999999878e-02
1.941504000000000146e-02
1.949696000000000068e-02
1.957887999999999989e-02
1.966079999999999911e-02
1.974272000000000180e-02
1.982464000000000101e-02
1.990656000000000023e-02
1.998847999999999944e-02
2.007040000000000213e-02
2.015232000000000134e-02
2.023424000000000056e-02
2.031615999999999977e-02
2.039807999999999899e-02
2.048000000000000168e-02
2.056192000000000089e-02
2.064384000000000011e-02
2.072575999999999932e-02
2.080768000000000201e-02
2.088960000000000122e-02
2.097152000000000044e-02
2.105343999999999965e-02
2.113535999999999887e-02
2.121728000000000156e-02
2.129920000000000077e-02
2.138111999999999999e-02
2.146303999999999920e-02
2.154496000000000189e-02
2.162688000000000110e-02
2.170880000000000032e-02
2.179071999999999953e-02
2.187263999999999875e-02
2.195456000000000144e-02
2.203648000000000065e-02
2.211839999999999987e-02
2.220031999999999908e-02
2.228224000000000177e-02
2.236416000000000098e-02
2.244608000000000020e-02
2.252799999999999941e-02
2.260992000000000210e-02
2.269184000000000132e-02
2.277376000000000053e-02
2.285567999999999975e-02
2.293759999999999896e-02
2.301952000000000165e-02
2.310144000000000086e-02
2.318336000000000008e-02
2.326527999999999929e-02
2.334720000000000198e-02
2.342912000000000119e-02
2.351104000000000041e-02
2.359295999999999963e-02
2.367487999999999884e-02
2.375680000000000153e-02
2.383872000000000074e-02
2.392063999999999996e-02
2.400255999999999917e-02
2.408448000000000186e-02
2.416640000000000107e-02
2.424832000000000029e-02
2.433023999999999951e-02
2.441216000000000219e-02
2.449408000000000141e-02
2.457600000000000062e-02
2.465791999999999984e-02
2.473983999999999905e-02
2.482176000000000174e-02
2.490368000000000095e-02
2.498560000000000017e-02
2.506751999999999939e-02
2.514944000000000207e-02
2.523136000000000129e-02
2.531328000000000050e-02
2.539519999999999972e-02
2.547711999999999893e-02
2.555904000000000162e-02
2.564096000000000083e-02
2.572288000000000005e-02
2.580479999999999927e-02
2.588672000000000195e-02
2.596864000000000117e-02
2.605056000000000038e-02
2.613247999999999960e-02
2.621439999999999881e-02
2.629632000000000150e-02
2.637824000000000071e-02
2.646015999999999993e-02
2.654207999999999915e-02
2.662400000000000183e-02
2.670592000000000105e-02
2.678784000000000026e-02
2.686975999999999948e-02
2.695168000000000216e-02
2.703360000000000138e-02
2.711552000000000059e-02
2.719743999999999981e-02
2.727935999999999903e-02
2.736128000000000171e-02
2.744320000000000093e-02
2.752512000000000014e-02
2.760703999999999936e-02
2.768896000000000204e-02
2.777088000000000126e-02
2.785280000000000047e-02
2.793471999999999969e-02
2.801663999999999891e-02
2.809856000000000159e-02
2.818048000000000081e-02
2.826240000000000002e-02
2.834431999999999924e-02
2.842624000000000192e-02
2.850816000000000114e-02
2.859008000000000035e-02
2.867199999999999957e-02
2.875392000000000226e-02
2.883584000000000147e-02
2.891776000000000069e-02
2.899967999999999990e-02
2.908159999999999912e-02
2.916352000000000180e-02
2.924544000000000102e-02
2.932736000000000023e-02
2.940927999999999945e-02
2.949120000000000213e-02
2.957312000000000135e-02
2.965504000000000057e-02
2.973695999999999978e-02
2.981887999999999900e-02
2.990080000000000168e-02
2.998272000000000090e-02
3.006464000000000011e-02
3.014655999999999933e-02
3.022848000000000201e-02
3.031040000000000123e-02
3.039232000000000045e-02
3.047423999999999966e-02
3.055616000000000235e-02
3.063808000000000156e-02
3.072000000000000078e-02
3.080191999999999999e-02
3.088383999999999921e-02
3.096576000000000189e-02
3.104768000000000111e-02
3.112960000000000033e-02
3.121151999999999954e-02
3.129343999999999876e-02
3.137535999999999797e-02
3.145728000000000413e-02
3.153920000000000334e-02
3.162112000000000256e-02
3.170304000000000177e-02
3.178496000000000099e-02
3.186688000000000021e-02
3.194879999999999942e-02
3.203071999999999864e-02
3.211263999999999785e-02
3.219456000000000401e-02
3.227648000000000322e-02
3.235840000000000244e-02
3.244032000000000165e-02
3.252224000000000087e-02
3.260416000000000009e-02
3.268607999999999930e-02
3.276799999999999852e-02
3.284991999999999773e-02
3.293184000000000389e-02
3.301376000000000310e-02
3.309568000000000232e-02
3.317760000000000153e-02
3.325952000000000075e-02
3.334143999999999997e-02
3.342335999999999918e-02
3.350527999999999840e-02
3.358719999999999761e-02
3.366912000000000377e-02
3.375104000000000298e-02
3.383296000000000220e-02
3.391488000000000141e-02
3.399680000000000063e-02
3.407871999999999985e-02
3.416063999999999906e-02
3.424255999999999828e-02
3.432447999999999749e-02
3.440640000000000365e-02
3.448832000000000286e-02
3.457024000000000208e-02
3.465216000000000129e-02
3.473408000000000051e-02
3.481599999999999973e-02
3.489791999999999894e-02
3.497983999999999816e-02
3.506175999999999737e-02
3.514368000000000353e-02
3.522560000000000274e-02
3.530752000000000196e-02
3.538944000000000117e-02
3.547136000000000039e-02
3.555327999999999961e-02
3.563519999999999882e-02
3.571711999999999804e-02
3.579904000000000419e-02
3.588096000000000341e-02
3.596288000000000262e-02
3.604480000000000184e-02
3.612672000000000105e-02
3.620864000000000027e-02
3.629055999999999949e-02
3.637247999999999870e-02
3.645439999999999792e-02
3.653632000000000407e-02
3.661824000000000329e-02
3.670016000000000250e-02
3.678208000000000172e-02
3.686400000000000093e-02
3.694592000000000015e-02
3.702783999999999937e-02
3.710975999999999858e-02
3.719167999999999780e-02
3.727360000000000395e-02
3.735552000000000317e-02
3.743744000000000238e-02
3.751936000000000160e-02
3.760128000000000081e-02
3.768320000000000003e-02
3.776511999999999925e-02
3.784703999999999846e-02
3.792895999999999768e-02
3.801088000000000383e-02
3.809280000000000305e-02
3.817472000000000226e-02
3.825664000000000148e-02
3.833856000000000069e-02
3.842047999999999991e-02
3.850239999999999913e-02
3.858431999999999834e-02
3.866623999999999756e-02
3.874816000000000371e-02
3.883008000000000293e-02
3.891200000000000214e-02
3.899392000000000136e-02
3.907584000000000057e-02
3.915775999999999979e-02
3.923967999999999900e-02
3.932159999999999822e-02
3.940351999999999744e-02
3.948544000000000359e-02
3.956736000000000281e-02
3.964928000000000202e-02
3.973120000000000124e-02
3.981312000000000045e-02
3.989503999999999967e-02
3.997695999999999888e-02
4.005887999999999810e-02
4.014080000000000426e-02
4.022272000000000347e-02
4.030464000000000269e-02
4.038656000000000190e-02
4.046848000000000112e-02
4.055040000000000033e-02
4.063231999999999955e-02
4.071423999999999876e-02
4.079615999999999798e-02
4.087808000000000413e-02
4.096000000000000335e-02
4.104192000000000257e-02
4.112384000000000178e-02
4.120576000000000100e-02
4.128768000000000021e-02
4.136959999999999943e-02
4.145151999999999864e-02
4.153343999999999786e-02
4.161536000000000401e-02
4.169728000000000323e-02
4.177920000000000245e-02
4.186112000000000166e-02
4.194304000000000088e-02
4.202496000000000009e-02
4.210687999999999931e-02
4.218879999999999852e-02
4.227071999999999774e-02
4.235264000000000389e-02
4.243456000000000311e-02
4.251648000000000233e-02
4.259840000000000154e-02
4.268032000000000076e-02
4.276223999999999997e-02
4.284415999999999919e-02
4.292607999999999840e-02
4.300799999999999762e-02
4.308992000000000377e-02
4.317184000000000299e-02
4.325376000000000221e-02
4.333568000000000142e-02
4.341760000000000064e-02
4.349951999999999985e-02
4.358143999999999907e-02
4.366335999999999828e-02
4.374527999999999750e-02
4.382720000000000365e-02
4.390912000000000287e-02
4.399104000000000209e-02
4.407296000000000130e-02
4.415488000000000052e-02
4.423679999999999973e-02
4.431871999999999895e-02
4.440063999999999816e-02
4.448256000000000432e-02
4.456448000000000353e-02
4.464640000000000275e-02
4.472832000000000197e-02
4.481024000000000118e-02
4.489216000000000040e-02
4.497407999999999961e-02
4.505599999999999883e-02
4.513791999999999804e-02
4.521984000000000420e-02
4.530176000000000341e-02
4.538368000000000263e-02
4.546560000000000185e-02
4.554752000000000106e-02
4.562944000000000028e-02
4.571135999999999949e-02
4.579327999999999871e-02
4.587519999999999792e-02
4.595712000000000408e-02
4.603904000000000329e-02
4.612096000000000251e-02
4.620288000000000173e-02
4.628480000000000094e-02
4.636672000000000016e-02
4.644863999999999937e-02
4.653055999999999859e-02
4.661247999999999780e-02
4.669440000000000396e-02
4.677632000000000317e-02
4.685824000000000239e-02
4.694016000000000161e-02
4.702208000000000082e-02
4.710400000000000004e-02
4.718591999999999925e-02
4.726783999999999847e-02
4.734975999999999768e-02
4.743168000000000384e-02
4.751360000000000305e-02
4.759552000000000227e-02
4.767744000000000149e-02
4.775936000000000070e-02
4.784127999999999992e-02
4.792319999999999913e-02
4.800511999999999835e-02
4.808703999999999756e-02
4.816896000000000372e-02
4.825088000000000293e-02
4.833280000000000215e-02
4.841472000000000137e-02
4.849664000000000058e-02
4.857855999999999980e-02
4.866047999999999901e-02
4.874239999999999823e-02
4.882432000000000438e-02
4.890624000000000360e-02
4.898816000000000281e-02
4.907008000000000203e-02
4.915200000000000125e-02
4.923392000000000046e-02
4.931583999999999968e-02
4.939775999999999889e-02
4.947967999999999811e-02
4.956160000000000426e-02
4.964352000000000348e-02
4.972544000000000269e-02
4.980736000000000191e-02
4.988928000000000113e-02
4.997120000000000034e-02
5.005311999999999956e-02
5.013503999999999877e-02
5.021695999999999799e-02
5.029888000000000414e-02
5.038080000000000336e-02
5.046272000000000257e-02
5.054464000000000179e-02
5.062656000000000101e-02
5.070848000000000022e-02
5.079039999999999944e-02
5.087231999999999865e-02
5.095423999999999787e-02
5.103616000000000402e-02
5.111808000000000324e-02
5.120000000000000245e-02
5.128192000000000167e-02
5.136384000000000088e-02
5.144576000000000010e-02
5.152767999999999932e-02
5.160959999999999853e-02
5.169151999999999775e-02
5.177344000000000390e-02
5.185536000000000312e-02
5.193728000000000233e-02
5.201920000000000155e-02
5.210112000000000076e-02
5.218303999999999998e-02
5.226495999999999920e-02
5.234687999999999841e-02
5.242879999999999763e-02
5.251072000000000378e-02
5.259264000000000300e-02
5.267456000000000221e-02
5.275648000000000143e-02
5.283840000000000064e-02
5.292031999999999986e-02
5.300223999999999908e-02
5.308415999999999829e-02
5.316608000000000445e-02
5.324800000000000366e-02
5.332992000000000288e-02
5.341184000000000209e-02
5.349376000000000131e-02
5.357568000000000052e-02
5.365759999999999974e-02
5.373951999999999896e-02
5.382143999999999817e-02
5.390336000000000433e-02
5.398528000000000354e-02
5.406720000000000276e-02
5.414912000000000197e-02
5.423104000000000119e-02
5.431296000000000040e-02
5.439487999999999962e-02
5.447679999999999884e-02
5.455871999999999805e-02
5.464064000000000421e-02
5.472256000000000342e-02
5.480448000000000264e-02
5.488640000000000185e-02
5.496832000000000107e-02
5.505024000000000028e-02
5.513215999999999950e-02
5.521407999999999872e-02
5.529599999999999793e-02
5.537792000000000409e-02
5.545984000000000330e-02
5.554176000000000252e-02
5.562368000000000173e-02
5.570560000000000095e-02
5.578752000000000016e-02
5.586943999999999938e-02
5.595135999999999860e-02
5.603327999999999781e-02
5.611520000000000397e-02
5.619712000000000318e-02
5.627904000000000240e-02
5.636096000000000161e-02
5.644288000000000083e-02
5.652480000000000004e-02
5.660671999999999926e-02
5.668863999999999848e-02
5.677056000000000463e-02
5.685248000000000385e-02
5.693440000000000306e-02
5.701632000000000228e-02
5.709824000000000149e-02
5.718016000000000071e-02
5.726207999999999992e-02
5.734399999999999914e-02
5.742591999999999836e-02
5.750784000000000451e-02
5.758976000000000373e-02
5.767168000000000294e-02
5.775360000000000216e-02
5.783552000000000137e-02
5.791744000000000059e-02
5.799935999999999980e-02
5.808127999999999902e-02
5.816319999999999824e-02
5.824512000000000439e-02
5.832704000000000361e-02
5.840896000000000282e-02
5.849088000000000204e-02
5.857280000000000125e-02
5.865472000000000047e-02
5.873663999999999968e-02
5.881855999999999890e-02
5.890047999999999812e-02
5.898240000000000427e-02
5.906432000000000349e-02
5.914624000000000270e-02
5.922816000000000192e-02
5.931008000000000113e-02
5.939200000000000035e-02
5.947391999999999956e-02
5.955583999999999878e-02
5.963775999999999800e-02
5.971968000000000415e-02
5.980160000000000337e-02
5.988352000000000258e-02
5.996544000000000180e-02
6.004736000000000101e-02
6.012928000000000023e-02
6.021119999999999944e-02
6.029311999999999866e-02
6.037503999999999788e-02
6.045696000000000403e-02
6.053888000000000325e-02
6.062080000000000246e-02
6.070272000000000168e-02
6.078464000000000089e-02
6.086656000000000011e-02
6.094847999999999932e-02
6.103039999999999854e-02
6.111232000000000469e-02
6.119424000000000391e-02
6.127616000000000313e-02
6.135808000000000234e-02
6.144000000000000156e-02
6.152192000000000077e-02
6.160383999999999999e-02
6.168575999999999920e-02
6.176767999999999842e-02
6.184960000000000457e-02
6.193152000000000379e-02
6.201344000000000301e-02
6.209536000000000222e-02
6.217728000000000144e-02
6.225920000000000065e-02
6.234111999999999987e-02
6.242303999999999908e-02
6.250495999999999830e-02
6.258687999999999751e-02
6.266879999999999673e-02
6.275071999999999595e-02
6.283263999999999516e-02
6.291456000000000826e-02
6.299648000000000747e-02
6.307840000000000669e-02
6.316032000000000590e-02
6.324224000000000512e-02
6.332416000000000433e-02
6.340608000000000355e-02
6.348800000000000276e-02
6.356992000000000198e-02
6.365184000000000120e-02
6.373376000000000041e-02
6.381567999999999963e-02
6.389759999999999884e-02
6.397951999999999806e-02
6.406143999999999727e-02
6.414335999999999649e-02
6.422527999999999571e-02
6.430719999999999492e-02
6.438912000000000802e-02
6.447104000000000723e-02
6.455296000000000645e-02
6.463488000000000566e-02
6.471680000000000488e-02
6.479872000000000409e-02
6.488064000000000331e-02
6.496256000000000252e-02
6.504448000000000174e-02
6.512640000000000096e-02
6.520832000000000017e-02
6.529023999999999939e-02
6.537215999999999860e-02
6.545407999999999782e-02
6.553599999999999703e-02
6.561791999999999625e-02
6.569983999999999547e-02
6.578175999999999468e-02
6.586368000000000777e-02
6.594560000000000699e-02
6.602752000000000621e-02
6.610944000000000542e-02
6.619136000000000464e-02
6.627328000000000385e-02
6.635520000000000307e-02
6.643712000000000228e-02
6.651904000000000150e-02
6.660096000000000072e-02
6.668287999999999993e-02
6.676479999999999915e-02
6.684671999999999836e-02
6.692863999999999758e-02
6.701055999999999679e-02
6.709247999999999601e-02
6.717439999999999523e-02
6.725632000000000832e-02
6.733824000000000753e-02
6.742016000000000675e-02
6.750208000000000597e-02
6.758400000000000518e-02
6.766592000000000440e-02
6.774784000000000361e-02
6.782976000000000283e-02
6.791168000000000204e-02
6.799360000000000126e-02
6.807552000000000048e-02
6.815743999999999969e-02
6.823935999999999891e-02
6.832127999999999812e-02
6.840319999999999734e-02
6.848511999999999655e-02
6.856703999999999577e-02
6.864895999999999499e-02
6.873088000000000808e-02
6.881280000000000729e-02
6.889472000000000651e-02
6.897664000000000573e-02
6.905856000000000494e-02
6.914048000000000416e-02
6.922240000000000337e-02
6.930432000000000259e-02
6.938624000000000180e-02
6.946816000000000102e-02
6.955008000000000024e-02
6.963199999999999945e-02
6.971391999999999867e-02
6.979583999999999788e-02
6.987775999999999710e-02
6.995967999999999631e-02
7.004159999999999553e-02
7.012351999999999475e-02
7.020544000000000784e-02
7.028736000000000705e-02
7.036928000000000627e-02
7.045120000000000549e-02
7.053312000000000470e-02
7.061504000000000392e-02
7.069696000000000313e-02
7.077888000000000235e-02
7.086080000000000156e-02
7.094272000000000078e-02
7.102464000000000000e-02
7.110655999999999921e-02
7.118847999999999843e-02
7.127039999999999764e-02
7.135231999999999686e-02
7.143423999999999607e-02
7.151615999999999529e-02
7.159808000000000838e-02
7.168000000000000760e-02
7.176192000000000681e-02
7.184384000000000603e-02
7.192576000000000525e-02
7.200768000000000446e-02
7.208960000000000368e-02
7.217152000000000289e-02
7.225344000000000211e-02
7.233536000000000132e-02
7.241728000000000054e-02
7.249919999999999976e-02
7.258111999999999897e-02
7.266303999999999819e-02
7.274495999999999740e-02
7.282687999999999662e-02
7.290879999999999583e-02
7.299071999999999505e-02
7.307264000000000814e-02
7.315456000000000736e-02
7.323648000000000657e-02
7.331840000000000579e-02
7.340032000000000501e-02
7.348224000000000422e-02
7.356416000000000344e-02
7.364608000000000265e-02
7.372800000000000187e-02
7.380992000000000108e-02
7.389184000000000030e-02
7.397375999999999951e-02
7.405567999999999873e-02
7.413759999999999795e-02
7.421951999999999716e-02
7.430143999999999638e-02
7.438335999999999559e-02
7.446527999999999481e-02
7.454720000000000790e-02
7.462912000000000712e-02
7.471104000000000633e-02
7.479296000000000555e-02
7.487488000000000476e-02
7.495680000000000398e-02
7.503872000000000320e-02
7.512064000000000241e-02
7.520256000000000163e-02
7.528448000000000084e-02
7.536640000000000006e-02
7.544831999999999927e-02
7.553023999999999849e-02
7.561215999999999771e-02
7.569407999999999692e-02
7.577599999999999614e-02
7.585791999999999535e-02
7.593984000000000845e-02
7.602176000000000766e-02
7.610368000000000688e-02
7.618560000000000609e-02
7.626752000000000531e-02
7.634944000000000452e-02
7.643136000000000374e-02
7.651328000000000296e-02
7.659520000000000217e-02
7.667712000000000139e-02
7.675904000000000060e-02
7.684095999999999982e-02
7.692287999999999903e-02
7.700479999999999825e-02
7.708671999999999747e-02
7.716863999999999668e-02
7.725055999999999590e-02
7.733247999999999511e-02
7.741440000000000821e-02
7.749632000000000742e-02
7.757824000000000664e-02
7.766016000000000585e-02
7.774208000000000507e-02
7.782400000000000428e-02
7.790592000000000350e-02
7.798784000000000272e-02
7.806976000000000193e-02
7.815168000000000115e-02
7.823360000000000036e-02
7.831551999999999958e-02
7.839743999999999879e-02
7.847935999999999801e-02
7.856127999999999723e-02
7.864319999999999644e-02
7.872511999999999566e-02
7.880703999999999487e-02
7.888896000000000797e-02
7.897088000000000718e-02
7.905280000000000640e-02
7.913472000000000561e-02
7.921664000000000483e-02
7.929856000000000404e-02
7.938048000000000326e-02
7.946240000000000248e-02
7.954432000000000169e-02
7.962624000000000091e-02
7.970816000000000012e-02
7.979007999999999934e-02
7.987199999999999855e-02
7.995391999999999777e-02
8.003583999999999699e-02
8.011775999999999620e-02
8.019967999999999542e-02
8.028160000000000851e-02
8.036352000000000773e-02
8.044544000000000694e-02
8.052736000000000616e-02
8.060928000000000537e-02
8.069120000000000459e-02
8.077312000000000380e-02
8.085504000000000302e-02
8.093696000000000224e-02
8.101888000000000145e-02
8.110080000000000067e-02
8.118271999999999988e-02
8.126463999999999910e-02
8.134655999999999831e-02
8.142847999999999753e-02
8.151039999999999675e-02
8.159231999999999596e-02
8.167423999999999518e-02
8.175616000000000827e-02
8.183808000000000749e-02
8.192000000000000670e-02
8.200192000000000592e-02
8.208384000000000513e-02
8.216576000000000435e-02
8.224768000000000356e-02
8.232960000000000278e-02
8.241152000000000200e-02
8.249344000000000121e-02
8.257536000000000043e-02
8.265727999999999964e-02
8.273919999999999886e-02
8.282111999999999807e-02
8.290303999999999729e-02
8.298495999999999650e-02
8.306687999999999572e-02
8.314879999999999494e-02
8.323072000000000803e-02
8.331264000000000725e-02
8.339456000000000646e-02
8.347648000000000568e-02
8.355840000000000489e-02
8.364032000000000411e-02
8.372224000000000332e-02
8.380416000000000254e-02
8.388608000000000176e-02
8.396800000000000097e-02
8.404992000000000019e-02
8.413183999999999940e-02
8.421375999999999862e-02
8.429567999999999783e-02
8.437759999999999705e-02
8.445951999999999626e-02
8.454143999999999548e-02
8.462336000000000857e-02
8.470528000000000779e-02
8.478720000000000701e-02
8.486912000000000622e-02
8.495104000000000544e-02
8.503296000000000465e-02
8.511488000000000387e-02
8.519680000000000308e-02
8.527872000000000230e-02
8.536064000000000151e-02
8.544256000000000073e-02
8.552447999999999995e-02
8.560639999999999916e-02
8.568831999999999838e-02
8.577023999999999759e-02
8.585215999999999681e-02
8.593407999999999602e-02
8.601599999999999524e-02
8.609792000000000833e-02
8.617984000000000755e-02
8.626176000000000677e-02
8.634368000000000598e-02
8.642560000000000520e-02
8.650752000000000441e-02
8.658944000000000363e-02
8.667136000000000284e-02
8.675328000000000206e-02
8.683520000000000127e-02
8.691712000000000049e-02
8.699903999999999971e-02
8.708095999999999892e-02
8.716287999999999814e-02
8.724479999999999735e-02
8.732671999999999657e-02
8.740863999999999578e-02
8.749055999999999500e-02
8.757248000000000809e-02
8.765440000000000731e-02
8.773632000000000652e-02
8.781824000000000574e-02
8.790016000000000496e-02
8.798208000000000417e-02
8.806400000000000339e-02
8.814592000000000260e-02
8.822784000000000182e-02
8.830976000000000103e-02
8.839168000000000025e-02
8.847359999999999947e-02
8.855551999999999868e-02
8.863743999999999790e-02
8.871935999999999711e-02
8.880127999999999633e-02
8.888319999999999554e-02
8.896512000000000864e-02
8.904704000000000785e-02
8.912896000000000707e-02
8.921088000000000628e-02
8.929280000000000550e-02
8.937472000000000472e-02
8.945664000000000393e-02
8.953856000000000315e-02
8.962048000000000236e-02
8.970240000000000158e-02
8.978432000000000079e-02
8.986624000000000001e-02
8.994815999999999923e-02
9.003007999999999844e-02
9.011199999999999766e-02
9.019391999999999687e-02
9.027583999999999609e-02
9.035775999999999530e-02
9.043968000000000840e-02
9.052160000000000761e-02
9.060352000000000683e-02
9.068544000000000604e-02
9.076736000000000526e-02
9.084928000000000448e-02
9.093120000000000369e-02
9.101312000000000291e-02
9.109504000000000212e-02
9.117696000000000134e-02
9.125888000000000055e-02
9.134079999999999977e-02
9.142271999999999899e-02
9.150463999999999820e-02
9.158655999999999742e-02
9.166847999999999663e-02
9.175039999999999585e-02
9.183231999999999506e-02
9.191424000000000816e-02
9.199616000000000737e-02
9.207808000000000659e-02
9.216000000000000580e-02
9.224192000000000502e-02
9.232384000000000424e-02
9.240576000000000345e-02
9.248768000000000267e-02
9.256960000000000188e-02
9.265152000000000110e-02
9.273344000000000031e-02
9.281535999999999953e-02
9.289727999999999875e-02
9.297919999999999796e-02
9.306111999999999718e-02
9.314303999999999639e-02
9.322495999999999561e-02
9.330688000000000870e-02
9.338880000000000792e-02
9.347072000000000713e-02
9.355264000000000635e-02
9.363456000000000556e-02
9.371648000000000478e-02
9.379840000000000400e-02
9.388032000000000321e-02
9.396224000000000243e-02
9.404416000000000164e-02
9.412608000000000086e-02
9.420800000000000007e-02
9.428991999999999929e-02
9.437183999999999851e-02
9.445375999999999772e-02
9.453567999999999694e-02
9.461759999999999615e-02
9.469951999999999537e-02
9.478144000000000846e-02
9.486336000000000768e-02
9.494528000000000689e-02
9.502720000000000611e-02
9.510912000000000532e-02
9.519104000000000454e-02
9.527296000000000376e-02
9.535488000000000297e-02
9.543680000000000219e-02
9.551872000000000140e-02
9.560064000000000062e-02
9.568255999999999983e-02
9.576447999999999905e-02
9.584639999999999826e-02
9.592831999999999748e-02
9.601023999999999670e-02
9.609215999999999591e-02
9.617407999999999513e-02
9.625600000000000822e-02
9.633792000000000744e-02
9.641984000000000665e-02
9.650176000000000587e-02
9.658368000000000508e-02
9.666560000000000430e-02
9.674752000000000351e-02
9.682944000000000273e-02
9.691136000000000195e-02
9.699328000000000116e-02
9.707520000000000038e-02
9.715711999999999959e-02
9.723903999999999881e-02
9.732095999999999802e-02
9.740287999999999724e-02
9.748479999999999646e-02
9.756671999999999567e-02
9.764864000000000877e-02
9.773056000000000798e-02
9.781248000000000720e-02
9.789440000000000641e-02
9.797632000000000563e-02
9.805824000000000484e-02
9.814016000000000406e-02
9.822208000000000327e-02
9.830400000000000249e-02
9.838592000000000171e-02
9.846784000000000092e-02
9.854976000000000014e-02
9.863167999999999935e-02
9.871359999999999857e-02
9.879551999999999778e-02
9.887743999999999700e-02
9.895935999999999622e-02
9.904127999999999543e-02
9.912320000000000852e-02
9.920512000000000774e-02
9.928704000000000696e-02
9.936896000000000617e-02
9.945088000000000539e-02
9.953280000000000460e-02
9.961472000000000382e-02
9.969664000000000303e-02
9.977856000000000225e-02
9.986048000000000147e-02
9.994240000000000068e-02
1.000243199999999999e-01
1.001062399999999991e-01
1.001881599999999983e-01
1.002700799999999975e-01
1.003519999999999968e-01
1.004339199999999960e-01
1.005158399999999952e-01
1.005977600000000083e-01
1.006796800000000075e-01
1.007616000000000067e-01
1.008435200000000059e-01
1.009254400000000051e-01
1.010073600000000044e-01
1.010892800000000036e-01
1.011712000000000028e-01
1.012531200000000020e-01
1.013350400000000012e-01
1.014169600000000004e-01
1.014988799999999997e-01
1.015807999999999989e-01
1.016627199999999981e-01
1.017446399999999973e-01
1.018265599999999965e-01
1.019084799999999957e-01
1.019904000000000088e-01
1.020723200000000080e-01
1.021542400000000073e-01
1.022361600000000065e-01
1.023180800000000057e-01
1.024000000000000049e-01
1.024819200000000041e-01
1.025638400000000033e-01
1.026457600000000026e-01
1.027276800000000018e-01
1.028096000000000010e-01
1.028915200000000002e-01
1.029734399999999994e-01
1.030553599999999986e-01
1.031372799999999978e-01
1.032191999999999971e-01
1.033011199999999963e-01
1.033830399999999955e-01
1.034649600000000086e-01
1.035468800000000078e-01
1.036288000000000070e-01
1.037107200000000062e-01
1.037926400000000055e-01
1.038745600000000047e-01
1.039564800000000039e-01
1.040384000000000031e-01
1.041203200000000023e-01
1.042022400000000015e-01
1.042841600000000007e-01
1.043660800000000000e-01
1.044479999999999992e-01
1.045299199999999984e-01
1.046118399999999976e-01
1.046937599999999968e-01
1.047756799999999960e-01
1.048575999999999953e-01
1.049395200000000083e-01
1.050214400000000076e-01
1.051033600000000068e-01
1.051852800000000060e-01
1.052672000000000052e-01
1.053491200000000044e-01
1.054310400000000036e-01
1.055129600000000029e-01
1.055948800000000021e-01
1.056768000000000013e-01
1.057587200000000005e-01
1.058406399999999997e-01
1.059225599999999989e-01
1.060044799999999982e-01
1.060863999999999974e-01
1.061683199999999966e-01
1.062502399999999958e-01
1.063321600000000089e-01
1.064140800000000081e-01
1.064960000000000073e-01
1.065779200000000065e-01
1.066598400000000058e-01
1.067417600000000050e-01
1.068236800000000042e-01
1.069056000000000034e-01
1.069875200000000026e-01
1.070694400000000018e-01
1.071513600000000010e-01
1.072332800000000003e-01
1.073151999999999995e-01
1.073971199999999987e-01
1.074790399999999979e-01
1.075609599999999971e-01
1.076428799999999963e-01
1.077247999999999956e-01
1.078067200000000087e-01
1.078886400000000079e-01
1.079705600000000071e-01
1.080524800000000063e-01
1.081344000000000055e-01
1.082163200000000047e-01
1.082982400000000039e-01
1.083801600000000032e-01
1.084620800000000024e-01
1.085440000000000016e-01
1.086259200000000008e-01
1.087078400000000000e-01
1.087897599999999992e-01
1.088716799999999985e-01
1.089535999999999977e-01
1.090355199999999969e-01
1.091174399999999961e-01
1.091993600000000092e-01
1.092812800000000084e-01
1.093632000000000076e-01
1.094451200000000068e-01
1.095270400000000061e-01
1.096089600000000053e-01
1.096908800000000045e-01
1.097728000000000037e-01
1.098547200000000029e-01
1.099366400000000021e-01
1.100185600000000014e-01
1.101004800000000006e-01
1.101823999999999998e-01
1.102643199999999990e-01
1.103462399999999982e-01
1.104281599999999974e-01
1.105100799999999966e-01
1.105919999999999959e-01
1.106739200000000090e-01
1.107558400000000082e-01
1.108377600000000074e-01
1.109196800000000066e-01
1.110016000000000058e-01
1.110835200000000050e-01
1.111654400000000043e-01
1.112473600000000035e-01
1.113292800000000027e-01
1.114112000000000019e-01
1.114931200000000011e-01
1.115750400000000003e-01
1.116569599999999995e-01
1.117388799999999988e-01
1.118207999999999980e-01
1.119027199999999972e-01
1.119846399999999964e-01
1.120665599999999956e-01
1.121484800000000087e-01
1.122304000000000079e-01
1.123123200000000071e-01
1.123942400000000064e-01
1.124761600000000056e-01
1.125580800000000048e-01
1.126400000000000040e-01
1.127219200000000032e-01
1.128038400000000024e-01
1.128857600000000017e-01
1.129676800000000009e-01
1.130496000000000001e-01
1.131315199999999993e-01
1.132134399999999985e-01
1.132953599999999977e-01
1.133772799999999970e-01
1.134591999999999962e-01
1.135411200000000093e-01
1.136230400000000085e-01
1.137049600000000077e-01
1.137868800000000069e-01
1.138688000000000061e-01
1.139507200000000053e-01
1.140326400000000046e-01
1.141145600000000038e-01
1.141964800000000030e-01
1.142784000000000022e-01
1.143603200000000014e-01
1.144422400000000006e-01
1.145241599999999998e-01
1.146060799999999991e-01
1.146879999999999983e-01
1.147699199999999975e-01
1.148518399999999967e-01
1.149337599999999959e-01
1.150156800000000090e-01
1.150976000000000082e-01
1.151795200000000075e-01
1.152614400000000067e-01
1.153433600000000059e-01
1.154252800000000051e-01
1.155072000000000043e-01
1.155891200000000035e-01
1.156710400000000027e-01
1.157529600000000020e-01
1.158348800000000012e-01
1.159168000000000004e-01
1.159987199999999996e-01
1.160806399999999988e-01
1.161625599999999980e-01
1.162444799999999973e-01
1.163263999999999965e-01
1.164083199999999957e-01
1.164902400000000088e-01
1.165721600000000080e-01
1.166540800000000072e-01
1.167360000000000064e-01
1.168179200000000056e-01
1.168998400000000049e-01
1.169817600000000041e-01
1.170636800000000033e-01
1.171456000000000025e-01
1.172275200000000017e-01
1.173094400000000009e-01
1.173913600000000002e-01
1.174732799999999994e-01
1.175551999999999986e-01
1.176371199999999978e-01
1.177190399999999970e-01
1.178009599999999962e-01
1.178828800000000093e-01
1.179648000000000085e-01
1.180467200000000078e-01
1.181286400000000070e-01
1.182105600000000062e-01
1.182924800000000054e-01
1.183744000000000046e-01
1.184563200000000038e-01
1.185382400000000030e-01
1.186201600000000023e-01
1.187020800000000015e-01
1.187840000000000007e-01
1.188659199999999999e-01
1.189478399999999991e-01
1.190297599999999983e-01
1.191116799999999976e-01
1.191935999999999968e-01
1.192755199999999960e-01
1.193574400000000091e-01
1.194393600000000083e-01
1.195212800000000075e-01
1.196032000000000067e-01
1.196851200000000059e-01
1.197670400000000052e-01
1.198489600000000044e-01
1.199308800000000036e-01
1.200128000000000028e-01
1.200947200000000020e-01
1.201766400000000012e-01
1.202585600000000005e-01
1.203404799999999997e-01
1.204223999999999989e-01
1.205043199999999981e-01
1.205862399999999973e-01
1.206681599999999965e-01
1.207500799999999958e-01
1.208320000000000088e-01
1.209139200000000081e-01
1.209958400000000073e-01
1.210777600000000065e-01
1.211596800000000057e-01
1.212416000000000049e-01
1.213235200000000041e-01
1.214054400000000034e-01
1.214873600000000026e-01
1.215692800000000018e-01
1.216512000000000010e-01
1.217331200000000002e-01
1.218150399999999994e-01
1.218969599999999986e-01
1.219788799999999979e-01
1.220607999999999971e-01
1.221427199999999963e-01
1.222246400000000094e-01
1.223065600000000086e-01
1.223884800000000078e-01
1.224704000000000070e-01
1.225523200000000063e-01
1.226342400000000055e-01
1.227161600000000047e-01
1.227980800000000039e-01
1.228800000000000031e-01
1.229619200000000023e-01
1.230438400000000015e-01
1.231257600000000008e-01
1.232076800000000000e-01
1.232895999999999992e-01
1.233715199999999984e-01
1.234534399999999976e-01
1.235353599999999968e-01
1.236172799999999961e-01
1.236992000000000091e-01
1.237811200000000084e-01
1.238630400000000076e-01
1.239449600000000068e-01
1.240268800000000060e-01
1.241088000000000052e-01
1.241907200000000044e-01
1.242726400000000037e-01
1.243545600000000029e-01
1.244364800000000021e-01
1.245184000000000013e-01
1.246003200000000005e-01
1.246822399999999997e-01
1.247641599999999990e-01
1.248460799999999982e-01
1.249279999999999974e-01
1.250099199999999966e-01
1.250918400000000097e-01
1.251737599999999950e-01
1.252556800000000081e-01
1.253375999999999935e-01
1.254195200000000066e-01
1.255014399999999919e-01
1.255833600000000050e-01
1.256652799999999903e-01
1.257472000000000034e-01
1.258291200000000165e-01
1.259110400000000018e-01
1.259929600000000149e-01
1.260748800000000003e-01
1.261568000000000134e-01
1.262387199999999987e-01
1.263206400000000118e-01
1.264025599999999971e-01
1.264844800000000102e-01
1.265663999999999956e-01
1.266483200000000087e-01
1.267302399999999940e-01
1.268121600000000071e-01
1.268940799999999924e-01
1.269760000000000055e-01
1.270579199999999909e-01
1.271398400000000040e-01
1.272217599999999893e-01
1.273036800000000024e-01
1.273856000000000155e-01
1.274675200000000008e-01
1.275494400000000139e-01
1.276313599999999993e-01
1.277132800000000123e-01
1.277951999999999977e-01
1.278771200000000108e-01
1.279590399999999961e-01
1.280409600000000092e-01
1.281228799999999945e-01
1.282048000000000076e-01
1.282867199999999930e-01
1.283686400000000061e-01
1.284505599999999914e-01
1.285324800000000045e-01
1.286143999999999898e-01
1.286963200000000029e-01
1.287782400000000160e-01
1.288601600000000014e-01
1.289420800000000145e-01
1.290239999999999998e-01
1.291059200000000129e-01
1.291878399999999982e-01
1.292697600000000113e-01
1.293516799999999967e-01
1.294336000000000098e-01
1.295155199999999951e-01
1.295974400000000082e-01
1.296793599999999935e-01
1.297612800000000066e-01
1.298431999999999920e-01
1.299251200000000050e-01
1.300070399999999904e-01
1.300889600000000035e-01
1.301708800000000166e-01
1.302528000000000019e-01
1.303347200000000150e-01
1.304166400000000003e-01
1.304985600000000134e-01
1.305804799999999988e-01
1.306624000000000119e-01
1.307443199999999972e-01
1.308262400000000103e-01
1.309081599999999956e-01
1.309900800000000087e-01
1.310719999999999941e-01
1.311539200000000072e-01
1.312358399999999925e-01
1.313177600000000056e-01
1.313996799999999909e-01
1.314816000000000040e-01
1.315635199999999894e-01
1.316454400000000025e-01
1.317273600000000155e-01
1.318092800000000009e-01
1.318912000000000140e-01
1.319731199999999993e-01
1.320550400000000124e-01
1.321369599999999978e-01
1.322188800000000108e-01
1.323007999999999962e-01
1.323827200000000093e-01
1.324646399999999946e-01
1.325465600000000077e-01
1.326284799999999930e-01
1.327104000000000061e-01
1.327923199999999915e-01
1.328742400000000046e-01
1.329561599999999899e-01
1.330380800000000030e-01
1.331200000000000161e-01
1.332019200000000014e-01
1.332838400000000145e-01
1.333657599999999999e-01
1.334476800000000130e-01
1.335295999999999983e-01
1.336115200000000114e-01
1.336934399999999967e-01
1.337753600000000098e-01
1.338572799999999952e-01
1.339392000000000083e-01
1.340211199999999936e-01
1.341030400000000067e-01
1.341849599999999920e-01
1.342668800000000051e-01
1.343487999999999905e-01
1.344307200000000035e-01
1.345126400000000166e-01
1.345945600000000020e-01
1.346764800000000151e-01
1.347584000000000004e-01
1.348403200000000135e-01
1.349222399999999988e-01
1.350041600000000119e-01
1.350860799999999973e-01
1.351680000000000104e-01
1.352499199999999957e-01
1.353318400000000088e-01
1.354137599999999941e-01
1.354956800000000072e-01
1.355775999999999926e-01
1.356595200000000057e-01
1.357414399999999910e-01
1.358233600000000041e-01
1.359052799999999894e-01
1.359872000000000025e-01
1.360691200000000156e-01
1.361510400000000010e-01
1.362329600000000140e-01
1.363148799999999994e-01
1.363968000000000125e-01
1.364787199999999978e-01
1.365606400000000109e-01
1.366425599999999962e-01
1.367244800000000093e-01
1.368063999999999947e-01
1.368883200000000078e-01
1.369702399999999931e-01
1.370521600000000062e-01
1.371340799999999915e-01
1.372160000000000046e-01
1.372979199999999900e-01
1.373798400000000031e-01
1.374617600000000162e-01
1.375436800000000015e-01
1.376256000000000146e-01
1.377075199999999999e-01
1.377894400000000130e-01
1.378713599999999984e-01
1.379532800000000115e-01
1.380351999999999968e-01
1.381171200000000099e-01
1.381990399999999952e-01
1.382809600000000083e-01
1.383628799999999937e-01
1.384448000000000067e-01
1.385267199999999921e-01
1.386086400000000052e-01
1.386905599999999905e-01
1.387724800000000036e-01
1.388544000000000167e-01
1.389363200000000020e-01
1.390182400000000151e-01
1.391001600000000005e-01
1.391820800000000136e-01
1.392639999999999989e-01
1.393459200000000120e-01
1.394278399999999973e-01
1.395097600000000104e-01
1.395916799999999958e-01
1.396736000000000089e-01
1.397555199999999942e-01
1.398374400000000073e-01
1.399193599999999926e-01
1.400012800000000057e-01
1.400831999999999911e-01
1.401651200000000042e-01
1.402470399999999895e-01
1.403289600000000026e-01
1.404108800000000157e-01
1.404928000000000010e-01
1.405747200000000141e-01
1.406566399999999994e-01
1.407385600000000125e-01
1.408204799999999979e-01
1.409024000000000110e-01
1.409843199999999963e-01
1.410662400000000094e-01
1.411481599999999947e-01
1.412300800000000078e-01
1.413119999999999932e-01
1.413939200000000063e-01
1.414758399999999916e-01
1.415577600000000047e-01
1.416396799999999900e-01
1.417216000000000031e-01
1.418035200000000162e-01
1.418854400000000016e-01
1.419673600000000147e-01
1.420492800000000000e-01
1.421312000000000131e-01
1.422131199999999984e-01
1.422950400000000115e-01
1.423769599999999969e-01
1.424588800000000099e-01
1.425407999999999953e-01
1.426227200000000084e-01
1.427046399999999937e-01
1.427865600000000068e-01
1.428684799999999921e-01
1.429504000000000052e-01
1.430323199999999906e-01
1.431142400000000037e-01
1.431961600000000168e-01
1.432780800000000021e-01
1.433600000000000152e-01
1.434419200000000005e-01
1.435238400000000136e-01
1.436057599999999990e-01
1.436876800000000121e-01
1.437695999999999974e-01
1.438515200000000105e-01
1.439334399999999958e-01
1.440153600000000089e-01
1.440972799999999943e-01
1.441792000000000074e-01
1.442611199999999927e-01
1.443430400000000058e-01
1.444249599999999911e-01
1.445068800000000042e-01
1.445887999999999896e-01
1.446707200000000026e-01
1.447526400000000157e-01
1.448345600000000011e-01
1.449164800000000142e-01
1.449983999999999995e-01
1.450803200000000126e-01
1.451622399999999979e-01
1.452441600000000110e-01
1.453260799999999964e-01
1.454080000000000095e-01
1.454899199999999948e-01
1.455718400000000079e-01
1.456537599999999932e-01
1.457356800000000063e-01
1.458175999999999917e-01
1.458995200000000048e-01
1.459814399999999901e-01
1.460633600000000032e-01
1.461452800000000163e-01
1.462272000000000016e-01
1.463091200000000147e-01
1.463910400000000001e-01
1.464729600000000131e-01
1.465548799999999985e-01
1.466368000000000116e-01
1.467187199999999969e-01
1.468006400000000100e-01
1.468825599999999953e-01
1.469644800000000084e-01
1.470463999999999938e-01
1.471283200000000069e-01
1.472102399999999922e-01
1.472921600000000053e-01
1.473740799999999906e-01
1.474560000000000037e-01
1.475379200000000168e-01
1.476198400000000022e-01
1.477017600000000153e-01
1.477836800000000006e-01
1.478656000000000137e-01
1.479475199999999990e-01
1.480294400000000121e-01
1.481113599999999975e-01
1.481932800000000106e-01
1.482751999999999959e-01
1.483571200000000090e-01
1.484390399999999943e-01
1.485209600000000074e-01
1.486028799999999928e-01
1.486848000000000058e-01
1.487667199999999912e-01
1.488486400000000043e-01
1.489305599999999896e-01
1.490124800000000027e-01
1.490944000000000158e-01
1.491763200000000011e-01
1.492582400000000142e-01
1.493401599999999996e-01
1.494220800000000127e-01
1.495039999999999980e-01
1.495859200000000111e-01
1.496678399999999964e-01
1.497497600000000095e-01
1.498316799999999949e-01
1.499136000000000080e-01
1.499955199999999933e-01
1.500774400000000064e-01
1.501593599999999917e-01
1.502412800000000048e-01
1.503231999999999902e-01
1.504051200000000033e-01
1.504870400000000163e-01
1.505689600000000017e-01
1.506508800000000148e-01
1.507328000000000001e-01
1.508147200000000132e-01
1.508966399999999985e-01
1.509785600000000116e-01
1.510604799999999970e-01
1.511424000000000101e-01
1.512243199999999954e-01
1.513062400000000085e-01
1.513881599999999938e-01
1.514700800000000069e-01
1.515519999999999923e-01
1.516339200000000054e-01
1.517158399999999907e-01
1.517977600000000038e-01
1.518796800000000169e-01
1.519616000000000022e-01
1.520435200000000153e-01
1.521254400000000007e-01
1.522073600000000138e-01
1.522892799999999991e-01
1.523712000000000122e-01
1.524531199999999975e-01
1.525350400000000106e-01
1.526169599999999960e-01
1.526988800000000090e-01
1.527807999999999944e-01
1.528627200000000075e-01
1.529446399999999928e-01
1.530265600000000059e-01
1.531084799999999913e-01
1.531904000000000043e-01
1.532723199999999897e-01
1.533542400000000028e-01
1.534361600000000159e-01
1.535180800000000012e-01
1.536000000000000143e-01
1.536819199999999996e-01
1.537638400000000127e-01
1.538457599999999981e-01
1.539276800000000112e-01
1.540095999999999965e-01
1.540915200000000096e-01
1.541734399999999949e-01
1.542553600000000080e-01
1.543372799999999934e-01
1.544192000000000065e-01
1.545011199999999918e-01
1.545830400000000049e-01
1.546649599999999902e-01
1.547468800000000033e-01
1.548288000000000164e-01
1.549107200000000018e-01
1.549926400000000148e-01
1.550745600000000002e-01
1.551564800000000133e-01
1.552383999999999986e-01
1.553203200000000117e-01
1.554022399999999970e-01
1.554841600000000101e-01
1.555660799999999955e-01
1.556480000000000086e-01
1.557299199999999939e-01
1.558118400000000070e-01
1.558937599999999923e-01
1.559756800000000054e-01
1.560575999999999908e-01
1.561395200000000039e-01
1.562214400000000170e-01
1.563033600000000023e-01
1.563852800000000154e-01
1.564672000000000007e-01
1.565491200000000138e-01
1.566310399999999992e-01
1.567129600000000123e-01
1.567948799999999976e-01
1.568768000000000107e-01
1.569587199999999960e-01
1.570406400000000091e-01
1.571225599999999945e-01
1.572044800000000075e-01
1.572863999999999929e-01
1.573683200000000060e-01
1.574502399999999913e-01
1.575321600000000044e-01
1.576140799999999897e-01
1.576960000000000028e-01
1.577779200000000159e-01
1.578598400000000013e-01
1.579417600000000144e-01
1.580236799999999997e-01
1.581056000000000128e-01
1.581875199999999981e-01
1.582694400000000112e-01
1.583513599999999966e-01
1.584332800000000097e-01
1.585151999999999950e-01
1.585971200000000081e-01
1.586790399999999934e-01
1.587609600000000065e-01
1.588428799999999919e-01
1.589248000000000050e-01
1.590067199999999903e-01
1.590886400000000034e-01
1.591705600000000165e-01
1.592524800000000018e-01
1.593344000000000149e-01
1.594163200000000002e-01
1.594982400000000133e-01
1.595801599999999987e-01
1.596620800000000118e-01
1.597439999999999971e-01
1.598259200000000102e-01
1.599078399999999955e-01
1.599897600000000086e-01
1.600716799999999940e-01
1.601536000000000071e-01
1.602355199999999924e-01
1.603174400000000055e-01
1.603993599999999908e-01
1.604812800000000039e-01
1.605632000000000170e-01
1.606451200000000024e-01
1.607270400000000155e-01
1.608089600000000008e-01
1.608908800000000139e-01
1.609727999999999992e-01
1.610547200000000123e-01
1.611366399999999977e-01
1.612185600000000107e-01
1.613004799999999961e-01
1.613824000000000092e-01
1.614643199999999945e-01
1.615462400000000076e-01
1.616281599999999929e-01
1.617100800000000060e-01
1.617919999999999914e-01
1.618739200000000045e-01
1.619558399999999898e-01
1.620377600000000029e-01
1.621196800000000160e-01
1.622016000000000013e-01
1.622835200000000144e-01
1.623654399999999998e-01
1.624473600000000129e-01
1.625292799999999982e-01
1.626112000000000113e-01
1.626931199999999966e-01
1.627750400000000097e-01
1.628569599999999951e-01
1.629388800000000082e-01
1.630207999999999935e-01
1.631027200000000066e-01
1.631846399999999919e-01
1.632665600000000050e-01
1.633484799999999904e-01
1.634304000000000034e-01
1.635123200000000165e-01
1.635942400000000019e-01
1.636761600000000150e-01
1.637580800000000003e-01
1.638400000000000134e-01
1.639219199999999987e-01
1.640038400000000118e-01
1.640857599999999972e-01
1.641676800000000103e-01
1.642495999999999956e-01
1.643315200000000087e-01
1.644134399999999940e-01
1.644953600000000071e-01
1.645772799999999925e-01
1.646592000000000056e-01
1.647411199999999909e-01
1.648230400000000040e-01
1.649049600000000171e-01
1.649868800000000024e-01
1.650688000000000155e-01
1.651507200000000009e-01
1.652326400000000139e-01
1.653145599999999993e-01
1.653964800000000124e-01
1.654783999999999977e-01
1.655603200000000108e-01
1.656422399999999961e-01
1.657241600000000092e-01
1.658060799999999946e-01
1.658880000000000077e-01
1.659699199999999930e-01
1.660518400000000061e-01
1.661337599999999914e-01
1.662156800000000045e-01
1.662975999999999899e-01
1.663795200000000030e-01
1.664614400000000161e-01
1.665433600000000014e-01
1.666252800000000145e-01
1.667071999999999998e-01
1.667891200000000129e-01
1.668710399999999983e-01
1.669529600000000114e-01
1.670348799999999967e-01
1.671168000000000098e-01
1.671987199999999951e-01
1.672806400000000082e-01
1.673625599999999936e-01
1.674444800000000066e-01
1.675263999999999920e-01
1.676083200000000051e-01
1.676902399999999904e-01
1.677721600000000035e-01
1.678540800000000166e-01
1.679360000000000019e-01
1.680179200000000150e-01
1.680998400000000004e-01
1.681817600000000135e-01
1.682636799999999988e-01
1.683456000000000119e-01
1.684275199999999972e-01
1.685094400000000103e-01
1.685913599999999957e-01
1.686732800000000088e-01
1.687551999999999941e-01
1.688371200000000072e-01
1.689190399999999925e-01
1.690009600000000056e-01
1.690828799999999910e-01
1.691648000000000041e-01
1.692467200000000171e-01
1.693286400000000025e-01
1.694105600000000156e-01
1.694924800000000009e-01
1.695744000000000140e-01
1.696563199999999993e-01
1.697382400000000124e-01
1.698201599999999978e-01
1.699020800000000109e-01
1.699839999999999962e-01
1.700659200000000093e-01
1.701478399999999946e-01
1.702297600000000077e-01
1.703116799999999931e-01
1.703936000000000062e-01
1.704755199999999915e-01
1.705574400000000046e-01
1.706393599999999899e-01
1.707212800000000030e-01
1.708032000000000161e-01
1.708851200000000015e-01
1.709670400000000146e-01
1.710489599999999999e-01
1.711308800000000130e-01
1.712127999999999983e-01
1.712947200000000114e-01
1.713766399999999968e-01
1.714585600000000098e-01
1.715404799999999952e-01
1.716224000000000083e-01
1.717043199999999936e-01
1.717862400000000067e-01
1.718681599999999920e-01
1.719500800000000051e-01
1.720319999999999905e-01
1.721139200000000036e-01
1.721958400000000167e-01
1.722777600000000020e-01
1.723596800000000151e-01
1.724416000000000004e-01
1.725235200000000135e-01
1.726054399999999989e-01
1.726873600000000120e-01
1.727692799999999973e-01
1.728512000000000104e-01
1.729331199999999957e-01
1.730150400000000088e-01
1.730969599999999942e-01
1.731788800000000073e-01
1.732607999999999926e-01
1.733427200000000057e-01
1.734246399999999910e-01
1.735065600000000041e-01
1.735884800000000172e-01
1.736704000000000025e-01
1.737523200000000156e-01
1.738342400000000010e-01
1.739161600000000141e-01
1.739980799999999994e-01
1.740800000000000125e-01
1.741619199999999978e-01
1.742438400000000109e-01
1.743257599999999963e-01
1.744076800000000094e-01
1.744895999999999947e-01
1.745715200000000078e-01
1.746534399999999931e-01
1.747353600000000062e-01
1.748172799999999916e-01
1.748992000000000047e-01
1.749811199999999900e-01
1.750630400000000031e-01
1.751449600000000162e-01
1.752268800000000015e-01
1.753088000000000146e-01
1.753907200000000000e-01
1.754726400000000130e-01
1.755545599999999984e-01
1.756364800000000115e-01
1.757183999999999968e-01
1.758003200000000099e-01
1.758822399999999953e-01
1.759641600000000083e-01
1.760460799999999937e-01
1.761280000000000068e-01
1.762099199999999921e-01
1.762918400000000052e-01
1.763737599999999905e-01
1.764556800000000036e-01
1.765376000000000167e-01
1.766195200000000021e-01
1.767014400000000152e-01
1.767833600000000005e-01
1.768652800000000136e-01
1.769471999999999989e-01
1.770291200000000120e-01
1.771110399999999974e-01
1.771929600000000105e-01
1.772748799999999958e-01
1.773568000000000089e-01
1.774387199999999942e-01
1.775206400000000073e-01
1.776025599999999927e-01
1.776844800000000058e-01
1.777663999999999911e-01
1.778483200000000042e-01
1.779302400000000173e-01
1.780121600000000026e-01
1.780940800000000157e-01
1.781760000000000010e-01
1.782579200000000141e-01
1.783398399999999995e-01
1.784217600000000126e-01
1.785036799999999979e-01
1.785856000000000110e-01
1.786675199999999963e-01
1.787494400000000094e-01
1.788313599999999948e-01
1.789132800000000079e-01
1.789951999999999932e-01
1.790771200000000063e-01
1.791590399999999916e-01
1.792409600000000047e-01
1.793228799999999901e-01
1.794048000000000032e-01
1.794867200000000163e-01
1.795686400000000016e-01
1.796505600000000147e-01
1.797324800000000000e-01
1.798144000000000131e-01
1.798963199999999985e-01
1.799782400000000115e-01
1.800601599999999969e-01
1.801420800000000100e-01
1.802239999999999953e-01
1.803059200000000084e-01
1.803878399999999937e-01
1.804697600000000068e-01
1.805516799999999922e-01
1.806336000000000053e-01
1.807155199999999906e-01
1.807974400000000037e-01
1.808793600000000168e-01
1.809612800000000021e-01
1.810432000000000152e-01
1.811251200000000006e-01
1.812070400000000137e-01
1.812889599999999990e-01
1.813708800000000121e-01
1.814527999999999974e-01
1.815347200000000105e-01
1.816166399999999959e-01
1.816985600000000090e-01
1.817804799999999943e-01
1.818624000000000074e-01
1.819443199999999927e-01
1.820262400000000058e-01
1.821081599999999912e-01
1.821900800000000042e-01
1.822720000000000173e-01
1.823539200000000027e-01
1.824358400000000158e-01
1.825177600000000011e-01
1.825996800000000142e-01
1.826815999999999995e-01
1.827635200000000126e-01
1.828454399999999980e-01
1.829273600000000111e-01
1.830092799999999964e-01
1.830912000000000095e-01
1.831731199999999948e-01
1.832550400000000079e-01
1.833369599999999933e-01
1.834188800000000064e-01
1.835007999999999917e-01
1.835827200000000048e-01
1.836646399999999901e-01
1.837465600000000032e-01
1.838284800000000163e-01
1.839104000000000017e-01
1.839923200000000147e-01
1.840742400000000001e-01
1.841561600000000132e-01
1.842380799999999985e-01
1.843200000000000116e-01
1.844019199999999969e-01
1.844838400000000100e-01
1.845657599999999954e-01
1.846476800000000085e-01
1.847295999999999938e-01
1.848115200000000069e-01
1.848934399999999922e-01
1.849753600000000053e-01
1.850572799999999907e-01
1.851392000000000038e-01
1.852211200000000169e-01
1.853030400000000022e-01
1.853849600000000153e-01
1.854668800000000006e-01
1.855488000000000137e-01
1.856307199999999991e-01
1.857126400000000122e-01
1.857945599999999975e-01
1.858764800000000106e-01
1.859583999999999959e-01
1.860403200000000090e-01
1.861222399999999944e-01
1.862041600000000074e-01
1.862860799999999928e-01
1.863680000000000059e-01
1.864499199999999912e-01
1.865318400000000043e-01
1.866137600000000174e-01
1.866956800000000027e-01
1.867776000000000158e-01
1.868595200000000012e-01
1.869414400000000143e-01
1.870233599999999996e-01
1.871052800000000127e-01
1.871871999999999980e-01
1.872691200000000111e-01
1.873510399999999965e-01
1.874329600000000096e-01
1.875148799999999949e-01
1.875968000000000080e-01
1.876787199999999933e-01
1.877606400000000064e-01
1.878425599999999918e-01
1.879244800000000049e-01
1.880063999999999902e-01
1.880883200000000033e-01
1.881702400000000164e-01
1.882521600000000017e-01
1.883340800000000148e-01
1.884160000000000001e-01
1.884979200000000132e-01
1.885798399999999986e-01
1.886617600000000117e-01
1.887436799999999970e-01
1.888256000000000101e-01
1.889075199999999954e-01
1.889894400000000085e-01
1.890713599999999939e-01
1.891532800000000070e-01
1.892351999999999923e-01
1.893171200000000054e-01
1.893990399999999907e-01
1.894809600000000038e-01
1.895628800000000169e-01
1.896448000000000023e-01
1.897267200000000154e-01
1.898086400000000007e-01
1.898905600000000138e-01
1.899724799999999991e-01
1.900544000000000122e-01
1.901363199999999976e-01
1.902182400000000106e-01
1.903001599999999960e-01
1.903820800000000091e-01
1.904639999999999944e-01
1.905459200000000075e-01
1.906278399999999928e-01
1.907097600000000059e-01
1.907916799999999913e-01
1.908736000000000044e-01
1.909555200000000175e-01
1.910374400000000028e-01
1.911193600000000159e-01
1.912012800000000012e-01
1.912832000000000143e-01
1.913651199999999997e-01
1.914470400000000128e-01
1.915289599999999981e-01
1.916108800000000112e-01
1.916927999999999965e-01
1.917747200000000096e-01
1.918566399999999950e-01
1.919385600000000081e-01
1.920204799999999934e-01
1.921024000000000065e-01
1.921843199999999918e-01
1.922662400000000049e-01
1.923481599999999903e-01
1.924300800000000033e-01
1.925120000000000164e-01
1.925939200000000018e-01
1.926758400000000149e-01
1.927577600000000002e-01
1.928396800000000133e-01
1.929215999999999986e-01
1.930035200000000117e-01
1.930854399999999971e-01
1.931673600000000102e-01
1.932492799999999955e-01
1.933312000000000086e-01
1.934131199999999939e-01
1.934950400000000070e-01
1.935769599999999924e-01
1.936588800000000055e-01
1.937407999999999908e-01
1.938227200000000039e-01
1.939046400000000170e-01
1.939865600000000023e-01
1.940684800000000154e-01
1.941504000000000008e-01
1.942323200000000138e-01
1.943142399999999992e-01
1.943961600000000123e-01
1.944780799999999976e-01
1.945600000000000107e-01
1.946419199999999960e-01
1.947238400000000091e-01
1.948057599999999945e-01
1.948876800000000076e-01
1.949695999999999929e-01
1.950515200000000060e-01
1.951334399999999913e-01
1.952153600000000044e-01
1.952972800000000175e-01
1.953792000000000029e-01
1.954611200000000160e-01
1.955430400000000013e-01
1.956249600000000144e-01
1.957068799999999997e-01
1.957888000000000128e-01
1.958707199999999982e-01
1.959526400000000113e-01
1.960345599999999966e-01
1.961164800000000097e-01
1.961983999999999950e-01
1.962803200000000081e-01
1.963622399999999935e-01
1.964441600000000065e-01
1.965260799999999919e-01
1.966080000000000050e-01
1.966899199999999903e-01
1.967718400000000034e-01
1.968537600000000165e-01
1.969356800000000018e-01
1.970176000000000149e-01
1.970995200000000003e-01
1.971814400000000134e-01
1.972633599999999987e-01
1.973452800000000118e-01
1.974271999999999971e-01
1.975091200000000102e-01
1.975910399999999956e-01
1.976729600000000087e-01
1.977548799999999940e-01
1.978368000000000071e-01
1.979187199999999924e-01
1.980006400000000055e-01
1.980825599999999909e-01
1.981644800000000040e-01
1.982464000000000170e-01
1.983283200000000024e-01
1.984102400000000155e-01
1.984921600000000008e-01
1.985740800000000139e-01
1.986559999999999993e-01
1.987379200000000123e-01
1.988198399999999977e-01
1.989017600000000108e-01
1.989836799999999961e-01
1.990656000000000092e-01
1.991475199999999945e-01
1.992294400000000076e-01
1.993113599999999930e-01
1.993932800000000061e-01
1.994751999999999914e-01
1.995571200000000045e-01
1.996390400000000176e-01
1.997209600000000029e-01
1.998028800000000160e-01
1.998848000000000014e-01
1.999667200000000145e-01
2.000486399999999998e-01
2.001305600000000129e-01
2.002124799999999982e-01
2.002944000000000113e-01
2.003763199999999967e-01
2.004582400000000098e-01
2.005401599999999951e-01
2.006220800000000082e-01
2.007039999999999935e-01
2.007859200000000066e-01
2.008678399999999920e-01
2.009497600000000050e-01
2.010316799999999904e-01
2.011136000000000035e-01
2.011955200000000166e-01
2.012774400000000019e-01
2.013593600000000150e-01
2.014412800000000003e-01
2.015232000000000134e-01
2.016051199999999988e-01
2.016870400000000119e-01
2.017689599999999972e-01
2.018508800000000103e-01
2.019327999999999956e-01
2.020147200000000087e-01
2.020966399999999941e-01
2.021785600000000072e-01
2.022604799999999925e-01
2.023424000000000056e-01
2.024243199999999909e-01
2.025062400000000040e-01
2.025881600000000171e-01
2.026700800000000025e-01
2.027520000000000155e-01
2.028339200000000009e-01
2.029158400000000140e-01
2.029977599999999993e-01
2.030796800000000124e-01
2.031615999999999977e-01
2.032435200000000108e-01
2.033254399999999962e-01
2.034073600000000093e-01
2.034892799999999946e-01
2.035712000000000077e-01
2.036531199999999930e-01
2.037350400000000061e-01
2.038169599999999915e-01
2.038988800000000046e-01
2.039808000000000177e-01
2.040627200000000030e-01
2.041446400000000161e-01
2.042265600000000014e-01
2.043084800000000145e-01
2.043903999999999999e-01
2.044723200000000130e-01
2.045542399999999983e-01
2.046361600000000114e-01
2.047180799999999967e-01
2.048000000000000098e-01
2.048819199999999952e-01
2.049638400000000082e-01
2.050457599999999936e-01
2.051276800000000067e-01
2.052095999999999920e-01
2.052915200000000051e-01
2.053734399999999904e-01
2.054553600000000035e-01
2.055372800000000166e-01
2.056192000000000020e-01
2.057011200000000151e-01
2.057830400000000004e-01
2.058649600000000135e-01
2.059468799999999988e-01
2.060288000000000119e-01
2.061107199999999973e-01
2.061926400000000104e-01
2.062745599999999957e-01
2.063564800000000088e-01
2.064383999999999941e-01
2.065203200000000072e-01
2.066022399999999926e-01
2.066841600000000057e-01
2.067660799999999910e-01
2.068480000000000041e-01
2.069299200000000172e-01
2.070118400000000025e-01
2.070937600000000156e-01
2.071756800000000009e-01
2.072576000000000140e-01
2.073395199999999994e-01
2.074214400000000125e-01
2.075033599999999978e-01
2.075852800000000109e-01
2.076671999999999962e-01
2.077491200000000093e-01
2.078310399999999947e-01
2.079129600000000078e-01
2.079948799999999931e-01
2.080768000000000062e-01
2.081587199999999915e-01
2.082406400000000046e-01
2.083225600000000177e-01
2.084044800000000031e-01
2.084864000000000162e-01
2.085683200000000015e-01
2.086502400000000146e-01
2.087321599999999999e-01
2.088140800000000130e-01
2.088959999999999984e-01
2.089779200000000114e-01
2.090598399999999968e-01
2.091417600000000099e-01
2.092236799999999952e-01
2.093056000000000083e-01
2.093875199999999936e-01
2.094694400000000067e-01
2.095513599999999921e-01
2.096332800000000052e-01
2.097151999999999905e-01
2.097971200000000036e-01
2.098790400000000167e-01
2.099609600000000020e-01
2.100428800000000151e-01
2.101248000000000005e-01
2.102067200000000136e-01
2.102886399999999989e-01
2.103705600000000120e-01
2.104524799999999973e-01
2.105344000000000104e-01
2.106163199999999958e-01
2.106982400000000089e-01
2.107801599999999942e-01
2.108620800000000073e-01
2.109439999999999926e-01
2.110259200000000057e-01
2.111078399999999911e-01
2.111897600000000041e-01
2.112716800000000172e-01
2.113536000000000026e-01
2.114355200000000157e-01
2.115174400000000010e-01
2.115993600000000141e-01
2.116812799999999994e-01
2.117632000000000125e-01
2.118451199999999979e-01
2.119270400000000110e-01
2.120089599999999963e-01
2.120908800000000094e-01
2.121727999999999947e-01
2.122547200000000078e-01
2.123366399999999932e-01
2.124185600000000063e-01
2.125004799999999916e-01
2.125824000000000047e-01
2.126643200000000178e-01
2.127462400000000031e-01
2.128281600000000162e-01
2.129100800000000016e-01
2.129920000000000146e-01
2.130739200000000000e-01
2.131558400000000131e-01
2.132377599999999984e-01
2.133196800000000115e-01
2.134015999999999968e-01
2.134835200000000099e-01
2.135654399999999953e-01
2.136473600000000084e-01
2.137292799999999937e-01
2.138112000000000068e-01
2.138931199999999921e-01
2.139750400000000052e-01
2.140569600000000183e-01
2.141388800000000037e-01
2.142208000000000168e-01
2.143027200000000021e-01
2.143846400000000152e-01
2.144665600000000005e-01
2.145484800000000136e-01
2.146303999999999990e-01
2.147123200000000121e-01
2.147942399999999974e-01
2.148761600000000105e-01
2.149580799999999958e-01
2.150400000000000089e-01
2.151219199999999943e-01
2.152038400000000073e-01
2.152857599999999927e-01
2.153676800000000058e-01
2.154495999999999911e-01
2.155315200000000042e-01
2.156134400000000173e-01
2.156953600000000026e-01
2.157772800000000157e-01
2.158592000000000011e-01
2.159411200000000142e-01
2.160230399999999995e-01
2.161049600000000126e-01
2.161868799999999979e-01
2.162688000000000110e-01
2.163507199999999964e-01
2.164326400000000095e-01
2.165145599999999948e-01
2.165964800000000079e-01
2.166783999999999932e-01
2.167603200000000063e-01
2.168422399999999917e-01
2.169241600000000048e-01
2.170060800000000178e-01
2.170880000000000032e-01
2.171699200000000163e-01
2.172518400000000016e-01
2.173337600000000147e-01
2.174156800000000000e-01
2.174976000000000131e-01
2.175795199999999985e-01
2.176614400000000116e-01
2.177433599999999969e-01
2.178252800000000100e-01
2.179071999999999953e-01
2.179891200000000084e-01
2.180710399999999938e-01
2.181529600000000069e-01
2.182348799999999922e-01
2.183168000000000053e-01
2.183987200000000184e-01
2.184806400000000037e-01
2.185625600000000168e-01
2.186444800000000022e-01
2.187264000000000153e-01
2.188083200000000006e-01
2.188902400000000137e-01
2.189721599999999990e-01
2.190540800000000121e-01
2.191359999999999975e-01
2.192179200000000105e-01
2.192998399999999959e-01
2.193817600000000090e-01
2.194636799999999943e-01
2.195456000000000074e-01
2.196275199999999928e-01
2.197094400000000058e-01
2.197913599999999912e-01
2.198732800000000043e-01
2.199552000000000174e-01
2.200371200000000027e-01
2.201190400000000158e-01
2.202009600000000011e-01
2.202828800000000142e-01
2.203647999999999996e-01
2.204467200000000127e-01
2.205286399999999980e-01
2.206105600000000111e-01
2.206924799999999964e-01
2.207744000000000095e-01
2.208563199999999949e-01
2.209382400000000080e-01
2.210201599999999933e-01
2.211020800000000064e-01
2.211839999999999917e-01
2.212659200000000048e-01
2.213478400000000179e-01
2.214297600000000033e-01
2.215116800000000163e-01
2.215936000000000017e-01
2.216755200000000148e-01
2.217574400000000001e-01
2.218393600000000132e-01
2.219212799999999985e-01
2.220032000000000116e-01
2.220851199999999970e-01
2.221670400000000101e-01
2.222489599999999954e-01
2.223308800000000085e-01
2.224127999999999938e-01
2.224947200000000069e-01
2.225766399999999923e-01
2.226585600000000054e-01
2.227404800000000185e-01
2.228224000000000038e-01
2.229043200000000169e-01
2.229862400000000022e-01
2.230681600000000153e-01
2.231500800000000007e-01
2.232320000000000138e-01
2.233139199999999991e-01
2.233958400000000122e-01
2.234777599999999975e-01
2.235596800000000106e-01
2.236415999999999960e-01
2.237235200000000090e-01
2.238054399999999944e-01
2.238873600000000075e-01
2.239692799999999928e-01
2.240512000000000059e-01
2.241331199999999912e-01
2.242150400000000043e-01
2.242969600000000174e-01
2.243788800000000028e-01
2.244608000000000159e-01
2.245427200000000012e-01
2.246246400000000143e-01
2.247065599999999996e-01
2.247884800000000127e-01
2.248703999999999981e-01
2.249523200000000112e-01
2.250342399999999965e-01
2.251161600000000096e-01
2.251980799999999949e-01
2.252800000000000080e-01
2.253619199999999934e-01
2.254438400000000065e-01
2.255257599999999918e-01
2.256076800000000049e-01
2.256896000000000180e-01
2.257715200000000033e-01
2.258534400000000164e-01
2.259353600000000017e-01
2.260172800000000148e-01
2.260992000000000002e-01
2.261811200000000133e-01
2.262630399999999986e-01
2.263449600000000117e-01
2.264268799999999970e-01
2.265088000000000101e-01
2.265907199999999955e-01
2.266726400000000086e-01
2.267545599999999939e-01
2.268364800000000070e-01
2.269183999999999923e-01
2.270003200000000054e-01
2.270822400000000185e-01
2.271641600000000039e-01
2.272460800000000170e-01
2.273280000000000023e-01
2.274099200000000154e-01
2.274918400000000007e-01
2.275737600000000138e-01
2.276556799999999992e-01
2.277376000000000122e-01
2.278195199999999976e-01
2.279014400000000107e-01
2.279833599999999960e-01
2.280652800000000091e-01
2.281471999999999944e-01
2.282291200000000075e-01
2.283110399999999929e-01
2.283929600000000060e-01
2.284748799999999913e-01
2.285568000000000044e-01
2.286387200000000175e-01
2.287206400000000028e-01
2.288025600000000159e-01
2.288844800000000013e-01
2.289664000000000144e-01
2.290483199999999997e-01
2.291302400000000128e-01
2.292121599999999981e-01
2.292940800000000112e-01
2.293759999999999966e-01
2.294579200000000097e-01
2.295398399999999950e-01
2.296217600000000081e-01
2.297036799999999934e-01
2.297856000000000065e-01
2.298675199999999919e-01
2.299494400000000049e-01
2.300313600000000180e-01
2.301132800000000034e-01
2.301952000000000165e-01
2.302771200000000018e-01
2.303590400000000149e-01
2.304409600000000002e-01
2.305228800000000133e-01
2.306047999999999987e-01
2.306867200000000118e-01
2.307686399999999971e-01
2.308505600000000102e-01
2.309324799999999955e-01
2.310144000000000086e-01
2.310963199999999940e-01
2.311782400000000071e-01
2.312601599999999924e-01
2.313420800000000055e-01
2.314240000000000186e-01
2.315059200000000039e-01
2.315878400000000170e-01
2.316697600000000024e-01
2.317516800000000154e-01
2.318336000000000008e-01
2.319155200000000139e-01
2.319974399999999992e-01
2.320793600000000123e-01
2.321612799999999976e-01
2.322432000000000107e-01
2.323251199999999961e-01
2.324070400000000092e-01
2.324889599999999945e-01
2.325708800000000076e-01
2.326527999999999929e-01
2.327347200000000060e-01
2.328166399999999914e-01
2.328985600000000045e-01
2.329804800000000176e-01
2.330624000000000029e-01
2.331443200000000160e-01
2.332262400000000013e-01
2.333081600000000144e-01
2.333900799999999998e-01
2.334720000000000129e-01
2.335539199999999982e-01
2.336358400000000113e-01
2.337177599999999966e-01
2.337996800000000097e-01
2.338815999999999951e-01
2.339635200000000081e-01
2.340454399999999935e-01
2.341273600000000066e-01
2.342092799999999919e-01
2.342912000000000050e-01
2.343731200000000181e-01
2.344550400000000034e-01
2.345369600000000165e-01
2.346188800000000019e-01
2.347008000000000150e-01
2.347827200000000003e-01
2.348646400000000134e-01
2.349465599999999987e-01
2.350284800000000118e-01
2.351103999999999972e-01
2.351923200000000103e-01
2.352742399999999956e-01
2.353561600000000087e-01
2.354380799999999940e-01
2.355200000000000071e-01
2.356019199999999925e-01
2.356838400000000056e-01
2.357657600000000186e-01
2.358476800000000040e-01
2.359296000000000171e-01
2.360115200000000024e-01
2.360934400000000155e-01
2.361753600000000008e-01
2.362572800000000139e-01
2.363391999999999993e-01
2.364211200000000124e-01
2.365030399999999977e-01
2.365849600000000108e-01
2.366668799999999961e-01
2.367488000000000092e-01
2.368307199999999946e-01
2.369126400000000077e-01
2.369945599999999930e-01
2.370764800000000061e-01
2.371583999999999914e-01
2.372403200000000045e-01
2.373222400000000176e-01
2.374041600000000030e-01
2.374860800000000161e-01
2.375680000000000014e-01
2.376499200000000145e-01
2.377318399999999998e-01
2.378137600000000129e-01
2.378956799999999983e-01
2.379776000000000113e-01
2.380595199999999967e-01
2.381414400000000098e-01
2.382233599999999951e-01
2.383052800000000082e-01
2.383871999999999935e-01
2.384691200000000066e-01
2.385510399999999920e-01
2.386329600000000051e-01
2.387148800000000182e-01
2.387968000000000035e-01
2.388787200000000166e-01
2.389606400000000019e-01
2.390425600000000150e-01
2.391244800000000004e-01
2.392064000000000135e-01
2.392883199999999988e-01
2.393702400000000119e-01
2.394521599999999972e-01
2.395340800000000103e-01
2.396159999999999957e-01
2.396979200000000088e-01
2.397798399999999941e-01
2.398617600000000072e-01
2.399436799999999925e-01
2.400256000000000056e-01
2.401075200000000187e-01
2.401894400000000040e-01
2.402713600000000171e-01
2.403532800000000025e-01
2.404352000000000156e-01
2.405171200000000009e-01
2.405990400000000140e-01
2.406809599999999993e-01
2.407628800000000124e-01
2.408447999999999978e-01
2.409267200000000109e-01
2.410086399999999962e-01
2.410905600000000093e-01
2.411724799999999946e-01
2.412544000000000077e-01
2.413363199999999931e-01
2.414182400000000062e-01
2.415001599999999915e-01
2.415820800000000046e-01
2.416640000000000177e-01
2.417459200000000030e-01
2.418278400000000161e-01
2.419097600000000015e-01
2.419916800000000145e-01
2.420735999999999999e-01
2.421555200000000130e-01
2.422374399999999983e-01
2.423193600000000114e-01
2.424012799999999968e-01
2.424832000000000098e-01
2.425651199999999952e-01
2.426470400000000083e-01
2.427289599999999936e-01
2.428108800000000067e-01
2.428927999999999920e-01
2.429747200000000051e-01
2.430566400000000182e-01
2.431385600000000036e-01
2.432204800000000167e-01
2.433024000000000020e-01
2.433843200000000151e-01
2.434662400000000004e-01
2.435481600000000135e-01
2.436300799999999989e-01
2.437120000000000120e-01
2.437939199999999973e-01
2.438758400000000104e-01
2.439577599999999957e-01
2.440396800000000088e-01
2.441215999999999942e-01
2.442035200000000073e-01
2.442854399999999926e-01
2.443673600000000057e-01
2.444492800000000188e-01
2.445312000000000041e-01
2.446131200000000172e-01
2.446950400000000025e-01
2.447769600000000156e-01
2.448588800000000010e-01
2.449408000000000141e-01
2.450227199999999994e-01
2.451046400000000125e-01
2.451865599999999978e-01
2.452684800000000109e-01
2.453503999999999963e-01
2.454323200000000094e-01
2.455142399999999947e-01
2.455961600000000078e-01
2.456780799999999931e-01
2.457600000000000062e-01
2.458419199999999916e-01
2.459238400000000047e-01
2.460057600000000178e-01
2.460876800000000031e-01
2.461696000000000162e-01
2.462515200000000015e-01
2.463334400000000146e-01
2.464153600000000000e-01
2.464972800000000130e-01
2.465791999999999984e-01
2.466611200000000115e-01
2.467430399999999968e-01
2.468249600000000099e-01
2.469068799999999952e-01
2.469888000000000083e-01
2.470707199999999937e-01
2.471526400000000068e-01
2.472345599999999921e-01
2.473164800000000052e-01
2.473984000000000183e-01
2.474803200000000036e-01
2.475622400000000167e-01
2.476441600000000021e-01
2.477260800000000152e-01
2.478080000000000005e-01
2.478899200000000136e-01
2.479718399999999989e-01
2.480537600000000120e-01
2.481356799999999974e-01
2.482176000000000105e-01
2.482995199999999958e-01
2.483814400000000089e-01
2.484633599999999942e-01
2.485452800000000073e-01
2.486271999999999927e-01
2.487091200000000057e-01
2.487910400000000188e-01
2.488729600000000042e-01
2.489548800000000173e-01
2.490368000000000026e-01
2.491187200000000157e-01
2.492006400000000010e-01
2.492825600000000141e-01
2.493644799999999995e-01
2.494464000000000126e-01
2.495283199999999979e-01
2.496102400000000110e-01
2.496921599999999963e-01
2.497740800000000094e-01
2.498559999999999948e-01
2.499379200000000079e-01
2.500198399999999932e-01
2.501017600000000063e-01
2.501836800000000194e-01
2.502656000000000325e-01
2.503475199999999901e-01
2.504294400000000032e-01
2.505113600000000162e-01
2.505932800000000293e-01
2.506751999999999869e-01
2.507571200000000000e-01
2.508390400000000131e-01
2.509209600000000262e-01
2.510028799999999838e-01
2.510847999999999969e-01
2.511667200000000100e-01
2.512486400000000231e-01
2.513305599999999806e-01
2.514124799999999937e-01
2.514944000000000068e-01
2.515763200000000199e-01
2.516582400000000330e-01
2.517401599999999906e-01
2.518220800000000037e-01
2.519040000000000168e-01
2.519859200000000299e-01
2.520678399999999875e-01
2.521497600000000006e-01
2.522316800000000137e-01
2.523136000000000267e-01
2.523955199999999843e-01
2.524774399999999974e-01
2.525593600000000105e-01
2.526412800000000236e-01
2.527231999999999812e-01
2.528051199999999943e-01
2.528870400000000074e-01
2.529689600000000205e-01
2.530508799999999781e-01
2.531327999999999911e-01
2.532147200000000042e-01
2.532966400000000173e-01
2.533785600000000304e-01
2.534604799999999880e-01
2.535424000000000011e-01
2.536243200000000142e-01
2.537062400000000273e-01
2.537881599999999849e-01
2.538700799999999980e-01
2.539520000000000111e-01
2.540339200000000242e-01
2.541158399999999817e-01
2.541977599999999948e-01
2.542796800000000079e-01
2.543616000000000210e-01
2.544435199999999786e-01
2.545254399999999917e-01
2.546073600000000048e-01
2.546892800000000179e-01
2.547712000000000310e-01
2.548531199999999886e-01
2.549350400000000016e-01
2.550169600000000147e-01
2.550988800000000278e-01
2.551807999999999854e-01
2.552627199999999985e-01
2.553446400000000116e-01
2.554265600000000247e-01
2.555084799999999823e-01
2.555903999999999954e-01
2.556723200000000085e-01
2.557542400000000216e-01
2.558361599999999791e-01
2.559180799999999922e-01
2.560000000000000053e-01
2.560819200000000184e-01
2.561638400000000315e-01
2.562457599999999891e-01
2.563276800000000022e-01
2.564096000000000153e-01
2.564915200000000284e-01
2.565734399999999860e-01
2.566553599999999991e-01
2.567372800000000121e-01
2.568192000000000252e-01
2.569011199999999828e-01
2.569830399999999959e-01
2.570649600000000090e-01
2.571468800000000221e-01
2.572287999999999797e-01
2.573107199999999928e-01
2.573926400000000059e-01
2.574745600000000190e-01
2.575564800000000321e-01
2.576383999999999896e-01
2.577203200000000027e-01
2.578022400000000158e-01
2.578841600000000289e-01
2.579660799999999865e-01
2.580479999999999996e-01
2.581299200000000127e-01
2.582118400000000258e-01
2.582937599999999834e-01
2.583756799999999965e-01
2.584576000000000096e-01
2.585395200000000226e-01
2.586214399999999802e-01
2.587033599999999933e-01
2.587852800000000064e-01
2.588672000000000195e-01
2.589491200000000326e-01
2.590310399999999902e-01
2.591129600000000033e-01
2.591948800000000164e-01
2.592768000000000295e-01
2.593587199999999870e-01
2.594406400000000001e-01
2.595225600000000132e-01
2.596044800000000263e-01
2.596863999999999839e-01
2.597683199999999970e-01
2.598502400000000101e-01
2.599321600000000232e-01
2.600140799999999808e-01
2.600959999999999939e-01
2.601779200000000070e-01
2.602598400000000201e-01
2.603417600000000331e-01
2.604236799999999907e-01
2.605056000000000038e-01
2.605875200000000169e-01
2.606694400000000300e-01
2.607513599999999876e-01
2.608332800000000007e-01
2.609152000000000138e-01
2.609971200000000269e-01
2.610790399999999845e-01
2.611609599999999975e-01
2.612428800000000106e-01
2.613248000000000237e-01
2.614067199999999813e-01
2.614886399999999944e-01
2.615705600000000075e-01
2.616524800000000206e-01
2.617343999999999782e-01
2.618163199999999913e-01
2.618982400000000044e-01
2.619801600000000175e-01
2.620620800000000306e-01
2.621439999999999881e-01
2.622259200000000012e-01
2.623078400000000143e-01
2.623897600000000274e-01
2.624716799999999850e-01
2.625535999999999981e-01
2.626355200000000112e-01
2.627174400000000243e-01
2.627993599999999819e-01
2.628812799999999950e-01
2.629632000000000080e-01
2.630451200000000211e-01
2.631270399999999787e-01
2.632089599999999918e-01
2.632908800000000049e-01
2.633728000000000180e-01
2.634547200000000311e-01
2.635366399999999887e-01
2.636185600000000018e-01
2.637004800000000149e-01
2.637824000000000280e-01
2.638643199999999855e-01
2.639462399999999986e-01
2.640281600000000117e-01
2.641100800000000248e-01
2.641919999999999824e-01
2.642739199999999955e-01
2.643558400000000086e-01
2.644377600000000217e-01
2.645196799999999793e-01
2.646015999999999924e-01
2.646835200000000055e-01
2.647654400000000185e-01
2.648473600000000316e-01
2.649292799999999892e-01
2.650112000000000023e-01
2.650931200000000154e-01
2.651750400000000285e-01
2.652569599999999861e-01
2.653388799999999992e-01
2.654208000000000123e-01
2.655027200000000254e-01
2.655846399999999830e-01
2.656665599999999960e-01
2.657484800000000091e-01
2.658304000000000222e-01
2.659123199999999798e-01
2.659942399999999929e-01
2.660761600000000060e-01
2.661580800000000191e-01
2.662400000000000322e-01
2.663219199999999898e-01
2.664038400000000029e-01
2.664857600000000160e-01
2.665676800000000291e-01
2.666495999999999866e-01
2.667315199999999997e-01
2.668134400000000128e-01
2.668953600000000259e-01
2.669772799999999835e-01
2.670591999999999966e-01
2.671411200000000097e-01
2.672230400000000228e-01
2.673049599999999804e-01
2.673868799999999935e-01
2.674688000000000065e-01
2.675507200000000196e-01
2.676326400000000327e-01
2.677145599999999903e-01
2.677964800000000034e-01
2.678784000000000165e-01
2.679603200000000296e-01
2.680422399999999872e-01
2.681241600000000003e-01
2.682060800000000134e-01
2.682880000000000265e-01
2.683699199999999840e-01
2.684518399999999971e-01
2.685337600000000102e-01
2.686156800000000233e-01
2.686975999999999809e-01
2.687795199999999940e-01
2.688614400000000071e-01
2.689433600000000202e-01
2.690252800000000333e-01
2.691071999999999909e-01
2.691891200000000040e-01
2.692710400000000170e-01
2.693529600000000301e-01
2.694348799999999877e-01
2.695168000000000008e-01
2.695987200000000139e-01
2.696806400000000270e-01
2.697625599999999846e-01
2.698444799999999977e-01
2.699264000000000108e-01
2.700083200000000239e-01
2.700902399999999814e-01
2.701721599999999945e-01
2.702540800000000076e-01
2.703360000000000207e-01
2.704179199999999783e-01
2.704998399999999914e-01
2.705817600000000045e-01
2.706636800000000176e-01
2.707456000000000307e-01
2.708275199999999883e-01
2.709094400000000014e-01
2.709913600000000145e-01
2.710732800000000275e-01
2.711551999999999851e-01
2.712371199999999982e-01
2.713190400000000113e-01
2.714009600000000244e-01
2.714828799999999820e-01
2.715647999999999951e-01
2.716467200000000082e-01
2.717286400000000213e-01
2.718105599999999789e-01
2.718924799999999919e-01
2.719744000000000050e-01
2.720563200000000181e-01
2.721382400000000312e-01
2.722201599999999888e-01
2.723020800000000019e-01
2.723840000000000150e-01
2.724659200000000281e-01
2.725478399999999857e-01
2.726297599999999988e-01
2.727116800000000119e-01
2.727936000000000250e-01
2.728755199999999825e-01
2.729574399999999956e-01
2.730393600000000087e-01
2.731212800000000218e-01
2.732031999999999794e-01
2.732851199999999925e-01
2.733670400000000056e-01
2.734489600000000187e-01
2.735308800000000318e-01
2.736127999999999894e-01
2.736947200000000024e-01
2.737766400000000155e-01
2.738585600000000286e-01
2.739404799999999862e-01
2.740223999999999993e-01
2.741043200000000124e-01
2.741862400000000255e-01
2.742681599999999831e-01
2.743500799999999962e-01
2.744320000000000093e-01
2.745139200000000224e-01
2.745958399999999799e-01
2.746777599999999930e-01
2.747596800000000061e-01
2.748416000000000192e-01
2.749235200000000323e-01
2.750054399999999899e-01
2.750873600000000030e-01
2.751692800000000161e-01
2.752512000000000292e-01
2.753331199999999868e-01
2.754150399999999999e-01
2.754969600000000129e-01
2.755788800000000260e-01
2.756607999999999836e-01
2.757427199999999967e-01
2.758246400000000098e-01
2.759065600000000229e-01
2.759884799999999805e-01
2.760703999999999936e-01
2.761523200000000067e-01
2.762342400000000198e-01
2.763161600000000329e-01
2.763980799999999904e-01
2.764800000000000035e-01
2.765619200000000166e-01
2.766438400000000297e-01
2.767257599999999873e-01
2.768076800000000004e-01
2.768896000000000135e-01
2.769715200000000266e-01
2.770534399999999842e-01
2.771353599999999973e-01
2.772172800000000104e-01
2.772992000000000234e-01
2.773811199999999810e-01
2.774630399999999941e-01
2.775449600000000072e-01
2.776268800000000203e-01
2.777088000000000334e-01
2.777907199999999910e-01
2.778726400000000041e-01
2.779545600000000172e-01
2.780364800000000303e-01
2.781183999999999878e-01
2.782003200000000009e-01
2.782822400000000140e-01
2.783641600000000271e-01
2.784460799999999847e-01
2.785279999999999978e-01
2.786099200000000109e-01
2.786918400000000240e-01
2.787737599999999816e-01
2.788556799999999947e-01
2.789376000000000078e-01
2.790195200000000209e-01
2.791014399999999784e-01
2.791833599999999915e-01
2.792652800000000046e-01
2.793472000000000177e-01
2.794291200000000308e-01
2.795110399999999884e-01
2.795929600000000015e-01
2.796748800000000146e-01
2.797568000000000277e-01
2.798387199999999853e-01
2.799206399999999983e-01
2.800025600000000114e-01
2.800844800000000245e-01
2.801663999999999821e-01
2.802483199999999952e-01
2.803302400000000083e-01
2.804121600000000214e-01
2.804940799999999790e-01
2.805759999999999921e-01
2.806579200000000052e-01
2.807398400000000183e-01
2.808217600000000314e-01
2.809036799999999889e-01
2.809856000000000020e-01
2.810675200000000151e-01
2.811494400000000282e-01
2.812313599999999858e-01
2.813132799999999989e-01
2.813952000000000120e-01
2.814771200000000251e-01
2.815590399999999827e-01
2.816409599999999958e-01
2.817228800000000088e-01
2.818048000000000219e-01
2.818867199999999795e-01
2.819686399999999926e-01
2.820505600000000057e-01
2.821324800000000188e-01
2.822144000000000319e-01
2.822963199999999895e-01
2.823782400000000026e-01
2.824601600000000157e-01
2.825420800000000288e-01
2.826239999999999863e-01
2.827059199999999994e-01
2.827878400000000125e-01
2.828697600000000256e-01
2.829516799999999832e-01
2.830335999999999963e-01
2.831155200000000094e-01
2.831974400000000225e-01
2.832793599999999801e-01
2.833612799999999932e-01
2.834432000000000063e-01
2.835251200000000193e-01
2.836070400000000324e-01
2.836889599999999900e-01
2.837708800000000031e-01
2.838528000000000162e-01
2.839347200000000293e-01
2.840166399999999869e-01
2.840985600000000000e-01
2.841804800000000131e-01
2.842624000000000262e-01
2.843443199999999838e-01
2.844262399999999968e-01
2.845081600000000099e-01
2.845900800000000230e-01
2.846719999999999806e-01
2.847539199999999937e-01
2.848358400000000068e-01
2.849177600000000199e-01
2.849996800000000330e-01
2.850815999999999906e-01
2.851635200000000037e-01
2.852454400000000168e-01
2.853273600000000298e-01
2.854092799999999874e-01
2.854912000000000005e-01
2.855731200000000136e-01
2.856550400000000267e-01
2.857369599999999843e-01
2.858188799999999974e-01
2.859008000000000105e-01
2.859827200000000236e-01
2.860646399999999812e-01
2.861465599999999943e-01
2.862284800000000073e-01
2.863104000000000204e-01
2.863923200000000335e-01
2.864742399999999911e-01
2.865561600000000042e-01
2.866380800000000173e-01
2.867200000000000304e-01
2.868019199999999880e-01
2.868838400000000011e-01
2.869657600000000142e-01
2.870476800000000273e-01
2.871295999999999848e-01
2.872115199999999979e-01
2.872934400000000110e-01
2.873753600000000241e-01
2.874572799999999817e-01
2.875391999999999948e-01
2.876211200000000079e-01
2.877030400000000210e-01
2.877849599999999786e-01
2.878668799999999917e-01
2.879488000000000048e-01
2.880307200000000178e-01
2.881126400000000309e-01
2.881945599999999885e-01
2.882764800000000016e-01
2.883584000000000147e-01
2.884403200000000278e-01
2.885222399999999854e-01
2.886041599999999985e-01
2.886860800000000116e-01
2.887680000000000247e-01
2.888499199999999822e-01
2.889318399999999953e-01
2.890137600000000084e-01
2.890956800000000215e-01
2.891775999999999791e-01
2.892595199999999922e-01
2.893414400000000053e-01
2.894233600000000184e-01
2.895052800000000315e-01
2.895871999999999891e-01
2.896691200000000022e-01
2.897510400000000153e-01
2.898329600000000283e-01
2.899148799999999859e-01
2.899967999999999990e-01
2.900787200000000121e-01
2.901606400000000252e-01
2.902425599999999828e-01
2.903244799999999959e-01
2.904064000000000090e-01
2.904883200000000221e-01
2.905702399999999797e-01
2.906521599999999927e-01
2.907340800000000058e-01
2.908160000000000189e-01
2.908979200000000320e-01
2.909798399999999896e-01
2.910617600000000027e-01
2.911436800000000158e-01
2.912256000000000289e-01
2.913075199999999865e-01
2.913894399999999996e-01
2.914713600000000127e-01
2.915532800000000258e-01
2.916351999999999833e-01
2.917171199999999964e-01
2.917990400000000095e-01
2.918809600000000226e-01
2.919628799999999802e-01
2.920447999999999933e-01
2.921267200000000064e-01
2.922086400000000195e-01
2.922905600000000326e-01
2.923724799999999902e-01
2.924544000000000032e-01
2.925363200000000163e-01
2.926182400000000294e-01
2.927001599999999870e-01
2.927820800000000001e-01
2.928640000000000132e-01
2.929459200000000263e-01
2.930278399999999839e-01
2.931097599999999970e-01
2.931916800000000101e-01
2.932736000000000232e-01
2.933555199999999807e-01
2.934374399999999938e-01
2.935193600000000069e-01
2.936012800000000200e-01
2.936832000000000331e-01
2.937651199999999907e-01
2.938470400000000038e-01
2.939289600000000169e-01
2.940108800000000300e-01
2.940927999999999876e-01
2.941747200000000007e-01
2.942566400000000137e-01
2.943385600000000268e-01
2.944204799999999844e-01
2.945023999999999975e-01
2.945843200000000106e-01
2.946662400000000237e-01
2.947481599999999813e-01
2.948300799999999944e-01
2.949120000000000075e-01
2.949939200000000206e-01
2.950758400000000337e-01
2.951577599999999912e-01
2.952396800000000043e-01
2.953216000000000174e-01
2.954035200000000305e-01
2.954854399999999881e-01
2.955673600000000012e-01
2.956492800000000143e-01
2.957312000000000274e-01
2.958131199999999850e-01
2.958950399999999981e-01
2.959769600000000112e-01
2.960588800000000242e-01
2.961407999999999818e-01
2.962227199999999949e-01
2.963046400000000080e-01
2.963865600000000211e-01
2.964684799999999787e-01
2.965503999999999918e-01
2.966323200000000049e-01
2.967142400000000180e-01
2.967961600000000311e-01
2.968780799999999886e-01
2.969600000000000017e-01
2.970419200000000148e-01
2.971238400000000279e-01
2.972057599999999855e-01
2.972876799999999986e-01
2.973696000000000117e-01
2.974515200000000248e-01
2.975334399999999824e-01
2.976153599999999955e-01
2.976972800000000086e-01
2.977792000000000217e-01
2.978611199999999792e-01
2.979430399999999923e-01
2.980249600000000054e-01
2.981068800000000185e-01
2.981888000000000316e-01
2.982707199999999892e-01
2.983526400000000023e-01
2.984345600000000154e-01
2.985164800000000285e-01
2.985983999999999861e-01
2.986803199999999991e-01
2.987622400000000122e-01
2.988441600000000253e-01
2.989260799999999829e-01
2.990079999999999960e-01
2.990899200000000091e-01
2.991718400000000222e-01
2.992537599999999798e-01
2.993356799999999929e-01
2.994176000000000060e-01
2.994995200000000191e-01
2.995814400000000322e-01
2.996633599999999897e-01
2.997452800000000028e-01
2.998272000000000159e-01
2.999091200000000290e-01
2.999910399999999866e-01
3.000729599999999997e-01
3.001548800000000128e-01
3.002368000000000259e-01
3.003187199999999835e-01
3.004006399999999966e-01
3.004825600000000096e-01
3.005644800000000227e-01
3.006463999999999803e-01
3.007283199999999934e-01
3.008102400000000065e-01
3.008921600000000196e-01
3.009740800000000327e-01
3.010559999999999903e-01
3.011379200000000034e-01
3.012198400000000165e-01
3.013017600000000296e-01
3.013836799999999871e-01
3.014656000000000002e-01
3.015475200000000133e-01
3.016294400000000264e-01
3.017113599999999840e-01
3.017932799999999971e-01
3.018752000000000102e-01
3.019571200000000233e-01
3.020390399999999809e-01
3.021209599999999940e-01
3.022028800000000071e-01
3.022848000000000201e-01
3.023667200000000332e-01
3.024486399999999908e-01
3.025305600000000039e-01
3.026124800000000170e-01
3.026944000000000301e-01
3.027763199999999877e-01
3.028582400000000008e-01
3.029401600000000139e-01
3.030220800000000270e-01
3.031039999999999845e-01
3.031859199999999976e-01
3.032678400000000107e-01
3.033497600000000238e-01
3.034316799999999814e-01
3.035135999999999945e-01
3.035955200000000076e-01
3.036774400000000207e-01
3.037593600000000338e-01
3.038412799999999914e-01
3.039232000000000045e-01
3.040051200000000176e-01
3.040870400000000306e-01
3.041689599999999882e-01
3.042508800000000013e-01
3.043328000000000144e-01
3.044147200000000275e-01
3.044966399999999851e-01
3.045785599999999982e-01
3.046604800000000113e-01
3.047424000000000244e-01
3.048243199999999820e-01
3.049062399999999950e-01
3.049881600000000081e-01
3.050700800000000212e-01
3.051519999999999788e-01
3.052339199999999919e-01
3.053158400000000050e-01
3.053977600000000181e-01
3.054796800000000312e-01
3.055615999999999888e-01
3.056435200000000019e-01
3.057254400000000150e-01
3.058073600000000281e-01
3.058892799999999856e-01
3.059711999999999987e-01
3.060531200000000118e-01
3.061350400000000249e-01
3.062169599999999825e-01
3.062988799999999956e-01
3.063808000000000087e-01
3.064627200000000218e-01
3.065446399999999794e-01
3.066265599999999925e-01
3.067084800000000055e-01
3.067904000000000186e-01
3.068723200000000317e-01
3.069542399999999893e-01
3.070361600000000024e-01
3.071180800000000155e-01
3.072000000000000286e-01
3.072819199999999862e-01
3.073638399999999993e-01
3.074457600000000124e-01
3.075276800000000255e-01
3.076095999999999830e-01
3.076915199999999961e-01
3.077734400000000092e-01
3.078553600000000223e-01
3.079372799999999799e-01
3.080191999999999930e-01
3.081011200000000061e-01
3.081830400000000192e-01
3.082649600000000323e-01
3.083468799999999899e-01
3.084288000000000030e-01
3.085107200000000161e-01
3.085926400000000291e-01
3.086745599999999867e-01
3.087564799999999998e-01
3.088384000000000129e-01
3.089203200000000260e-01
3.090022399999999836e-01
3.090841599999999967e-01
3.091660800000000098e-01
3.092480000000000229e-01
3.093299199999999805e-01
3.094118399999999935e-01
3.094937600000000066e-01
3.095756800000000197e-01
3.096576000000000328e-01
3.097395199999999904e-01
3.098214400000000035e-01
3.099033600000000166e-01
3.099852800000000297e-01
3.100671999999999873e-01
3.101491200000000004e-01
3.102310400000000135e-01
3.103129600000000266e-01
3.103948799999999841e-01
3.104767999999999972e-01
3.105587200000000103e-01
3.106406400000000234e-01
3.107225599999999810e-01
3.108044799999999941e-01
3.108864000000000072e-01
3.109683200000000203e-01
3.110502400000000334e-01
3.111321599999999910e-01
3.112140800000000040e-01
3.112960000000000171e-01
3.113779200000000302e-01
3.114598399999999878e-01
3.115417600000000009e-01
3.116236800000000140e-01
3.117056000000000271e-01
3.117875199999999847e-01
3.118694399999999978e-01
3.119513600000000109e-01
3.120332800000000240e-01
3.121151999999999815e-01
3.121971199999999946e-01
3.122790400000000077e-01
3.123609600000000208e-01
3.124428800000000339e-01
3.125247999999999915e-01
3.126067200000000046e-01
3.126886400000000177e-01
3.127705600000000308e-01
3.128524799999999884e-01
3.129344000000000015e-01
3.130163200000000145e-01
3.130982400000000276e-01
3.131801599999999852e-01
3.132620799999999983e-01
3.133440000000000114e-01
3.134259200000000245e-01
3.135078399999999821e-01
3.135897599999999952e-01
3.136716800000000083e-01
3.137536000000000214e-01
3.138355199999999789e-01
3.139174399999999920e-01
3.139993600000000051e-01
3.140812800000000182e-01
3.141632000000000313e-01
3.142451199999999889e-01
3.143270400000000020e-01
3.144089600000000151e-01
3.144908800000000282e-01
3.145727999999999858e-01
3.146547199999999989e-01
3.147366400000000120e-01
3.148185600000000250e-01
3.149004799999999826e-01
3.149823999999999957e-01
3.150643200000000088e-01
3.151462400000000219e-01
3.152281599999999795e-01
3.153100799999999926e-01
3.153920000000000057e-01
3.154739200000000188e-01
3.155558400000000319e-01
3.156377599999999894e-01
3.157196800000000025e-01
3.158016000000000156e-01
3.158835200000000287e-01
3.159654399999999863e-01
3.160473599999999994e-01
3.161292800000000125e-01
3.162112000000000256e-01
3.162931199999999832e-01
3.163750399999999963e-01
3.164569600000000094e-01
3.165388800000000225e-01
3.166207999999999800e-01
3.167027199999999931e-01
3.167846400000000062e-01
3.168665600000000193e-01
3.169484800000000324e-01
3.170303999999999900e-01
3.171123200000000031e-01
3.171942400000000162e-01
3.172761600000000293e-01
3.173580799999999869e-01
3.174399999999999999e-01
3.175219200000000130e-01
3.176038400000000261e-01
3.176857599999999837e-01
3.177676799999999968e-01
3.178496000000000099e-01
3.179315200000000230e-01
3.180134399999999806e-01
3.180953599999999937e-01
3.181772800000000068e-01
3.182592000000000199e-01
3.183411200000000330e-01
3.184230399999999905e-01
3.185049600000000036e-01
3.185868800000000167e-01
3.186688000000000298e-01
3.187507199999999874e-01
3.188326400000000005e-01
3.189145600000000136e-01
3.189964800000000267e-01
3.190783999999999843e-01
3.191603199999999974e-01
3.192422400000000104e-01
3.193241600000000235e-01
3.194060799999999811e-01
3.194879999999999942e-01
3.195699200000000073e-01
3.196518400000000204e-01
3.197337600000000335e-01
3.198156799999999911e-01
3.198976000000000042e-01
3.199795200000000173e-01
3.200614400000000304e-01
3.201433599999999879e-01
3.202252800000000010e-01
3.203072000000000141e-01
3.203891200000000272e-01
3.204710399999999848e-01
3.205529599999999979e-01
3.206348800000000110e-01
3.207168000000000241e-01
3.207987199999999817e-01
3.208806399999999948e-01
3.209625600000000079e-01
3.210444800000000209e-01
3.211264000000000340e-01
3.212083199999999916e-01
3.212902400000000047e-01
3.213721600000000178e-01
3.214540800000000309e-01
3.215359999999999885e-01
3.216179200000000016e-01
3.216998400000000147e-01
3.217817600000000278e-01
3.218636799999999853e-01
3.219455999999999984e-01
3.220275200000000115e-01
3.221094400000000246e-01
3.221913599999999822e-01
3.222732799999999953e-01
3.223552000000000084e-01
3.224371200000000215e-01
3.225190399999999791e-01
3.226009599999999922e-01
3.226828800000000053e-01
3.227648000000000184e-01
3.228467200000000314e-01
3.229286399999999890e-01
3.230105600000000021e-01
3.230924800000000152e-01
3.231744000000000283e-01
3.232563199999999859e-01
3.233382399999999990e-01
3.234201600000000121e-01
3.235020800000000252e-01
3.235839999999999828e-01
3.236659199999999958e-01
3.237478400000000089e-01
3.238297600000000220e-01
3.239116799999999796e-01
3.239935999999999927e-01
3.240755200000000058e-01
3.241574400000000189e-01
3.242393600000000320e-01
3.243212799999999896e-01
3.244032000000000027e-01
3.244851200000000158e-01
3.245670400000000289e-01
3.246489599999999864e-01
3.247308799999999995e-01
3.248128000000000126e-01
3.248947200000000257e-01
3.249766399999999833e-01
