0.000000000000000000e+00
8.000000000000000167e-08
1.600000000000000033e-07
2.400000000000000315e-07
3.200000000000000067e-07
3.999999999999999819e-07
4.800000000000000630e-07
5.600000000000000382e-07
6.400000000000000134e-07
7.199999999999999886e-07
7.999999999999999638e-07
8.800000000000000449e-07
9.600000000000001260e-07
1.039999999999999995e-06
1.120000000000000076e-06
1.199999999999999946e-06
1.280000000000000027e-06
1.360000000000000108e-06
1.439999999999999977e-06
1.520000000000000058e-06
1.599999999999999928e-06
1.680000000000000009e-06
1.760000000000000090e-06
1.839999999999999959e-06
1.920000000000000252e-06
1.999999999999999909e-06
2.079999999999999991e-06
2.160000000000000072e-06
2.240000000000000153e-06
2.320000000000000234e-06
2.399999999999999891e-06
2.479999999999999972e-06
2.560000000000000054e-06
2.640000000000000135e-06
2.720000000000000216e-06
2.799999999999999873e-06
2.879999999999999954e-06
2.960000000000000035e-06
3.040000000000000117e-06
3.120000000000000198e-06
3.199999999999999855e-06
3.279999999999999936e-06
3.360000000000000017e-06
3.440000000000000098e-06
3.520000000000000180e-06
3.600000000000000261e-06
3.679999999999999918e-06
3.759999999999999999e-06
3.840000000000000504e-06
3.919999999999999738e-06
3.999999999999999819e-06
4.079999999999999900e-06
4.159999999999999981e-06
4.240000000000000062e-06
4.320000000000000143e-06
4.400000000000000224e-06
4.480000000000000305e-06
4.560000000000000387e-06
4.640000000000000468e-06
4.719999999999999702e-06
4.799999999999999783e-06
4.879999999999999864e-06
4.959999999999999945e-06
5.040000000000000026e-06
5.120000000000000107e-06
5.200000000000000188e-06
5.280000000000000269e-06
5.360000000000000350e-06
5.440000000000000431e-06
5.520000000000000513e-06
5.599999999999999747e-06
5.679999999999999828e-06
5.759999999999999909e-06
5.839999999999999990e-06
5.920000000000000071e-06
6.000000000000000152e-06
6.080000000000000233e-06
6.160000000000000314e-06
6.240000000000000395e-06
6.320000000000000476e-06
6.399999999999999710e-06
6.479999999999999791e-06
6.559999999999999873e-06
6.639999999999999954e-06
6.720000000000000035e-06
6.800000000000000116e-06
6.880000000000000197e-06
6.960000000000000278e-06
7.040000000000000359e-06
7.120000000000000440e-06
7.200000000000000521e-06
7.279999999999999755e-06
7.359999999999999836e-06
7.439999999999999917e-06
7.519999999999999999e-06
7.600000000000000080e-06
7.680000000000001008e-06
7.760000000000000242e-06
7.839999999999999476e-06
7.920000000000000404e-06
7.999999999999999638e-06
8.080000000000000566e-06
8.159999999999999800e-06
8.240000000000000728e-06
8.319999999999999962e-06
8.400000000000000890e-06
8.480000000000000124e-06
8.559999999999999359e-06
8.640000000000000287e-06
8.719999999999999521e-06
8.800000000000000449e-06
8.879999999999999683e-06
8.960000000000000611e-06
9.039999999999999845e-06
9.120000000000000773e-06
9.200000000000000007e-06
9.280000000000000935e-06
9.360000000000000169e-06
9.439999999999999403e-06
9.520000000000000332e-06
9.599999999999999566e-06
9.680000000000000494e-06
9.759999999999999728e-06
9.840000000000000656e-06
9.919999999999999890e-06
1.000000000000000082e-05
1.008000000000000005e-05
1.016000000000000098e-05
1.024000000000000021e-05
1.031999999999999945e-05
1.040000000000000038e-05
1.047999999999999961e-05
1.056000000000000054e-05
1.063999999999999977e-05
1.072000000000000070e-05
1.079999999999999993e-05
1.088000000000000086e-05
1.096000000000000010e-05
1.104000000000000103e-05
1.112000000000000026e-05
1.119999999999999949e-05
1.128000000000000042e-05
1.135999999999999966e-05
1.144000000000000058e-05
1.151999999999999982e-05
1.160000000000000075e-05
1.167999999999999998e-05
1.176000000000000091e-05
1.184000000000000014e-05
1.192000000000000107e-05
1.200000000000000030e-05
1.207999999999999954e-05
1.216000000000000047e-05
1.223999999999999970e-05
1.232000000000000063e-05
1.239999999999999986e-05
1.248000000000000079e-05
1.256000000000000002e-05
1.264000000000000095e-05
1.272000000000000019e-05
1.279999999999999942e-05
1.288000000000000035e-05
1.295999999999999958e-05
1.304000000000000051e-05
1.311999999999999975e-05
1.320000000000000067e-05
1.327999999999999991e-05
1.336000000000000084e-05
1.344000000000000007e-05
1.352000000000000100e-05
1.360000000000000023e-05
1.367999999999999947e-05
1.376000000000000039e-05
1.383999999999999963e-05
1.392000000000000056e-05
1.399999999999999979e-05
1.408000000000000072e-05
1.415999999999999995e-05
1.424000000000000088e-05
1.432000000000000011e-05
1.440000000000000104e-05
1.448000000000000028e-05
1.455999999999999951e-05
1.464000000000000044e-05
1.471999999999999967e-05
1.480000000000000060e-05
1.487999999999999983e-05
1.496000000000000076e-05
1.504000000000000000e-05
1.512000000000000093e-05
1.520000000000000016e-05
1.527999999999999939e-05
1.536000000000000202e-05
1.544000000000000125e-05
1.552000000000000048e-05
1.559999999999999972e-05
1.567999999999999895e-05
1.576000000000000157e-05
1.584000000000000081e-05
1.592000000000000004e-05
1.599999999999999928e-05
1.608000000000000190e-05
1.616000000000000113e-05
1.624000000000000037e-05
1.631999999999999960e-05
1.639999999999999883e-05
1.648000000000000146e-05
1.656000000000000069e-05
1.663999999999999992e-05
1.671999999999999916e-05
1.680000000000000178e-05
1.688000000000000101e-05
1.696000000000000025e-05
1.703999999999999948e-05
1.711999999999999872e-05
1.720000000000000134e-05
1.728000000000000057e-05
1.735999999999999981e-05
1.743999999999999904e-05
1.752000000000000166e-05
1.760000000000000090e-05
1.768000000000000013e-05
1.775999999999999937e-05
1.784000000000000199e-05
1.792000000000000122e-05
1.800000000000000046e-05
1.807999999999999969e-05
1.815999999999999892e-05
1.824000000000000155e-05
1.832000000000000078e-05
1.840000000000000001e-05
1.847999999999999925e-05
1.856000000000000187e-05
1.864000000000000110e-05
1.872000000000000034e-05
1.879999999999999957e-05
1.887999999999999881e-05
1.896000000000000143e-05
1.904000000000000066e-05
1.911999999999999990e-05
1.919999999999999913e-05
1.928000000000000175e-05
1.936000000000000099e-05
1.944000000000000022e-05
1.951999999999999946e-05
1.960000000000000208e-05
1.968000000000000131e-05
1.976000000000000055e-05
1.983999999999999978e-05
1.991999999999999901e-05
2.000000000000000164e-05
2.008000000000000087e-05
2.016000000000000010e-05
2.023999999999999934e-05
2.032000000000000196e-05
2.040000000000000119e-05
2.048000000000000043e-05
2.055999999999999966e-05
2.063999999999999890e-05
2.072000000000000152e-05
2.080000000000000075e-05
2.087999999999999999e-05
2.095999999999999922e-05
2.104000000000000184e-05
2.112000000000000108e-05
2.120000000000000031e-05
2.127999999999999955e-05
2.135999999999999878e-05
2.144000000000000140e-05
2.152000000000000064e-05
2.159999999999999987e-05
2.167999999999999910e-05
2.176000000000000173e-05
2.184000000000000096e-05
2.192000000000000019e-05
2.199999999999999943e-05
2.208000000000000205e-05
2.216000000000000128e-05
2.224000000000000052e-05
2.231999999999999975e-05
2.239999999999999899e-05
2.248000000000000161e-05
2.256000000000000084e-05
2.264000000000000008e-05
2.271999999999999931e-05
2.280000000000000193e-05
2.288000000000000117e-05
2.296000000000000040e-05
2.303999999999999964e-05
2.311999999999999887e-05
2.320000000000000149e-05
2.328000000000000073e-05
2.335999999999999996e-05
2.343999999999999919e-05
2.352000000000000182e-05
2.360000000000000105e-05
2.368000000000000028e-05
2.375999999999999952e-05
2.384000000000000214e-05
2.392000000000000137e-05
2.400000000000000061e-05
2.407999999999999984e-05
2.415999999999999908e-05
2.424000000000000170e-05
2.432000000000000093e-05
2.440000000000000017e-05
2.447999999999999940e-05
2.456000000000000202e-05
2.464000000000000126e-05
2.472000000000000049e-05
2.479999999999999972e-05
2.487999999999999896e-05
2.496000000000000158e-05
2.504000000000000082e-05
2.512000000000000005e-05
2.519999999999999928e-05
2.528000000000000191e-05
2.536000000000000114e-05
2.544000000000000037e-05
2.551999999999999961e-05
2.559999999999999884e-05
2.568000000000000146e-05
2.576000000000000070e-05
2.583999999999999993e-05
2.591999999999999917e-05
2.600000000000000179e-05
2.608000000000000102e-05
2.616000000000000026e-05
2.623999999999999949e-05
2.632000000000000211e-05
2.640000000000000135e-05
2.648000000000000058e-05
2.655999999999999981e-05
2.663999999999999905e-05
2.672000000000000167e-05
2.680000000000000090e-05
2.688000000000000014e-05
2.695999999999999937e-05
2.704000000000000200e-05
2.712000000000000123e-05
2.720000000000000046e-05
2.727999999999999970e-05
2.735999999999999893e-05
2.744000000000000155e-05
2.752000000000000079e-05
2.760000000000000002e-05
2.767999999999999926e-05
2.776000000000000188e-05
2.784000000000000111e-05
2.792000000000000035e-05
2.799999999999999958e-05
2.808000000000000220e-05
2.816000000000000144e-05
2.824000000000000067e-05
2.831999999999999990e-05
2.839999999999999914e-05
2.848000000000000176e-05
2.856000000000000099e-05
2.864000000000000023e-05
2.871999999999999946e-05
2.880000000000000208e-05
2.888000000000000132e-05
2.896000000000000055e-05
2.903999999999999979e-05
2.911999999999999902e-05
2.920000000000000164e-05
2.928000000000000088e-05
2.936000000000000011e-05
2.943999999999999935e-05
2.952000000000000197e-05
2.960000000000000120e-05
2.968000000000000044e-05
2.975999999999999967e-05
2.984000000000000229e-05
2.992000000000000153e-05
3.000000000000000076e-05
3.007999999999999999e-05
3.015999999999999923e-05
3.024000000000000185e-05
3.032000000000000108e-05
3.040000000000000032e-05
3.047999999999999955e-05
3.055999999999999879e-05
3.063999999999999802e-05
3.072000000000000403e-05
3.080000000000000326e-05
3.088000000000000250e-05
3.096000000000000173e-05
3.104000000000000097e-05
3.112000000000000020e-05
3.119999999999999944e-05
3.127999999999999867e-05
3.135999999999999790e-05
3.144000000000000391e-05
3.152000000000000315e-05
3.160000000000000238e-05
3.168000000000000162e-05
3.176000000000000085e-05
3.184000000000000008e-05
3.191999999999999932e-05
3.199999999999999855e-05
3.207999999999999779e-05
3.216000000000000380e-05
3.224000000000000303e-05
3.232000000000000226e-05
3.240000000000000150e-05
3.248000000000000073e-05
3.255999999999999997e-05
3.263999999999999920e-05
3.271999999999999843e-05
3.279999999999999767e-05
3.288000000000000368e-05
3.296000000000000291e-05
3.304000000000000215e-05
3.312000000000000138e-05
3.320000000000000062e-05
3.327999999999999985e-05
3.335999999999999908e-05
3.343999999999999832e-05
3.351999999999999755e-05
3.360000000000000356e-05
3.368000000000000280e-05
3.376000000000000203e-05
3.384000000000000126e-05
3.392000000000000050e-05
3.399999999999999973e-05
3.407999999999999897e-05
3.415999999999999820e-05
3.423999999999999743e-05
3.432000000000000344e-05
3.440000000000000268e-05
3.448000000000000191e-05
3.456000000000000115e-05
3.464000000000000038e-05
3.471999999999999961e-05
3.479999999999999885e-05
3.487999999999999808e-05
3.496000000000000409e-05
3.504000000000000333e-05
3.512000000000000256e-05
3.520000000000000180e-05
3.528000000000000103e-05
3.536000000000000026e-05
3.543999999999999950e-05
3.551999999999999873e-05
3.559999999999999797e-05
3.568000000000000398e-05
3.576000000000000321e-05
3.584000000000000244e-05
3.592000000000000168e-05
3.600000000000000091e-05
3.608000000000000015e-05
3.615999999999999938e-05
3.623999999999999861e-05
3.631999999999999785e-05
3.640000000000000386e-05
3.648000000000000309e-05
3.656000000000000233e-05
3.664000000000000156e-05
3.672000000000000079e-05
3.680000000000000003e-05
3.687999999999999926e-05
3.695999999999999850e-05
3.703999999999999773e-05
3.712000000000000374e-05
3.720000000000000298e-05
3.728000000000000221e-05
3.736000000000000144e-05
3.744000000000000068e-05
3.751999999999999991e-05
3.759999999999999915e-05
3.767999999999999838e-05
3.775999999999999761e-05
3.784000000000000362e-05
3.792000000000000286e-05
3.800000000000000209e-05
3.808000000000000133e-05
3.816000000000000056e-05
3.823999999999999979e-05
3.831999999999999903e-05
3.839999999999999826e-05
3.847999999999999750e-05
3.856000000000000351e-05
3.864000000000000274e-05
3.872000000000000197e-05
3.880000000000000121e-05
3.888000000000000044e-05
3.895999999999999968e-05
3.903999999999999891e-05
3.911999999999999815e-05
3.920000000000000416e-05
3.928000000000000339e-05
3.936000000000000262e-05
3.944000000000000186e-05
3.952000000000000109e-05
3.960000000000000033e-05
3.967999999999999956e-05
3.975999999999999879e-05
3.983999999999999803e-05
3.992000000000000404e-05
4.000000000000000327e-05
4.008000000000000251e-05
4.016000000000000174e-05
4.024000000000000097e-05
4.032000000000000021e-05
4.039999999999999944e-05
4.047999999999999868e-05
4.055999999999999791e-05
4.064000000000000392e-05
4.072000000000000315e-05
4.080000000000000239e-05
4.088000000000000162e-05
4.096000000000000086e-05
4.104000000000000009e-05
4.111999999999999933e-05
4.119999999999999856e-05
4.127999999999999779e-05
4.136000000000000380e-05
4.144000000000000304e-05
4.152000000000000227e-05
4.160000000000000151e-05
4.168000000000000074e-05
4.175999999999999997e-05
4.183999999999999921e-05
4.191999999999999844e-05
4.199999999999999768e-05
4.208000000000000369e-05
4.216000000000000292e-05
4.224000000000000215e-05
4.232000000000000139e-05
4.240000000000000062e-05
4.247999999999999986e-05
4.255999999999999909e-05
4.263999999999999832e-05
4.271999999999999756e-05
4.280000000000000357e-05
4.288000000000000280e-05
4.296000000000000204e-05
4.304000000000000127e-05
4.312000000000000051e-05
4.319999999999999974e-05
4.327999999999999897e-05
4.335999999999999821e-05
4.344000000000000422e-05
4.352000000000000345e-05
4.360000000000000269e-05
4.368000000000000192e-05
4.376000000000000115e-05
4.384000000000000039e-05
4.391999999999999962e-05
4.399999999999999886e-05
4.407999999999999809e-05
4.416000000000000410e-05
4.424000000000000333e-05
4.432000000000000257e-05
4.440000000000000180e-05
4.448000000000000104e-05
4.456000000000000027e-05
4.463999999999999950e-05
4.471999999999999874e-05
4.479999999999999797e-05
4.488000000000000398e-05
4.496000000000000322e-05
4.504000000000000245e-05
4.512000000000000169e-05
4.520000000000000092e-05
4.528000000000000015e-05
4.535999999999999939e-05
4.543999999999999862e-05
4.551999999999999786e-05
4.560000000000000387e-05
4.568000000000000310e-05
4.576000000000000233e-05
4.584000000000000157e-05
4.592000000000000080e-05
4.600000000000000004e-05
4.607999999999999927e-05
4.615999999999999850e-05
4.623999999999999774e-05
4.632000000000000375e-05
4.640000000000000298e-05
4.648000000000000222e-05
4.656000000000000145e-05
4.664000000000000068e-05
4.671999999999999992e-05
4.679999999999999915e-05
4.687999999999999839e-05
4.695999999999999762e-05
4.704000000000000363e-05
4.712000000000000287e-05
4.720000000000000210e-05
4.728000000000000133e-05
4.736000000000000057e-05
4.743999999999999980e-05
4.751999999999999904e-05
4.759999999999999827e-05
4.768000000000000428e-05
4.776000000000000351e-05
4.784000000000000275e-05
4.792000000000000198e-05
4.800000000000000122e-05
4.808000000000000045e-05
4.815999999999999968e-05
4.823999999999999892e-05
4.831999999999999815e-05
4.840000000000000416e-05
4.848000000000000340e-05
4.856000000000000263e-05
4.864000000000000186e-05
4.872000000000000110e-05
4.880000000000000033e-05
4.887999999999999957e-05
4.895999999999999880e-05
4.903999999999999803e-05
4.912000000000000405e-05
4.920000000000000328e-05
4.928000000000000251e-05
4.936000000000000175e-05
4.944000000000000098e-05
4.952000000000000022e-05
4.959999999999999945e-05
4.967999999999999868e-05
4.975999999999999792e-05
4.984000000000000393e-05
4.992000000000000316e-05
5.000000000000000240e-05
5.008000000000000163e-05
5.016000000000000086e-05
5.024000000000000010e-05
5.031999999999999933e-05
5.039999999999999857e-05
5.047999999999999780e-05
5.056000000000000381e-05
5.064000000000000304e-05
5.072000000000000228e-05
5.080000000000000151e-05
5.088000000000000075e-05
5.095999999999999998e-05
5.103999999999999922e-05
5.111999999999999845e-05
5.119999999999999768e-05
5.128000000000000369e-05
5.136000000000000293e-05
5.144000000000000216e-05
5.152000000000000140e-05
5.160000000000000063e-05
5.167999999999999986e-05
5.175999999999999910e-05
5.183999999999999833e-05
5.192000000000000434e-05
5.200000000000000358e-05
5.208000000000000281e-05
5.216000000000000204e-05
5.224000000000000128e-05
5.232000000000000051e-05
5.239999999999999975e-05
5.247999999999999898e-05
5.255999999999999821e-05
5.264000000000000422e-05
5.272000000000000346e-05
5.280000000000000269e-05
5.288000000000000193e-05
5.296000000000000116e-05
5.304000000000000040e-05
5.311999999999999963e-05
5.319999999999999886e-05
5.327999999999999810e-05
5.336000000000000411e-05
5.344000000000000334e-05
5.352000000000000258e-05
5.360000000000000181e-05
5.368000000000000104e-05
5.376000000000000028e-05
5.383999999999999951e-05
5.391999999999999875e-05
5.399999999999999798e-05
5.408000000000000399e-05
5.416000000000000322e-05
5.424000000000000246e-05
5.432000000000000169e-05
5.440000000000000093e-05
5.448000000000000016e-05
5.455999999999999939e-05
5.463999999999999863e-05
5.471999999999999786e-05
5.480000000000000387e-05
5.488000000000000311e-05
5.496000000000000234e-05
5.504000000000000158e-05
5.512000000000000081e-05
5.520000000000000004e-05
5.527999999999999928e-05
5.535999999999999851e-05
5.544000000000000452e-05
5.552000000000000376e-05
5.560000000000000299e-05
5.568000000000000222e-05
5.576000000000000146e-05
5.584000000000000069e-05
5.591999999999999993e-05
5.599999999999999916e-05
5.607999999999999839e-05
5.616000000000000440e-05
5.624000000000000364e-05
5.632000000000000287e-05
5.640000000000000211e-05
5.648000000000000134e-05
5.656000000000000057e-05
5.663999999999999981e-05
5.671999999999999904e-05
5.679999999999999828e-05
5.688000000000000429e-05
5.696000000000000352e-05
5.704000000000000276e-05
5.712000000000000199e-05
5.720000000000000122e-05
5.728000000000000046e-05
5.735999999999999969e-05
5.743999999999999893e-05
5.751999999999999816e-05
5.760000000000000417e-05
5.768000000000000340e-05
5.776000000000000264e-05
5.784000000000000187e-05
5.792000000000000111e-05
5.800000000000000034e-05
5.807999999999999957e-05
5.815999999999999881e-05
5.823999999999999804e-05
5.832000000000000405e-05
5.840000000000000329e-05
5.848000000000000252e-05
5.856000000000000175e-05
5.864000000000000099e-05
5.872000000000000022e-05
5.879999999999999946e-05
5.887999999999999869e-05
5.895999999999999792e-05
5.904000000000000394e-05
5.912000000000000317e-05
5.920000000000000240e-05
5.928000000000000164e-05
5.936000000000000087e-05
5.944000000000000011e-05
5.951999999999999934e-05
5.959999999999999857e-05
5.968000000000000458e-05
5.976000000000000382e-05
5.984000000000000305e-05
5.992000000000000229e-05
6.000000000000000152e-05
6.008000000000000075e-05
6.015999999999999999e-05
6.023999999999999922e-05
6.031999999999999846e-05
6.040000000000000447e-05
6.048000000000000370e-05
6.056000000000000293e-05
6.064000000000000217e-05
6.072000000000000140e-05
6.080000000000000064e-05
6.087999999999999987e-05
6.095999999999999910e-05
6.103999999999999834e-05
6.111999999999999757e-05
6.119999999999999681e-05
6.127999999999999604e-05
6.135999999999999528e-05
6.144000000000000806e-05
6.152000000000000730e-05
6.160000000000000653e-05
6.168000000000000576e-05
6.176000000000000500e-05
6.184000000000000423e-05
6.192000000000000347e-05
6.200000000000000270e-05
6.208000000000000193e-05
6.216000000000000117e-05
6.224000000000000040e-05
6.231999999999999964e-05
6.239999999999999887e-05
6.247999999999999810e-05
6.255999999999999734e-05
6.263999999999999657e-05
6.271999999999999581e-05
6.279999999999999504e-05
6.288000000000000783e-05
6.296000000000000706e-05
6.304000000000000630e-05
6.312000000000000553e-05
6.320000000000000476e-05
6.328000000000000400e-05
6.336000000000000323e-05
6.344000000000000247e-05
6.352000000000000170e-05
6.360000000000000093e-05
6.368000000000000017e-05
6.375999999999999940e-05
6.383999999999999864e-05
6.391999999999999787e-05
6.399999999999999710e-05
6.407999999999999634e-05
6.415999999999999557e-05
6.423999999999999481e-05
6.432000000000000759e-05
6.440000000000000683e-05
6.448000000000000606e-05
6.456000000000000529e-05
6.464000000000000453e-05
6.472000000000000376e-05
6.480000000000000300e-05
6.488000000000000223e-05
6.496000000000000147e-05
6.504000000000000070e-05
6.511999999999999993e-05
6.519999999999999917e-05
6.527999999999999840e-05
6.535999999999999764e-05
6.543999999999999687e-05
6.551999999999999610e-05
6.559999999999999534e-05
6.568000000000000812e-05
6.576000000000000736e-05
6.584000000000000659e-05
6.592000000000000583e-05
6.600000000000000506e-05
6.608000000000000429e-05
6.616000000000000353e-05
6.624000000000000276e-05
6.632000000000000200e-05
6.640000000000000123e-05
6.648000000000000046e-05
6.655999999999999970e-05
6.663999999999999893e-05
6.671999999999999817e-05
6.679999999999999740e-05
6.687999999999999663e-05
6.695999999999999587e-05
6.703999999999999510e-05
6.712000000000000789e-05
6.720000000000000712e-05
6.728000000000000636e-05
6.736000000000000559e-05
6.744000000000000483e-05
6.752000000000000406e-05
6.760000000000000329e-05
6.768000000000000253e-05
6.776000000000000176e-05
6.784000000000000100e-05
6.792000000000000023e-05
6.799999999999999946e-05
6.807999999999999870e-05
6.815999999999999793e-05
6.823999999999999717e-05
6.831999999999999640e-05
6.839999999999999563e-05
6.847999999999999487e-05
6.856000000000000765e-05
6.864000000000000689e-05
6.872000000000000612e-05
6.880000000000000536e-05
6.888000000000000459e-05
6.896000000000000383e-05
6.904000000000000306e-05
6.912000000000000229e-05
6.920000000000000153e-05
6.928000000000000076e-05
6.936000000000000000e-05
6.943999999999999923e-05
6.951999999999999846e-05
6.959999999999999770e-05
6.967999999999999693e-05
6.975999999999999617e-05
6.983999999999999540e-05
6.992000000000000819e-05
7.000000000000000742e-05
7.008000000000000665e-05
7.016000000000000589e-05
7.024000000000000512e-05
7.032000000000000436e-05
7.040000000000000359e-05
7.048000000000000282e-05
7.056000000000000206e-05
7.064000000000000129e-05
7.072000000000000053e-05
7.079999999999999976e-05
7.087999999999999899e-05
7.095999999999999823e-05
7.103999999999999746e-05
7.111999999999999670e-05
7.119999999999999593e-05
7.127999999999999517e-05
7.136000000000000795e-05
7.144000000000000719e-05
7.152000000000000642e-05
7.160000000000000565e-05
7.168000000000000489e-05
7.176000000000000412e-05
7.184000000000000336e-05
7.192000000000000259e-05
7.200000000000000182e-05
7.208000000000000106e-05
7.216000000000000029e-05
7.223999999999999953e-05
7.231999999999999876e-05
7.239999999999999799e-05
7.247999999999999723e-05
7.255999999999999646e-05
7.263999999999999570e-05
7.271999999999999493e-05
7.280000000000000772e-05
7.288000000000000695e-05
7.296000000000000619e-05
7.304000000000000542e-05
7.312000000000000465e-05
7.320000000000000389e-05
7.328000000000000312e-05
7.336000000000000236e-05
7.344000000000000159e-05
7.352000000000000082e-05
7.360000000000000006e-05
7.367999999999999929e-05
7.375999999999999853e-05
7.383999999999999776e-05
7.391999999999999699e-05
7.399999999999999623e-05
7.407999999999999546e-05
7.416000000000000825e-05
7.424000000000000748e-05
7.432000000000000672e-05
7.440000000000000595e-05
7.448000000000000518e-05
7.456000000000000442e-05
7.464000000000000365e-05
7.472000000000000289e-05
7.480000000000000212e-05
7.488000000000000135e-05
7.496000000000000059e-05
7.503999999999999982e-05
7.511999999999999906e-05
7.519999999999999829e-05
7.527999999999999753e-05
7.535999999999999676e-05
7.543999999999999599e-05
7.551999999999999523e-05
7.560000000000000801e-05
7.568000000000000725e-05
7.576000000000000648e-05
7.584000000000000572e-05
7.592000000000000495e-05
7.600000000000000418e-05
7.608000000000000342e-05
7.616000000000000265e-05
7.624000000000000189e-05
7.632000000000000112e-05
7.640000000000000035e-05
7.647999999999999959e-05
7.655999999999999882e-05
7.663999999999999806e-05
7.671999999999999729e-05
7.679999999999999652e-05
7.687999999999999576e-05
7.695999999999999499e-05
7.704000000000000778e-05
7.712000000000000701e-05
7.720000000000000625e-05
7.728000000000000548e-05
7.736000000000000472e-05
7.744000000000000395e-05
7.752000000000000318e-05
7.760000000000000242e-05
7.768000000000000165e-05
7.776000000000000089e-05
7.784000000000000012e-05
7.791999999999999935e-05
7.799999999999999859e-05
7.807999999999999782e-05
7.815999999999999706e-05
7.823999999999999629e-05
7.831999999999999552e-05
7.840000000000000831e-05
7.848000000000000754e-05
7.856000000000000678e-05
7.864000000000000601e-05
7.872000000000000525e-05
7.880000000000000448e-05
7.888000000000000372e-05
7.896000000000000295e-05
7.904000000000000218e-05
7.912000000000000142e-05
7.920000000000000065e-05
7.927999999999999989e-05
7.935999999999999912e-05
7.943999999999999835e-05
7.951999999999999759e-05
7.959999999999999682e-05
7.967999999999999606e-05
7.975999999999999529e-05
7.984000000000000808e-05
7.992000000000000731e-05
8.000000000000000654e-05
8.008000000000000578e-05
8.016000000000000501e-05
8.024000000000000425e-05
8.032000000000000348e-05
8.040000000000000271e-05
8.048000000000000195e-05
8.056000000000000118e-05
8.064000000000000042e-05
8.071999999999999965e-05
8.079999999999999888e-05
8.087999999999999812e-05
8.095999999999999735e-05
8.103999999999999659e-05
8.111999999999999582e-05
8.119999999999999505e-05
8.128000000000000784e-05
8.136000000000000708e-05
8.144000000000000631e-05
8.152000000000000554e-05
8.160000000000000478e-05
8.168000000000000401e-05
8.176000000000000325e-05
8.184000000000000248e-05
8.192000000000000171e-05
8.200000000000000095e-05
8.208000000000000018e-05
8.215999999999999942e-05
8.223999999999999865e-05
8.231999999999999788e-05
8.239999999999999712e-05
8.247999999999999635e-05
8.255999999999999559e-05
8.264000000000000837e-05
8.272000000000000761e-05
8.280000000000000684e-05
8.288000000000000608e-05
8.296000000000000531e-05
8.304000000000000454e-05
8.312000000000000378e-05
8.320000000000000301e-05
8.328000000000000225e-05
8.336000000000000148e-05
8.344000000000000071e-05
8.351999999999999995e-05
8.359999999999999918e-05
8.367999999999999842e-05
8.375999999999999765e-05
8.383999999999999688e-05
8.391999999999999612e-05
8.399999999999999535e-05
8.408000000000000814e-05
8.416000000000000737e-05
8.424000000000000661e-05
8.432000000000000584e-05
8.440000000000000507e-05
8.448000000000000431e-05
8.456000000000000354e-05
8.464000000000000278e-05
8.472000000000000201e-05
8.480000000000000124e-05
8.488000000000000048e-05
8.495999999999999971e-05
8.503999999999999895e-05
8.511999999999999818e-05
8.519999999999999742e-05
8.527999999999999665e-05
8.535999999999999588e-05
8.543999999999999512e-05
8.552000000000000790e-05
8.560000000000000714e-05
8.568000000000000637e-05
8.576000000000000561e-05
8.584000000000000484e-05
8.592000000000000407e-05
8.600000000000000331e-05
8.608000000000000254e-05
8.616000000000000178e-05
8.624000000000000101e-05
8.632000000000000024e-05
8.639999999999999948e-05
8.647999999999999871e-05
8.655999999999999795e-05
8.663999999999999718e-05
8.671999999999999641e-05
8.679999999999999565e-05
8.688000000000000844e-05
8.696000000000000767e-05
8.704000000000000690e-05
8.712000000000000614e-05
8.720000000000000537e-05
8.728000000000000461e-05
8.736000000000000384e-05
8.744000000000000307e-05
8.752000000000000231e-05
8.760000000000000154e-05
8.768000000000000078e-05
8.776000000000000001e-05
8.783999999999999924e-05
8.791999999999999848e-05
8.799999999999999771e-05
8.807999999999999695e-05
8.815999999999999618e-05
8.823999999999999541e-05
8.832000000000000820e-05
8.840000000000000743e-05
8.848000000000000667e-05
8.856000000000000590e-05
8.864000000000000514e-05
8.872000000000000437e-05
8.880000000000000360e-05
8.888000000000000284e-05
8.896000000000000207e-05
8.904000000000000131e-05
8.912000000000000054e-05
8.919999999999999978e-05
8.927999999999999901e-05
8.935999999999999824e-05
8.943999999999999748e-05
8.951999999999999671e-05
8.959999999999999595e-05
8.967999999999999518e-05
8.976000000000000797e-05
8.984000000000000720e-05
8.992000000000000643e-05
9.000000000000000567e-05
9.008000000000000490e-05
9.016000000000000414e-05
9.024000000000000337e-05
9.032000000000000260e-05
9.040000000000000184e-05
9.048000000000000107e-05
9.056000000000000031e-05
9.063999999999999954e-05
9.071999999999999877e-05
9.079999999999999801e-05
9.087999999999999724e-05
9.095999999999999648e-05
9.103999999999999571e-05
9.112000000000000850e-05
9.120000000000000773e-05
9.128000000000000697e-05
9.136000000000000620e-05
9.144000000000000543e-05
9.152000000000000467e-05
9.160000000000000390e-05
9.168000000000000314e-05
9.176000000000000237e-05
9.184000000000000160e-05
9.192000000000000084e-05
9.200000000000000007e-05
9.207999999999999931e-05
9.215999999999999854e-05
9.223999999999999777e-05
9.231999999999999701e-05
9.239999999999999624e-05
9.247999999999999548e-05
9.256000000000000826e-05
9.264000000000000750e-05
9.272000000000000673e-05
9.280000000000000597e-05
9.288000000000000520e-05
9.296000000000000443e-05
9.304000000000000367e-05
9.312000000000000290e-05
9.320000000000000214e-05
9.328000000000000137e-05
9.336000000000000060e-05
9.343999999999999984e-05
9.351999999999999907e-05
9.359999999999999831e-05
9.367999999999999754e-05
9.375999999999999677e-05
9.383999999999999601e-05
9.391999999999999524e-05
9.400000000000000803e-05
9.408000000000000726e-05
9.416000000000000650e-05
9.424000000000000573e-05
9.432000000000000496e-05
9.440000000000000420e-05
9.448000000000000343e-05
9.456000000000000267e-05
9.464000000000000190e-05
9.472000000000000113e-05
9.480000000000000037e-05
9.487999999999999960e-05
9.495999999999999884e-05
9.503999999999999807e-05
9.511999999999999731e-05
9.519999999999999654e-05
9.527999999999999577e-05
9.536000000000000856e-05
9.544000000000000779e-05
9.552000000000000703e-05
9.560000000000000626e-05
9.568000000000000550e-05
9.576000000000000473e-05
9.584000000000000396e-05
9.592000000000000320e-05
9.600000000000000243e-05
9.608000000000000167e-05
9.616000000000000090e-05
9.624000000000000013e-05
9.631999999999999937e-05
9.639999999999999860e-05
9.647999999999999784e-05
9.655999999999999707e-05
9.663999999999999630e-05
9.671999999999999554e-05
9.680000000000000833e-05
9.688000000000000756e-05
9.696000000000000679e-05
9.704000000000000603e-05
9.712000000000000526e-05
9.720000000000000450e-05
9.728000000000000373e-05
9.736000000000000296e-05
9.744000000000000220e-05
9.752000000000000143e-05
9.760000000000000067e-05
9.767999999999999990e-05
9.775999999999999913e-05
9.783999999999999837e-05
9.791999999999999760e-05
9.799999999999999684e-05
9.807999999999999607e-05
9.815999999999999530e-05
9.824000000000000809e-05
9.832000000000000732e-05
9.840000000000000656e-05
9.848000000000000579e-05
9.856000000000000503e-05
9.864000000000000426e-05
9.872000000000000349e-05
9.880000000000000273e-05
9.888000000000000196e-05
9.896000000000000120e-05
9.904000000000000043e-05
9.911999999999999967e-05
9.919999999999999890e-05
9.927999999999999813e-05
9.935999999999999737e-05
9.943999999999999660e-05
9.951999999999999584e-05
9.960000000000000862e-05
9.968000000000000786e-05
9.976000000000000709e-05
9.984000000000000632e-05
9.992000000000000556e-05
1.000000000000000048e-04
1.000800000000000040e-04
1.001600000000000033e-04
1.002400000000000025e-04
1.003200000000000017e-04
1.004000000000000010e-04
1.004800000000000002e-04
1.005599999999999994e-04
1.006399999999999987e-04
1.007199999999999979e-04
1.007999999999999971e-04
1.008799999999999964e-04
1.009599999999999956e-04
1.010400000000000084e-04
1.011200000000000076e-04
1.012000000000000069e-04
1.012800000000000061e-04
1.013600000000000053e-04
1.014400000000000046e-04
1.015200000000000038e-04
1.016000000000000030e-04
1.016800000000000023e-04
1.017600000000000015e-04
1.018400000000000007e-04
1.019200000000000000e-04
1.019999999999999992e-04
1.020799999999999984e-04
1.021599999999999977e-04
1.022399999999999969e-04
1.023199999999999961e-04
1.023999999999999954e-04
1.024800000000000082e-04
1.025600000000000074e-04
1.026400000000000066e-04
1.027200000000000059e-04
1.028000000000000051e-04
1.028800000000000043e-04
1.029600000000000036e-04
1.030400000000000028e-04
1.031200000000000020e-04
1.032000000000000013e-04
1.032800000000000005e-04
1.033599999999999997e-04
1.034399999999999990e-04
1.035199999999999982e-04
1.035999999999999974e-04
1.036799999999999967e-04
1.037599999999999959e-04
1.038400000000000087e-04
1.039200000000000079e-04
1.040000000000000072e-04
1.040800000000000064e-04
1.041600000000000056e-04
1.042400000000000049e-04
1.043200000000000041e-04
1.044000000000000033e-04
1.044800000000000026e-04
1.045600000000000018e-04
1.046400000000000010e-04
1.047200000000000003e-04
1.047999999999999995e-04
1.048799999999999987e-04
1.049599999999999980e-04
1.050399999999999972e-04
1.051199999999999964e-04
1.051999999999999957e-04
1.052800000000000084e-04
1.053600000000000077e-04
1.054400000000000069e-04
1.055200000000000062e-04
1.056000000000000054e-04
1.056800000000000046e-04
1.057600000000000039e-04
1.058400000000000031e-04
1.059200000000000023e-04
1.060000000000000016e-04
1.060800000000000008e-04
1.061600000000000000e-04
1.062399999999999993e-04
1.063199999999999985e-04
1.063999999999999977e-04
1.064799999999999970e-04
1.065599999999999962e-04
1.066400000000000090e-04
1.067200000000000082e-04
1.068000000000000074e-04
1.068800000000000067e-04
1.069600000000000059e-04
1.070400000000000052e-04
1.071200000000000044e-04
1.072000000000000036e-04
1.072800000000000029e-04
1.073600000000000021e-04
1.074400000000000013e-04
1.075200000000000006e-04
1.075999999999999998e-04
1.076799999999999990e-04
1.077599999999999983e-04
1.078399999999999975e-04
1.079199999999999967e-04
1.079999999999999960e-04
1.080800000000000087e-04
1.081600000000000080e-04
1.082400000000000072e-04
1.083200000000000064e-04
1.084000000000000057e-04
1.084800000000000049e-04
1.085600000000000042e-04
1.086400000000000034e-04
1.087200000000000026e-04
1.088000000000000019e-04
1.088800000000000011e-04
1.089600000000000003e-04
1.090399999999999996e-04
1.091199999999999988e-04
1.091999999999999980e-04
1.092799999999999973e-04
1.093599999999999965e-04
1.094399999999999957e-04
1.095200000000000085e-04
1.096000000000000077e-04
1.096800000000000070e-04
1.097600000000000062e-04
1.098400000000000054e-04
1.099200000000000047e-04
1.100000000000000039e-04
1.100800000000000032e-04
1.101600000000000024e-04
1.102400000000000016e-04
1.103200000000000009e-04
1.104000000000000001e-04
1.104799999999999993e-04
1.105599999999999986e-04
1.106399999999999978e-04
1.107199999999999970e-04
1.107999999999999963e-04
1.108800000000000090e-04
1.109600000000000083e-04
1.110400000000000075e-04
1.111200000000000067e-04
1.112000000000000060e-04
1.112800000000000052e-04
1.113600000000000044e-04
1.114400000000000037e-04
1.115200000000000029e-04
1.116000000000000021e-04
1.116800000000000014e-04
1.117600000000000006e-04
1.118399999999999999e-04
1.119199999999999991e-04
1.119999999999999983e-04
1.120799999999999976e-04
1.121599999999999968e-04
1.122399999999999960e-04
1.123200000000000088e-04
1.124000000000000080e-04
1.124800000000000073e-04
1.125600000000000065e-04
1.126400000000000057e-04
1.127200000000000050e-04
1.128000000000000042e-04
1.128800000000000034e-04
1.129600000000000027e-04
1.130400000000000019e-04
1.131200000000000011e-04
1.132000000000000004e-04
1.132799999999999996e-04
1.133599999999999989e-04
1.134399999999999981e-04
1.135199999999999973e-04
1.135999999999999966e-04
1.136799999999999958e-04
1.137600000000000086e-04
1.138400000000000078e-04
1.139200000000000070e-04
1.140000000000000063e-04
1.140800000000000055e-04
1.141600000000000047e-04
1.142400000000000040e-04
1.143200000000000032e-04
1.144000000000000024e-04
1.144800000000000017e-04
1.145600000000000009e-04
1.146400000000000001e-04
1.147199999999999994e-04
1.147999999999999986e-04
1.148799999999999979e-04
1.149599999999999971e-04
1.150399999999999963e-04
1.151200000000000091e-04
1.152000000000000083e-04
1.152800000000000076e-04
1.153600000000000068e-04
1.154400000000000060e-04
1.155200000000000053e-04
1.156000000000000045e-04
1.156800000000000037e-04
1.157600000000000030e-04
1.158400000000000022e-04
1.159200000000000014e-04
1.160000000000000007e-04
1.160799999999999999e-04
1.161599999999999991e-04
1.162399999999999984e-04
1.163199999999999976e-04
1.163999999999999969e-04
1.164799999999999961e-04
1.165600000000000089e-04
1.166400000000000081e-04
1.167200000000000073e-04
1.168000000000000066e-04
1.168800000000000058e-04
1.169600000000000050e-04
1.170400000000000043e-04
1.171200000000000035e-04
1.172000000000000027e-04
1.172800000000000020e-04
1.173600000000000012e-04
1.174400000000000004e-04
1.175199999999999997e-04
1.175999999999999989e-04
1.176799999999999981e-04
1.177599999999999974e-04
1.178399999999999966e-04
1.179199999999999958e-04
1.180000000000000086e-04
1.180800000000000079e-04
1.181600000000000071e-04
1.182400000000000063e-04
1.183200000000000056e-04
1.184000000000000048e-04
1.184800000000000040e-04
1.185600000000000033e-04
1.186400000000000025e-04
1.187200000000000017e-04
1.188000000000000010e-04
1.188800000000000002e-04
1.189599999999999994e-04
1.190399999999999987e-04
1.191199999999999979e-04
1.191999999999999971e-04
1.192799999999999964e-04
1.193600000000000092e-04
1.194400000000000084e-04
1.195200000000000076e-04
1.196000000000000069e-04
1.196800000000000061e-04
1.197600000000000053e-04
1.198400000000000046e-04
1.199200000000000038e-04
1.200000000000000030e-04
1.200800000000000023e-04
1.201600000000000015e-04
1.202400000000000007e-04
1.203200000000000000e-04
1.203999999999999992e-04
1.204799999999999984e-04
1.205599999999999977e-04
1.206399999999999969e-04
1.207199999999999961e-04
1.208000000000000089e-04
1.208800000000000082e-04
1.209600000000000074e-04
1.210400000000000066e-04
1.211200000000000059e-04
1.212000000000000051e-04
1.212800000000000043e-04
1.213600000000000036e-04
1.214400000000000028e-04
1.215200000000000020e-04
1.216000000000000013e-04
1.216800000000000005e-04
1.217599999999999997e-04
1.218399999999999990e-04
1.219199999999999982e-04
1.219999999999999974e-04
1.220799999999999967e-04
1.221600000000000095e-04
1.222399999999999951e-04
1.223200000000000079e-04
1.223999999999999936e-04
1.224800000000000064e-04
1.225599999999999921e-04
1.226400000000000049e-04
1.227199999999999906e-04
1.228000000000000033e-04
1.228800000000000161e-04
1.229600000000000018e-04
1.230400000000000146e-04
1.231200000000000003e-04
1.232000000000000131e-04
1.232799999999999987e-04
1.233600000000000115e-04
1.234399999999999972e-04
1.235200000000000100e-04
1.235999999999999957e-04
1.236800000000000085e-04
1.237599999999999941e-04
1.238400000000000069e-04
1.239199999999999926e-04
1.240000000000000054e-04
1.240799999999999911e-04
1.241600000000000039e-04
1.242399999999999895e-04
1.243200000000000023e-04
1.244000000000000151e-04
1.244800000000000008e-04
1.245600000000000136e-04
1.246399999999999993e-04
1.247200000000000121e-04
1.247999999999999977e-04
1.248800000000000105e-04
1.249599999999999962e-04
1.250400000000000090e-04
1.251199999999999947e-04
1.252000000000000075e-04
1.252799999999999931e-04
1.253600000000000059e-04
1.254399999999999916e-04
1.255200000000000044e-04
1.255999999999999901e-04
1.256800000000000029e-04
1.257600000000000157e-04
1.258400000000000013e-04
1.259200000000000141e-04
1.259999999999999998e-04
1.260800000000000126e-04
1.261599999999999983e-04
1.262400000000000111e-04
1.263199999999999967e-04
1.264000000000000095e-04
1.264799999999999952e-04
1.265600000000000080e-04
1.266399999999999937e-04
1.267200000000000065e-04
1.267999999999999921e-04
1.268800000000000049e-04
1.269599999999999906e-04
1.270400000000000034e-04
1.271200000000000162e-04
1.272000000000000019e-04
1.272800000000000147e-04
1.273600000000000003e-04
1.274400000000000131e-04
1.275199999999999988e-04
1.276000000000000116e-04
1.276799999999999973e-04
1.277600000000000101e-04
1.278399999999999957e-04
1.279200000000000085e-04
1.279999999999999942e-04
1.280800000000000070e-04
1.281599999999999927e-04
1.282400000000000055e-04
1.283199999999999911e-04
1.284000000000000039e-04
1.284799999999999896e-04
1.285600000000000024e-04
1.286400000000000152e-04
1.287200000000000009e-04
1.288000000000000137e-04
1.288799999999999993e-04
1.289600000000000121e-04
1.290399999999999978e-04
1.291200000000000106e-04
1.291999999999999963e-04
1.292800000000000091e-04
1.293599999999999947e-04
1.294400000000000075e-04
1.295199999999999932e-04
1.296000000000000060e-04
1.296799999999999917e-04
1.297600000000000045e-04
1.298399999999999901e-04
1.299200000000000029e-04
1.300000000000000157e-04
1.300800000000000014e-04
1.301600000000000142e-04
1.302399999999999999e-04
1.303200000000000127e-04
1.303999999999999983e-04
1.304800000000000111e-04
1.305599999999999968e-04
1.306400000000000096e-04
1.307199999999999953e-04
1.308000000000000081e-04
1.308799999999999937e-04
1.309600000000000065e-04
1.310399999999999922e-04
1.311200000000000050e-04
1.311999999999999907e-04
1.312800000000000035e-04
1.313600000000000162e-04
1.314400000000000019e-04
1.315200000000000147e-04
1.316000000000000004e-04
1.316800000000000132e-04
1.317599999999999989e-04
1.318400000000000117e-04
1.319199999999999973e-04
1.320000000000000101e-04
1.320799999999999958e-04
1.321600000000000086e-04
1.322399999999999943e-04
1.323200000000000071e-04
1.323999999999999927e-04
1.324800000000000055e-04
1.325599999999999912e-04
1.326400000000000040e-04
1.327199999999999897e-04
1.328000000000000025e-04
1.328800000000000152e-04
1.329600000000000009e-04
1.330400000000000137e-04
1.331199999999999994e-04
1.332000000000000122e-04
1.332799999999999979e-04
1.333600000000000107e-04
1.334399999999999963e-04
1.335200000000000091e-04
1.335999999999999948e-04
1.336800000000000076e-04
1.337599999999999933e-04
1.338400000000000061e-04
1.339199999999999917e-04
1.340000000000000045e-04
1.340799999999999902e-04
1.341600000000000030e-04
1.342400000000000158e-04
1.343200000000000015e-04
1.344000000000000142e-04
1.344799999999999999e-04
1.345600000000000127e-04
1.346399999999999984e-04
1.347200000000000112e-04
1.347999999999999969e-04
1.348800000000000097e-04
1.349599999999999953e-04
1.350400000000000081e-04
1.351199999999999938e-04
1.352000000000000066e-04
1.352799999999999923e-04
1.353600000000000051e-04
1.354399999999999907e-04
1.355200000000000035e-04
1.356000000000000163e-04
1.356800000000000020e-04
1.357600000000000148e-04
1.358400000000000005e-04
1.359200000000000132e-04
1.359999999999999989e-04
1.360800000000000117e-04
1.361599999999999974e-04
1.362400000000000102e-04
1.363199999999999959e-04
1.364000000000000087e-04
1.364799999999999943e-04
1.365600000000000071e-04
1.366399999999999928e-04
1.367200000000000056e-04
1.367999999999999913e-04
1.368800000000000041e-04
1.369599999999999897e-04
1.370400000000000025e-04
1.371200000000000153e-04
1.372000000000000010e-04
1.372800000000000138e-04
1.373599999999999995e-04
1.374400000000000122e-04
1.375199999999999979e-04
1.376000000000000107e-04
1.376799999999999964e-04
1.377600000000000092e-04
1.378399999999999949e-04
1.379200000000000077e-04
1.379999999999999933e-04
1.380800000000000061e-04
1.381599999999999918e-04
1.382400000000000046e-04
1.383199999999999903e-04
1.384000000000000031e-04
1.384800000000000158e-04
1.385600000000000015e-04
1.386400000000000143e-04
1.387200000000000000e-04
1.388000000000000128e-04
1.388799999999999985e-04
1.389600000000000112e-04
1.390399999999999969e-04
1.391200000000000097e-04
1.391999999999999954e-04
1.392800000000000082e-04
1.393599999999999939e-04
1.394400000000000066e-04
1.395199999999999923e-04
1.396000000000000051e-04
1.396799999999999908e-04
1.397600000000000036e-04
1.398400000000000164e-04
1.399200000000000021e-04
1.400000000000000148e-04
1.400800000000000005e-04
1.401600000000000133e-04
1.402399999999999990e-04
1.403200000000000118e-04
1.403999999999999975e-04
1.404800000000000102e-04
1.405599999999999959e-04
1.406400000000000087e-04
1.407199999999999944e-04
1.408000000000000072e-04
1.408799999999999929e-04
1.409600000000000056e-04
1.410399999999999913e-04
1.411200000000000041e-04
1.411999999999999898e-04
1.412800000000000026e-04
1.413600000000000154e-04
1.414400000000000011e-04
1.415200000000000138e-04
1.415999999999999995e-04
1.416800000000000123e-04
1.417599999999999980e-04
1.418400000000000108e-04
1.419199999999999965e-04
1.420000000000000092e-04
1.420799999999999949e-04
1.421600000000000077e-04
1.422399999999999934e-04
1.423200000000000062e-04
1.423999999999999919e-04
1.424800000000000046e-04
1.425599999999999903e-04
1.426400000000000031e-04
1.427200000000000159e-04
1.428000000000000016e-04
1.428800000000000144e-04
1.429600000000000001e-04
1.430400000000000128e-04
1.431199999999999985e-04
1.432000000000000113e-04
1.432799999999999970e-04
1.433600000000000098e-04
1.434399999999999955e-04
1.435200000000000082e-04
1.435999999999999939e-04
1.436800000000000067e-04
1.437599999999999924e-04
1.438400000000000052e-04
1.439199999999999909e-04
1.440000000000000036e-04
1.440800000000000164e-04
1.441600000000000021e-04
1.442400000000000149e-04
1.443200000000000006e-04
1.444000000000000134e-04
1.444799999999999991e-04
1.445600000000000118e-04
1.446399999999999975e-04
1.447200000000000103e-04
1.447999999999999960e-04
1.448800000000000088e-04
1.449599999999999945e-04
1.450400000000000072e-04
1.451199999999999929e-04
1.452000000000000057e-04
1.452799999999999914e-04
1.453600000000000042e-04
1.454399999999999899e-04
1.455200000000000026e-04
1.456000000000000154e-04
1.456800000000000011e-04
1.457600000000000139e-04
1.458399999999999996e-04
1.459200000000000124e-04
1.459999999999999981e-04
1.460800000000000108e-04
1.461599999999999965e-04
1.462400000000000093e-04
1.463199999999999950e-04
1.464000000000000078e-04
1.464799999999999935e-04
1.465600000000000062e-04
1.466399999999999919e-04
1.467200000000000047e-04
1.467999999999999904e-04
1.468800000000000032e-04
1.469600000000000160e-04
1.470400000000000016e-04
1.471200000000000144e-04
1.472000000000000001e-04
1.472800000000000129e-04
1.473599999999999986e-04
1.474400000000000114e-04
1.475199999999999971e-04
1.476000000000000098e-04
1.476799999999999955e-04
1.477600000000000083e-04
1.478399999999999940e-04
1.479200000000000068e-04
1.479999999999999925e-04
1.480800000000000052e-04
1.481599999999999909e-04
1.482400000000000037e-04
1.483200000000000165e-04
1.484000000000000022e-04
1.484800000000000150e-04
1.485600000000000006e-04
1.486400000000000134e-04
1.487199999999999991e-04
1.488000000000000119e-04
1.488799999999999976e-04
1.489600000000000104e-04
1.490399999999999961e-04
1.491200000000000088e-04
1.491999999999999945e-04
1.492800000000000073e-04
1.493599999999999930e-04
1.494400000000000058e-04
1.495199999999999915e-04
1.496000000000000042e-04
1.496799999999999899e-04
1.497600000000000027e-04
1.498400000000000155e-04
1.499200000000000012e-04
1.500000000000000140e-04
1.500799999999999996e-04
1.501600000000000124e-04
1.502399999999999981e-04
1.503200000000000109e-04
1.503999999999999966e-04
1.504800000000000094e-04
1.505599999999999951e-04
1.506400000000000078e-04
1.507199999999999935e-04
1.508000000000000063e-04
1.508799999999999920e-04
1.509600000000000048e-04
1.510399999999999905e-04
1.511200000000000032e-04
1.512000000000000160e-04
1.512800000000000017e-04
1.513600000000000145e-04
1.514400000000000002e-04
1.515200000000000130e-04
1.515999999999999986e-04
1.516800000000000114e-04
1.517599999999999971e-04
1.518400000000000099e-04
1.519199999999999956e-04
1.520000000000000084e-04
1.520799999999999940e-04
1.521600000000000068e-04
1.522399999999999925e-04
1.523200000000000053e-04
1.523999999999999910e-04
1.524800000000000038e-04
1.525600000000000166e-04
1.526400000000000022e-04
1.527200000000000150e-04
1.528000000000000007e-04
1.528800000000000135e-04
1.529599999999999992e-04
1.530400000000000120e-04
1.531199999999999976e-04
1.532000000000000104e-04
1.532799999999999961e-04
1.533600000000000089e-04
1.534399999999999946e-04
1.535200000000000074e-04
1.535999999999999930e-04
1.536800000000000058e-04
1.537599999999999915e-04
1.538400000000000043e-04
1.539199999999999900e-04
1.540000000000000028e-04
1.540800000000000156e-04
1.541600000000000012e-04
1.542400000000000140e-04
1.543199999999999997e-04
1.544000000000000125e-04
1.544799999999999982e-04
1.545600000000000110e-04
1.546399999999999966e-04
1.547200000000000094e-04
1.547999999999999951e-04
1.548800000000000079e-04
1.549599999999999936e-04
1.550400000000000064e-04
1.551199999999999920e-04
1.552000000000000048e-04
1.552799999999999905e-04
1.553600000000000033e-04
1.554400000000000161e-04
1.555200000000000018e-04
1.556000000000000146e-04
1.556800000000000002e-04
1.557600000000000130e-04
1.558399999999999987e-04
1.559200000000000115e-04
1.559999999999999972e-04
1.560800000000000100e-04
1.561599999999999956e-04
1.562400000000000084e-04
1.563199999999999941e-04
1.564000000000000069e-04
1.564799999999999926e-04
1.565600000000000054e-04
1.566399999999999910e-04
1.567200000000000038e-04
1.568000000000000166e-04
1.568800000000000023e-04
1.569600000000000151e-04
1.570400000000000008e-04
1.571200000000000136e-04
1.571999999999999992e-04
1.572800000000000120e-04
1.573599999999999977e-04
1.574400000000000105e-04
1.575199999999999962e-04
1.576000000000000090e-04
1.576799999999999946e-04
1.577600000000000074e-04
1.578399999999999931e-04
1.579200000000000059e-04
1.579999999999999916e-04
1.580800000000000044e-04
1.581599999999999900e-04
1.582400000000000028e-04
1.583200000000000156e-04
1.584000000000000013e-04
1.584800000000000141e-04
1.585599999999999998e-04
1.586400000000000126e-04
1.587199999999999982e-04
1.588000000000000110e-04
1.588799999999999967e-04
1.589600000000000095e-04
1.590399999999999952e-04
1.591200000000000080e-04
1.591999999999999936e-04
1.592800000000000064e-04
1.593599999999999921e-04
1.594400000000000049e-04
1.595199999999999906e-04
1.596000000000000034e-04
1.596800000000000162e-04
1.597600000000000018e-04
1.598400000000000146e-04
1.599200000000000003e-04
1.600000000000000131e-04
1.600799999999999988e-04
1.601600000000000116e-04
1.602399999999999972e-04
1.603200000000000100e-04
1.603999999999999957e-04
1.604800000000000085e-04
1.605599999999999942e-04
1.606400000000000070e-04
1.607199999999999926e-04
1.608000000000000054e-04
1.608799999999999911e-04
1.609600000000000039e-04
1.610400000000000167e-04
1.611200000000000024e-04
1.612000000000000152e-04
1.612800000000000008e-04
1.613600000000000136e-04
1.614399999999999993e-04
1.615200000000000121e-04
1.615999999999999978e-04
1.616800000000000106e-04
1.617599999999999962e-04
1.618400000000000090e-04
1.619199999999999947e-04
1.620000000000000075e-04
1.620799999999999932e-04
1.621600000000000060e-04
1.622399999999999916e-04
1.623200000000000044e-04
1.623999999999999901e-04
1.624800000000000029e-04
1.625600000000000157e-04
1.626400000000000014e-04
1.627200000000000142e-04
1.627999999999999998e-04
1.628800000000000126e-04
1.629599999999999983e-04
1.630400000000000111e-04
1.631199999999999968e-04
1.632000000000000096e-04
1.632799999999999952e-04
1.633600000000000080e-04
1.634399999999999937e-04
1.635200000000000065e-04
1.635999999999999922e-04
1.636800000000000050e-04
1.637599999999999906e-04
1.638400000000000034e-04
1.639200000000000162e-04
1.640000000000000019e-04
1.640800000000000147e-04
1.641600000000000004e-04
1.642400000000000132e-04
1.643199999999999988e-04
1.644000000000000116e-04
1.644799999999999973e-04
1.645600000000000101e-04
1.646399999999999958e-04
1.647200000000000086e-04
1.647999999999999942e-04
1.648800000000000070e-04
1.649599999999999927e-04
1.650400000000000055e-04
1.651199999999999912e-04
1.652000000000000040e-04
1.652800000000000167e-04
1.653600000000000024e-04
1.654400000000000152e-04
1.655200000000000009e-04
1.656000000000000137e-04
1.656799999999999994e-04
1.657600000000000122e-04
1.658399999999999978e-04
1.659200000000000106e-04
1.659999999999999963e-04
1.660800000000000091e-04
1.661599999999999948e-04
1.662400000000000076e-04
1.663199999999999932e-04
1.664000000000000060e-04
1.664799999999999917e-04
1.665600000000000045e-04
1.666399999999999902e-04
1.667200000000000030e-04
1.668000000000000157e-04
1.668800000000000014e-04
1.669600000000000142e-04
1.670399999999999999e-04
1.671200000000000127e-04
1.671999999999999984e-04
1.672800000000000111e-04
1.673599999999999968e-04
1.674400000000000096e-04
1.675199999999999953e-04
1.676000000000000081e-04
1.676799999999999938e-04
1.677600000000000066e-04
1.678399999999999922e-04
1.679200000000000050e-04
1.679999999999999907e-04
1.680800000000000035e-04
1.681600000000000163e-04
1.682400000000000020e-04
1.683200000000000147e-04
1.684000000000000004e-04
1.684800000000000132e-04
1.685599999999999989e-04
1.686400000000000117e-04
1.687199999999999974e-04
1.688000000000000101e-04
1.688799999999999958e-04
1.689600000000000086e-04
1.690399999999999943e-04
1.691200000000000071e-04
1.691999999999999928e-04
1.692800000000000056e-04
1.693599999999999912e-04
1.694400000000000040e-04
1.695200000000000168e-04
1.696000000000000025e-04
1.696800000000000153e-04
1.697600000000000010e-04
1.698400000000000137e-04
1.699199999999999994e-04
1.700000000000000122e-04
1.700799999999999979e-04
1.701600000000000107e-04
1.702399999999999964e-04
1.703200000000000091e-04
1.703999999999999948e-04
1.704800000000000076e-04
1.705599999999999933e-04
1.706400000000000061e-04
1.707199999999999918e-04
1.708000000000000046e-04
1.708799999999999902e-04
1.709600000000000030e-04
1.710400000000000158e-04
1.711200000000000015e-04
1.712000000000000143e-04
1.712800000000000000e-04
1.713600000000000127e-04
1.714399999999999984e-04
1.715200000000000112e-04
1.715999999999999969e-04
1.716800000000000097e-04
1.717599999999999954e-04
1.718400000000000081e-04
1.719199999999999938e-04
1.720000000000000066e-04
1.720799999999999923e-04
1.721600000000000051e-04
1.722399999999999908e-04
1.723200000000000036e-04
1.724000000000000163e-04
1.724800000000000020e-04
1.725600000000000148e-04
1.726400000000000005e-04
1.727200000000000133e-04
1.727999999999999990e-04
1.728800000000000117e-04
1.729599999999999974e-04
1.730400000000000102e-04
1.731199999999999959e-04
1.732000000000000087e-04
1.732799999999999944e-04
1.733600000000000071e-04
1.734399999999999928e-04
1.735200000000000056e-04
1.735999999999999913e-04
1.736800000000000041e-04
1.737600000000000169e-04
1.738400000000000026e-04
1.739200000000000153e-04
1.740000000000000010e-04
1.740800000000000138e-04
1.741599999999999995e-04
1.742400000000000123e-04
1.743199999999999980e-04
1.744000000000000107e-04
1.744799999999999964e-04
1.745600000000000092e-04
1.746399999999999949e-04
1.747200000000000077e-04
1.747999999999999934e-04
1.748800000000000061e-04
1.749599999999999918e-04
1.750400000000000046e-04
1.751199999999999903e-04
1.752000000000000031e-04
1.752800000000000159e-04
1.753600000000000016e-04
1.754400000000000143e-04
1.755200000000000000e-04
1.756000000000000128e-04
1.756799999999999985e-04
1.757600000000000113e-04
1.758399999999999970e-04
1.759200000000000097e-04
1.759999999999999954e-04
1.760800000000000082e-04
1.761599999999999939e-04
1.762400000000000067e-04
1.763199999999999924e-04
1.764000000000000051e-04
1.764799999999999908e-04
1.765600000000000036e-04
1.766400000000000164e-04
1.767200000000000021e-04
1.768000000000000149e-04
1.768800000000000006e-04
1.769600000000000133e-04
1.770399999999999990e-04
1.771200000000000118e-04
1.771999999999999975e-04
1.772800000000000103e-04
1.773599999999999960e-04
1.774400000000000087e-04
1.775199999999999944e-04
1.776000000000000072e-04
1.776799999999999929e-04
1.777600000000000057e-04
1.778399999999999914e-04
1.779200000000000041e-04
1.780000000000000169e-04
1.780800000000000026e-04
1.781600000000000154e-04
1.782400000000000011e-04
1.783200000000000139e-04
1.783999999999999996e-04
1.784800000000000123e-04
1.785599999999999980e-04
1.786400000000000108e-04
1.787199999999999965e-04
1.788000000000000093e-04
1.788799999999999950e-04
1.789600000000000077e-04
1.790399999999999934e-04
1.791200000000000062e-04
1.791999999999999919e-04
1.792800000000000047e-04
1.793599999999999904e-04
1.794400000000000031e-04
1.795200000000000159e-04
1.796000000000000016e-04
1.796800000000000144e-04
1.797600000000000001e-04
1.798400000000000129e-04
1.799199999999999985e-04
1.800000000000000113e-04
1.800799999999999970e-04
1.801600000000000098e-04
1.802399999999999955e-04
1.803200000000000083e-04
1.803999999999999940e-04
1.804800000000000067e-04
1.805599999999999924e-04
1.806400000000000052e-04
1.807199999999999909e-04
1.808000000000000037e-04
1.808800000000000165e-04
1.809600000000000021e-04
1.810400000000000149e-04
1.811200000000000006e-04
1.812000000000000134e-04
1.812799999999999991e-04
1.813600000000000119e-04
1.814399999999999975e-04
1.815200000000000103e-04
1.815999999999999960e-04
1.816800000000000088e-04
1.817599999999999945e-04
1.818400000000000073e-04
1.819199999999999930e-04
1.820000000000000057e-04
1.820799999999999914e-04
1.821600000000000042e-04
1.822400000000000170e-04
1.823200000000000027e-04
1.824000000000000155e-04
1.824800000000000011e-04
1.825600000000000139e-04
1.826399999999999996e-04
1.827200000000000124e-04
1.827999999999999981e-04
1.828800000000000109e-04
1.829599999999999965e-04
1.830400000000000093e-04
1.831199999999999950e-04
1.832000000000000078e-04
1.832799999999999935e-04
1.833600000000000063e-04
1.834399999999999920e-04
1.835200000000000047e-04
1.835999999999999904e-04
1.836800000000000032e-04
1.837600000000000160e-04
1.838400000000000017e-04
1.839200000000000145e-04
1.840000000000000001e-04
1.840800000000000129e-04
1.841599999999999986e-04
1.842400000000000114e-04
1.843199999999999971e-04
1.844000000000000099e-04
1.844799999999999955e-04
1.845600000000000083e-04
1.846399999999999940e-04
1.847200000000000068e-04
1.847999999999999925e-04
1.848800000000000053e-04
1.849599999999999910e-04
1.850400000000000037e-04
1.851200000000000165e-04
1.852000000000000022e-04
1.852800000000000150e-04
1.853600000000000007e-04
1.854400000000000135e-04
1.855199999999999991e-04
1.856000000000000119e-04
1.856799999999999976e-04
1.857600000000000104e-04
1.858399999999999961e-04
1.859200000000000089e-04
1.859999999999999945e-04
1.860800000000000073e-04
1.861599999999999930e-04
1.862400000000000058e-04
1.863199999999999915e-04
1.864000000000000043e-04
1.864800000000000171e-04
1.865600000000000027e-04
1.866400000000000155e-04
1.867200000000000012e-04
1.868000000000000140e-04
1.868799999999999997e-04
1.869600000000000125e-04
1.870399999999999981e-04
1.871200000000000109e-04
1.871999999999999966e-04
1.872800000000000094e-04
1.873599999999999951e-04
1.874400000000000079e-04
1.875199999999999935e-04
1.876000000000000063e-04
1.876799999999999920e-04
1.877600000000000048e-04
1.878399999999999905e-04
1.879200000000000033e-04
1.880000000000000161e-04
1.880800000000000017e-04
1.881600000000000145e-04
1.882400000000000002e-04
1.883200000000000130e-04
1.883999999999999987e-04
1.884800000000000115e-04
1.885599999999999971e-04
1.886400000000000099e-04
1.887199999999999956e-04
1.888000000000000084e-04
1.888799999999999941e-04
1.889600000000000069e-04
1.890399999999999925e-04
1.891200000000000053e-04
1.891999999999999910e-04
1.892800000000000038e-04
1.893600000000000166e-04
1.894400000000000023e-04
1.895200000000000151e-04
1.896000000000000007e-04
1.896800000000000135e-04
1.897599999999999992e-04
1.898400000000000120e-04
1.899199999999999977e-04
1.900000000000000105e-04
1.900799999999999961e-04
1.901600000000000089e-04
1.902399999999999946e-04
1.903200000000000074e-04
1.903999999999999931e-04
1.904800000000000059e-04
1.905599999999999915e-04
1.906400000000000043e-04
1.907200000000000171e-04
1.908000000000000028e-04
1.908800000000000156e-04
1.909600000000000013e-04
1.910400000000000141e-04
1.911199999999999997e-04
1.912000000000000125e-04
1.912799999999999982e-04
1.913600000000000110e-04
1.914399999999999967e-04
1.915200000000000095e-04
1.915999999999999951e-04
1.916800000000000079e-04
1.917599999999999936e-04
1.918400000000000064e-04
1.919199999999999921e-04
1.920000000000000049e-04
1.920799999999999905e-04
1.921600000000000033e-04
1.922400000000000161e-04
1.923200000000000018e-04
1.924000000000000146e-04
1.924800000000000003e-04
1.925600000000000131e-04
1.926399999999999987e-04
1.927200000000000115e-04
1.927999999999999972e-04
1.928800000000000100e-04
1.929599999999999957e-04
1.930400000000000085e-04
1.931199999999999941e-04
1.932000000000000069e-04
1.932799999999999926e-04
1.933600000000000054e-04
1.934399999999999911e-04
1.935200000000000039e-04
1.936000000000000167e-04
1.936800000000000023e-04
1.937600000000000151e-04
1.938400000000000008e-04
1.939200000000000136e-04
1.939999999999999993e-04
1.940800000000000121e-04
1.941599999999999977e-04
1.942400000000000105e-04
1.943199999999999962e-04
1.944000000000000090e-04
1.944799999999999947e-04
1.945600000000000075e-04
1.946399999999999931e-04
1.947200000000000059e-04
1.947999999999999916e-04
1.948800000000000044e-04
1.949600000000000172e-04
1.950400000000000029e-04
1.951200000000000156e-04
1.952000000000000013e-04
1.952800000000000141e-04
1.953599999999999998e-04
1.954400000000000126e-04
1.955199999999999983e-04
1.956000000000000111e-04
1.956799999999999967e-04
1.957600000000000095e-04
1.958399999999999952e-04
1.959200000000000080e-04
1.959999999999999937e-04
1.960800000000000065e-04
1.961599999999999921e-04
1.962400000000000049e-04
1.963199999999999906e-04
1.964000000000000034e-04
1.964800000000000162e-04
1.965600000000000019e-04
1.966400000000000146e-04
1.967200000000000003e-04
1.968000000000000131e-04
1.968799999999999988e-04
1.969600000000000116e-04
1.970399999999999973e-04
1.971200000000000101e-04
1.971999999999999957e-04
1.972800000000000085e-04
1.973599999999999942e-04
1.974400000000000070e-04
1.975199999999999927e-04
1.976000000000000055e-04
1.976799999999999911e-04
1.977600000000000039e-04
1.978400000000000167e-04
1.979200000000000024e-04
1.980000000000000152e-04
1.980800000000000009e-04
1.981600000000000136e-04
1.982399999999999993e-04
1.983200000000000121e-04
1.983999999999999978e-04
1.984800000000000106e-04
1.985599999999999963e-04
1.986400000000000091e-04
1.987199999999999947e-04
1.988000000000000075e-04
1.988799999999999932e-04
1.989600000000000060e-04
1.990399999999999917e-04
1.991200000000000045e-04
1.992000000000000172e-04
1.992800000000000029e-04
1.993600000000000157e-04
1.994400000000000014e-04
1.995200000000000142e-04
1.995999999999999999e-04
1.996800000000000126e-04
1.997599999999999983e-04
1.998400000000000111e-04
1.999199999999999968e-04
2.000000000000000096e-04
2.000799999999999953e-04
2.001600000000000081e-04
2.002399999999999937e-04
2.003200000000000065e-04
2.003999999999999922e-04
2.004800000000000050e-04
2.005599999999999907e-04
2.006400000000000035e-04
2.007200000000000162e-04
2.008000000000000019e-04
2.008800000000000147e-04
2.009600000000000004e-04
2.010400000000000132e-04
2.011199999999999989e-04
2.012000000000000116e-04
2.012799999999999973e-04
2.013600000000000101e-04
2.014399999999999958e-04
2.015200000000000086e-04
2.015999999999999943e-04
2.016800000000000071e-04
2.017599999999999927e-04
2.018400000000000055e-04
2.019199999999999912e-04
2.020000000000000040e-04
2.020800000000000168e-04
2.021600000000000025e-04
2.022400000000000152e-04
2.023200000000000009e-04
2.024000000000000137e-04
2.024799999999999994e-04
2.025600000000000122e-04
2.026399999999999979e-04
2.027200000000000106e-04
2.027999999999999963e-04
2.028800000000000091e-04
2.029599999999999948e-04
2.030400000000000076e-04
2.031199999999999933e-04
2.032000000000000061e-04
2.032799999999999917e-04
2.033600000000000045e-04
2.034400000000000173e-04
2.035200000000000030e-04
2.036000000000000158e-04
2.036800000000000015e-04
2.037600000000000142e-04
2.038399999999999999e-04
2.039200000000000127e-04
2.039999999999999984e-04
2.040800000000000112e-04
2.041599999999999969e-04
2.042400000000000096e-04
2.043199999999999953e-04
2.044000000000000081e-04
2.044799999999999938e-04
2.045600000000000066e-04
2.046399999999999923e-04
2.047200000000000051e-04
2.047999999999999907e-04
2.048800000000000035e-04
2.049600000000000163e-04
2.050400000000000020e-04
2.051200000000000148e-04
2.052000000000000005e-04
2.052800000000000132e-04
2.053599999999999989e-04
2.054400000000000117e-04
2.055199999999999974e-04
2.056000000000000102e-04
2.056799999999999959e-04
2.057600000000000086e-04
2.058399999999999943e-04
2.059200000000000071e-04
2.059999999999999928e-04
2.060800000000000056e-04
2.061599999999999913e-04
2.062400000000000041e-04
2.063200000000000168e-04
2.064000000000000025e-04
2.064800000000000153e-04
2.065600000000000010e-04
2.066400000000000138e-04
2.067199999999999995e-04
2.068000000000000122e-04
2.068799999999999979e-04
2.069600000000000107e-04
2.070399999999999964e-04
2.071200000000000092e-04
2.071999999999999949e-04
2.072800000000000076e-04
2.073599999999999933e-04
2.074400000000000061e-04
2.075199999999999918e-04
2.076000000000000046e-04
2.076800000000000174e-04
2.077600000000000030e-04
2.078400000000000158e-04
2.079200000000000015e-04
2.080000000000000143e-04
2.080800000000000000e-04
2.081600000000000128e-04
2.082399999999999985e-04
2.083200000000000112e-04
2.083999999999999969e-04
2.084800000000000097e-04
2.085599999999999954e-04
2.086400000000000082e-04
2.087199999999999939e-04
2.088000000000000066e-04
2.088799999999999923e-04
2.089600000000000051e-04
2.090400000000000179e-04
2.091200000000000036e-04
2.092000000000000164e-04
2.092800000000000020e-04
2.093600000000000148e-04
2.094400000000000005e-04
2.095200000000000133e-04
2.095999999999999990e-04
2.096800000000000118e-04
2.097599999999999975e-04
2.098400000000000102e-04
2.099199999999999959e-04
2.100000000000000087e-04
2.100799999999999944e-04
2.101600000000000072e-04
2.102399999999999929e-04
2.103200000000000056e-04
2.103999999999999913e-04
2.104800000000000041e-04
2.105600000000000169e-04
2.106400000000000026e-04
2.107200000000000154e-04
2.108000000000000010e-04
2.108800000000000138e-04
2.109599999999999995e-04
2.110400000000000123e-04
2.111199999999999980e-04
2.112000000000000108e-04
2.112799999999999965e-04
2.113600000000000092e-04
2.114399999999999949e-04
2.115200000000000077e-04
2.115999999999999934e-04
2.116800000000000062e-04
2.117599999999999919e-04
2.118400000000000046e-04
2.119200000000000174e-04
2.120000000000000031e-04
2.120800000000000159e-04
2.121600000000000016e-04
2.122400000000000144e-04
2.123200000000000000e-04
2.124000000000000128e-04
2.124799999999999985e-04
2.125600000000000113e-04
2.126399999999999970e-04
2.127200000000000098e-04
2.127999999999999955e-04
2.128800000000000082e-04
2.129599999999999939e-04
2.130400000000000067e-04
2.131199999999999924e-04
2.132000000000000052e-04
2.132800000000000180e-04
2.133600000000000036e-04
2.134400000000000164e-04
2.135200000000000021e-04
2.136000000000000149e-04
2.136800000000000006e-04
2.137600000000000134e-04
2.138399999999999990e-04
2.139200000000000118e-04
2.139999999999999975e-04
2.140800000000000103e-04
2.141599999999999960e-04
2.142400000000000088e-04
2.143199999999999945e-04
2.144000000000000072e-04
2.144799999999999929e-04
2.145600000000000057e-04
2.146399999999999914e-04
2.147200000000000042e-04
2.148000000000000170e-04
2.148800000000000026e-04
2.149600000000000154e-04
2.150400000000000011e-04
2.151200000000000139e-04
2.151999999999999996e-04
2.152800000000000124e-04
2.153599999999999980e-04
2.154400000000000108e-04
2.155199999999999965e-04
2.156000000000000093e-04
2.156799999999999950e-04
2.157600000000000078e-04
2.158399999999999935e-04
2.159200000000000062e-04
2.159999999999999919e-04
2.160800000000000047e-04
2.161600000000000175e-04
2.162400000000000032e-04
2.163200000000000160e-04
2.164000000000000016e-04
2.164800000000000144e-04
2.165600000000000001e-04
2.166400000000000129e-04
2.167199999999999986e-04
2.168000000000000114e-04
2.168799999999999970e-04
2.169600000000000098e-04
2.170399999999999955e-04
2.171200000000000083e-04
2.171999999999999940e-04
2.172800000000000068e-04
2.173599999999999925e-04
2.174400000000000052e-04
2.175200000000000180e-04
2.176000000000000037e-04
2.176800000000000165e-04
2.177600000000000022e-04
2.178400000000000150e-04
2.179200000000000006e-04
2.180000000000000134e-04
2.180799999999999991e-04
2.181600000000000119e-04
2.182399999999999976e-04
2.183200000000000104e-04
2.183999999999999960e-04
2.184800000000000088e-04
2.185599999999999945e-04
2.186400000000000073e-04
2.187199999999999930e-04
2.188000000000000058e-04
2.188799999999999915e-04
2.189600000000000042e-04
2.190400000000000170e-04
2.191200000000000027e-04
2.192000000000000155e-04
2.192800000000000012e-04
2.193600000000000140e-04
2.194399999999999996e-04
2.195200000000000124e-04
2.195999999999999981e-04
2.196800000000000109e-04
2.197599999999999966e-04
2.198400000000000094e-04
2.199199999999999950e-04
2.200000000000000078e-04
2.200799999999999935e-04
2.201600000000000063e-04
2.202399999999999920e-04
2.203200000000000048e-04
2.204000000000000176e-04
2.204800000000000032e-04
2.205600000000000160e-04
2.206400000000000017e-04
2.207200000000000145e-04
2.208000000000000002e-04
2.208800000000000130e-04
2.209599999999999986e-04
2.210400000000000114e-04
2.211199999999999971e-04
2.212000000000000099e-04
2.212799999999999956e-04
2.213600000000000084e-04
2.214399999999999940e-04
2.215200000000000068e-04
2.215999999999999925e-04
2.216800000000000053e-04
2.217600000000000181e-04
2.218400000000000038e-04
2.219200000000000166e-04
2.220000000000000022e-04
2.220800000000000150e-04
2.221600000000000007e-04
2.222400000000000135e-04
2.223199999999999992e-04
2.224000000000000120e-04
2.224799999999999976e-04
2.225600000000000104e-04
2.226399999999999961e-04
2.227200000000000089e-04
2.227999999999999946e-04
2.228800000000000074e-04
2.229599999999999930e-04
2.230400000000000058e-04
2.231199999999999915e-04
2.232000000000000043e-04
2.232800000000000171e-04
2.233600000000000028e-04
2.234400000000000156e-04
2.235200000000000012e-04
2.236000000000000140e-04
2.236799999999999997e-04
2.237600000000000125e-04
2.238399999999999982e-04
2.239200000000000110e-04
2.239999999999999966e-04
2.240800000000000094e-04
2.241599999999999951e-04
2.242400000000000079e-04
2.243199999999999936e-04
2.244000000000000064e-04
2.244799999999999920e-04
2.245600000000000048e-04
2.246400000000000176e-04
2.247200000000000033e-04
2.248000000000000161e-04
2.248800000000000018e-04
2.249600000000000146e-04
2.250400000000000002e-04
2.251200000000000130e-04
2.251999999999999987e-04
2.252800000000000115e-04
2.253599999999999972e-04
2.254400000000000100e-04
2.255199999999999956e-04
2.256000000000000084e-04
2.256799999999999941e-04
2.257600000000000069e-04
2.258399999999999926e-04
2.259200000000000054e-04
2.260000000000000181e-04
2.260800000000000038e-04
2.261600000000000166e-04
2.262400000000000023e-04
2.263200000000000151e-04
2.264000000000000008e-04
2.264800000000000136e-04
2.265599999999999992e-04
2.266400000000000120e-04
2.267199999999999977e-04
2.268000000000000105e-04
2.268799999999999962e-04
2.269600000000000090e-04
2.270399999999999946e-04
2.271200000000000074e-04
2.271999999999999931e-04
2.272800000000000059e-04
2.273599999999999916e-04
2.274400000000000044e-04
2.275200000000000171e-04
2.276000000000000028e-04
2.276800000000000156e-04
2.277600000000000013e-04
2.278400000000000141e-04
2.279199999999999998e-04
2.280000000000000126e-04
2.280799999999999982e-04
2.281600000000000110e-04
2.282399999999999967e-04
2.283200000000000095e-04
2.283999999999999952e-04
2.284800000000000080e-04
2.285599999999999936e-04
2.286400000000000064e-04
2.287199999999999921e-04
2.288000000000000049e-04
2.288800000000000177e-04
2.289600000000000034e-04
2.290400000000000161e-04
2.291200000000000018e-04
2.292000000000000146e-04
2.292800000000000003e-04
2.293600000000000131e-04
2.294399999999999988e-04
2.295200000000000116e-04
2.295999999999999972e-04
2.296800000000000100e-04
2.297599999999999957e-04
2.298400000000000085e-04
2.299199999999999942e-04
2.300000000000000070e-04
2.300799999999999926e-04
2.301600000000000054e-04
2.302400000000000182e-04
2.303200000000000039e-04
2.304000000000000167e-04
2.304800000000000024e-04
2.305600000000000151e-04
2.306400000000000008e-04
2.307200000000000136e-04
2.307999999999999993e-04
2.308800000000000121e-04
2.309599999999999978e-04
2.310400000000000106e-04
2.311199999999999962e-04
2.312000000000000090e-04
2.312799999999999947e-04
2.313600000000000075e-04
2.314399999999999932e-04
2.315200000000000060e-04
2.315999999999999916e-04
2.316800000000000044e-04
2.317600000000000172e-04
2.318400000000000029e-04
2.319200000000000157e-04
2.320000000000000014e-04
2.320800000000000141e-04
2.321599999999999998e-04
2.322400000000000126e-04
2.323199999999999983e-04
2.324000000000000111e-04
2.324799999999999968e-04
2.325600000000000096e-04
2.326399999999999952e-04
2.327200000000000080e-04
2.327999999999999937e-04
2.328800000000000065e-04
2.329599999999999922e-04
2.330400000000000050e-04
2.331200000000000177e-04
2.332000000000000034e-04
2.332800000000000162e-04
2.333600000000000019e-04
2.334400000000000147e-04
2.335200000000000004e-04
2.336000000000000131e-04
2.336799999999999988e-04
2.337600000000000116e-04
2.338399999999999973e-04
2.339200000000000101e-04
2.339999999999999958e-04
2.340800000000000086e-04
2.341599999999999942e-04
2.342400000000000070e-04
2.343199999999999927e-04
2.344000000000000055e-04
2.344800000000000183e-04
2.345600000000000040e-04
2.346400000000000167e-04
2.347200000000000024e-04
2.348000000000000152e-04
2.348800000000000009e-04
2.349600000000000137e-04
2.350399999999999994e-04
2.351200000000000121e-04
2.351999999999999978e-04
2.352800000000000106e-04
2.353599999999999963e-04
2.354400000000000091e-04
2.355199999999999948e-04
2.356000000000000075e-04
2.356799999999999932e-04
2.357600000000000060e-04
2.358399999999999917e-04
2.359200000000000045e-04
2.360000000000000173e-04
2.360800000000000030e-04
2.361600000000000157e-04
2.362400000000000014e-04
2.363200000000000142e-04
2.363999999999999999e-04
2.364800000000000127e-04
2.365599999999999984e-04
2.366400000000000111e-04
2.367199999999999968e-04
2.368000000000000096e-04
2.368799999999999953e-04
2.369600000000000081e-04
2.370399999999999938e-04
2.371200000000000065e-04
2.371999999999999922e-04
2.372800000000000050e-04
2.373600000000000178e-04
2.374400000000000035e-04
2.375200000000000163e-04
2.376000000000000020e-04
2.376800000000000147e-04
2.377600000000000004e-04
2.378400000000000132e-04
2.379199999999999989e-04
2.380000000000000117e-04
2.380799999999999974e-04
2.381600000000000101e-04
2.382399999999999958e-04
2.383200000000000086e-04
2.383999999999999943e-04
2.384800000000000071e-04
2.385599999999999928e-04
2.386400000000000055e-04
2.387200000000000183e-04
2.388000000000000040e-04
2.388800000000000168e-04
2.389600000000000025e-04
2.390400000000000153e-04
2.391200000000000010e-04
2.392000000000000137e-04
2.392799999999999994e-04
2.393600000000000122e-04
2.394399999999999979e-04
2.395200000000000107e-04
2.395999999999999964e-04
2.396800000000000091e-04
2.397599999999999948e-04
2.398400000000000076e-04
2.399199999999999933e-04
2.400000000000000061e-04
2.400799999999999918e-04
2.401600000000000045e-04
2.402400000000000173e-04
2.403200000000000030e-04
2.404000000000000158e-04
2.404800000000000015e-04
2.405600000000000143e-04
2.406400000000000000e-04
2.407200000000000127e-04
2.407999999999999984e-04
2.408800000000000112e-04
2.409599999999999969e-04
2.410400000000000097e-04
2.411199999999999954e-04
2.412000000000000081e-04
2.412799999999999938e-04
2.413600000000000066e-04
2.414399999999999923e-04
2.415200000000000051e-04
2.416000000000000179e-04
2.416800000000000035e-04
2.417600000000000163e-04
2.418400000000000020e-04
2.419200000000000148e-04
2.420000000000000005e-04
2.420800000000000133e-04
2.421599999999999990e-04
2.422400000000000117e-04
2.423199999999999974e-04
2.424000000000000102e-04
2.424799999999999959e-04
2.425600000000000087e-04
2.426399999999999944e-04
2.427200000000000071e-04
2.427999999999999928e-04
2.428800000000000056e-04
2.429600000000000184e-04
2.430400000000000041e-04
2.431200000000000169e-04
2.432000000000000025e-04
2.432800000000000153e-04
2.433600000000000010e-04
2.434400000000000138e-04
2.435199999999999995e-04
2.436000000000000123e-04
2.436799999999999980e-04
2.437600000000000107e-04
2.438399999999999964e-04
2.439200000000000092e-04
2.439999999999999949e-04
2.440800000000000077e-04
2.441599999999999934e-04
2.442400000000000061e-04
2.443200000000000189e-04
2.444000000000000317e-04
2.444799999999999903e-04
2.445600000000000031e-04
2.446400000000000159e-04
2.447200000000000287e-04
2.447999999999999872e-04
2.448800000000000000e-04
2.449600000000000128e-04
2.450400000000000256e-04
2.451199999999999842e-04
2.451999999999999970e-04
2.452800000000000097e-04
2.453600000000000225e-04
2.454399999999999811e-04
2.455199999999999939e-04
2.456000000000000067e-04
2.456800000000000195e-04
2.457600000000000322e-04
2.458399999999999908e-04
2.459200000000000036e-04
2.460000000000000164e-04
2.460800000000000292e-04
2.461599999999999878e-04
2.462400000000000005e-04
2.463200000000000133e-04
2.464000000000000261e-04
2.464799999999999847e-04
2.465599999999999975e-04
2.466400000000000103e-04
2.467200000000000231e-04
2.467999999999999816e-04
2.468799999999999944e-04
2.469600000000000072e-04
2.470400000000000200e-04
2.471199999999999786e-04
2.471999999999999914e-04
2.472800000000000041e-04
2.473600000000000169e-04
2.474400000000000297e-04
2.475199999999999883e-04
2.476000000000000011e-04
2.476800000000000139e-04
2.477600000000000267e-04
2.478399999999999852e-04
2.479199999999999980e-04
2.480000000000000108e-04
2.480800000000000236e-04
2.481599999999999822e-04
2.482399999999999950e-04
2.483200000000000077e-04
2.484000000000000205e-04
2.484799999999999791e-04
2.485599999999999919e-04
2.486400000000000047e-04
2.487200000000000175e-04
2.488000000000000302e-04
2.488799999999999888e-04
2.489600000000000016e-04
2.490400000000000144e-04
2.491200000000000272e-04
2.491999999999999858e-04
2.492799999999999985e-04
2.493600000000000113e-04
2.494400000000000241e-04
2.495199999999999827e-04
2.495999999999999955e-04
2.496800000000000083e-04
2.497600000000000211e-04
2.498399999999999796e-04
2.499199999999999924e-04
2.500000000000000052e-04
2.500800000000000180e-04
2.501600000000000308e-04
2.502399999999999894e-04
2.503200000000000021e-04
2.504000000000000149e-04
2.504800000000000277e-04
2.505599999999999863e-04
2.506399999999999991e-04
2.507200000000000119e-04
2.508000000000000246e-04
2.508799999999999832e-04
2.509599999999999960e-04
2.510400000000000088e-04
2.511200000000000216e-04
2.511999999999999802e-04
2.512799999999999929e-04
2.513600000000000057e-04
2.514400000000000185e-04
2.515200000000000313e-04
2.515999999999999899e-04
2.516800000000000027e-04
2.517600000000000155e-04
2.518400000000000282e-04
2.519199999999999868e-04
2.519999999999999996e-04
2.520800000000000124e-04
2.521600000000000252e-04
2.522399999999999838e-04
2.523199999999999965e-04
2.524000000000000093e-04
2.524800000000000221e-04
2.525599999999999807e-04
2.526399999999999935e-04
2.527200000000000063e-04
2.528000000000000191e-04
2.528800000000000318e-04
2.529599999999999904e-04
2.530400000000000032e-04
2.531200000000000160e-04
2.532000000000000288e-04
2.532799999999999874e-04
2.533600000000000001e-04
2.534400000000000129e-04
2.535200000000000257e-04
2.535999999999999843e-04
2.536799999999999971e-04
2.537600000000000099e-04
2.538400000000000226e-04
2.539199999999999812e-04
2.539999999999999940e-04
2.540800000000000068e-04
2.541600000000000196e-04
2.542400000000000324e-04
2.543199999999999909e-04
2.544000000000000037e-04
2.544800000000000165e-04
2.545600000000000293e-04
2.546399999999999879e-04
2.547200000000000007e-04
2.548000000000000135e-04
2.548800000000000262e-04
2.549599999999999848e-04
2.550399999999999976e-04
2.551200000000000104e-04
2.552000000000000232e-04
2.552799999999999818e-04
2.553599999999999945e-04
2.554400000000000073e-04
2.555200000000000201e-04
2.555999999999999787e-04
2.556799999999999915e-04
2.557600000000000043e-04
2.558400000000000171e-04
2.559200000000000298e-04
2.559999999999999884e-04
2.560800000000000012e-04
2.561600000000000140e-04
2.562400000000000268e-04
2.563199999999999854e-04
2.563999999999999981e-04
2.564800000000000109e-04
2.565600000000000237e-04
2.566399999999999823e-04
2.567199999999999951e-04
2.568000000000000079e-04
2.568800000000000206e-04
2.569599999999999792e-04
2.570399999999999920e-04
2.571200000000000048e-04
2.572000000000000176e-04
2.572800000000000304e-04
2.573599999999999889e-04
2.574400000000000017e-04
2.575200000000000145e-04
2.576000000000000273e-04
2.576799999999999859e-04
2.577599999999999987e-04
2.578400000000000115e-04
2.579200000000000242e-04
2.579999999999999828e-04
2.580799999999999956e-04
2.581600000000000084e-04
2.582400000000000212e-04
2.583199999999999798e-04
2.583999999999999925e-04
2.584800000000000053e-04
2.585600000000000181e-04
2.586400000000000309e-04
2.587199999999999895e-04
2.588000000000000023e-04
2.588800000000000151e-04
2.589600000000000278e-04
2.590399999999999864e-04
2.591199999999999992e-04
2.592000000000000120e-04
2.592800000000000248e-04
2.593599999999999834e-04
2.594399999999999961e-04
2.595200000000000089e-04
2.596000000000000217e-04
2.596799999999999803e-04
2.597599999999999931e-04
2.598400000000000059e-04
2.599200000000000186e-04
2.600000000000000314e-04
2.600799999999999900e-04
2.601600000000000028e-04
2.602400000000000156e-04
2.603200000000000284e-04
2.603999999999999869e-04
2.604799999999999997e-04
2.605600000000000125e-04
2.606400000000000253e-04
2.607199999999999839e-04
2.607999999999999967e-04
2.608800000000000095e-04
2.609600000000000222e-04
2.610399999999999808e-04
2.611199999999999936e-04
2.612000000000000064e-04
2.612800000000000192e-04
2.613600000000000320e-04
2.614399999999999905e-04
2.615200000000000033e-04
2.616000000000000161e-04
2.616800000000000289e-04
2.617599999999999875e-04
2.618400000000000003e-04
2.619200000000000131e-04
2.620000000000000258e-04
2.620799999999999844e-04
2.621599999999999972e-04
2.622400000000000100e-04
2.623200000000000228e-04
2.623999999999999813e-04
2.624799999999999941e-04
2.625600000000000069e-04
2.626400000000000197e-04
2.627200000000000325e-04
2.627999999999999911e-04
2.628800000000000039e-04
2.629600000000000166e-04
2.630400000000000294e-04
2.631199999999999880e-04
2.632000000000000008e-04
2.632800000000000136e-04
2.633600000000000264e-04
2.634399999999999849e-04
2.635199999999999977e-04
2.636000000000000105e-04
2.636800000000000233e-04
2.637599999999999819e-04
2.638399999999999947e-04
2.639200000000000075e-04
2.640000000000000202e-04
2.640799999999999788e-04
2.641599999999999916e-04
2.642400000000000044e-04
2.643200000000000172e-04
2.644000000000000300e-04
2.644799999999999885e-04
2.645600000000000013e-04
2.646400000000000141e-04
2.647200000000000269e-04
2.647999999999999855e-04
2.648799999999999983e-04
2.649600000000000110e-04
2.650400000000000238e-04
2.651199999999999824e-04
2.651999999999999952e-04
2.652800000000000080e-04
2.653600000000000208e-04
2.654399999999999793e-04
2.655199999999999921e-04
2.656000000000000049e-04
2.656800000000000177e-04
2.657600000000000305e-04
2.658399999999999891e-04
2.659200000000000019e-04
2.660000000000000146e-04
2.660800000000000274e-04
2.661599999999999860e-04
2.662399999999999988e-04
2.663200000000000116e-04
2.664000000000000244e-04
2.664799999999999829e-04
2.665599999999999957e-04
2.666400000000000085e-04
2.667200000000000213e-04
2.667999999999999799e-04
2.668799999999999927e-04
2.669600000000000055e-04
2.670400000000000182e-04
2.671200000000000310e-04
2.671999999999999896e-04
2.672800000000000024e-04
2.673600000000000152e-04
2.674400000000000280e-04
2.675199999999999865e-04
2.675999999999999993e-04
2.676800000000000121e-04
2.677600000000000249e-04
2.678399999999999835e-04
2.679199999999999963e-04
2.680000000000000090e-04
2.680800000000000218e-04
2.681599999999999804e-04
2.682399999999999932e-04
2.683200000000000060e-04
2.684000000000000188e-04
2.684800000000000316e-04
2.685599999999999901e-04
2.686400000000000029e-04
2.687200000000000157e-04
2.688000000000000285e-04
2.688799999999999871e-04
2.689599999999999999e-04
2.690400000000000126e-04
2.691200000000000254e-04
2.691999999999999840e-04
2.692799999999999968e-04
2.693600000000000096e-04
2.694400000000000224e-04
2.695199999999999809e-04
2.695999999999999937e-04
2.696800000000000065e-04
2.697600000000000193e-04
2.698400000000000321e-04
2.699199999999999907e-04
2.700000000000000035e-04
2.700800000000000162e-04
2.701600000000000290e-04
2.702399999999999876e-04
2.703200000000000004e-04
2.704000000000000132e-04
2.704800000000000260e-04
2.705599999999999845e-04
2.706399999999999973e-04
2.707200000000000101e-04
2.708000000000000229e-04
2.708799999999999815e-04
2.709599999999999943e-04
2.710400000000000070e-04
2.711200000000000198e-04
2.712000000000000326e-04
2.712799999999999912e-04
2.713600000000000040e-04
2.714400000000000168e-04
2.715200000000000296e-04
2.715999999999999881e-04
2.716800000000000009e-04
2.717600000000000137e-04
2.718400000000000265e-04
2.719199999999999851e-04
2.719999999999999979e-04
2.720800000000000106e-04
2.721600000000000234e-04
2.722399999999999820e-04
2.723199999999999948e-04
2.724000000000000076e-04
2.724800000000000204e-04
2.725599999999999789e-04
2.726399999999999917e-04
2.727200000000000045e-04
2.728000000000000173e-04
2.728800000000000301e-04
2.729599999999999887e-04
2.730400000000000015e-04
2.731200000000000142e-04
2.732000000000000270e-04
2.732799999999999856e-04
2.733599999999999984e-04
2.734400000000000112e-04
2.735200000000000240e-04
2.735999999999999825e-04
2.736799999999999953e-04
2.737600000000000081e-04
2.738400000000000209e-04
2.739199999999999795e-04
2.739999999999999923e-04
2.740800000000000050e-04
2.741600000000000178e-04
2.742400000000000306e-04
2.743199999999999892e-04
2.744000000000000020e-04
2.744800000000000148e-04
2.745600000000000276e-04
2.746399999999999861e-04
2.747199999999999989e-04
2.748000000000000117e-04
2.748800000000000245e-04
2.749599999999999831e-04
2.750399999999999959e-04
2.751200000000000086e-04
2.752000000000000214e-04
2.752799999999999800e-04
2.753599999999999928e-04
2.754400000000000056e-04
2.755200000000000184e-04
2.756000000000000312e-04
2.756799999999999897e-04
2.757600000000000025e-04
2.758400000000000153e-04
2.759200000000000281e-04
2.759999999999999867e-04
2.760799999999999995e-04
2.761600000000000122e-04
2.762400000000000250e-04
2.763199999999999836e-04
2.763999999999999964e-04
2.764800000000000092e-04
2.765600000000000220e-04
2.766399999999999805e-04
2.767199999999999933e-04
2.768000000000000061e-04
2.768800000000000189e-04
2.769600000000000317e-04
2.770399999999999903e-04
2.771200000000000030e-04
2.772000000000000158e-04
2.772800000000000286e-04
2.773599999999999872e-04
2.774400000000000000e-04
2.775200000000000128e-04
2.776000000000000256e-04
2.776799999999999841e-04
2.777599999999999969e-04
2.778400000000000097e-04
2.779200000000000225e-04
2.779999999999999811e-04
2.780799999999999939e-04
2.781600000000000066e-04
2.782400000000000194e-04
2.783200000000000322e-04
2.783999999999999908e-04
2.784800000000000036e-04
2.785600000000000164e-04
2.786400000000000291e-04
2.787199999999999877e-04
2.788000000000000005e-04
2.788800000000000133e-04
2.789600000000000261e-04
2.790399999999999847e-04
2.791199999999999974e-04
2.792000000000000102e-04
2.792800000000000230e-04
2.793599999999999816e-04
2.794399999999999944e-04
2.795200000000000072e-04
2.796000000000000200e-04
2.796800000000000327e-04
2.797599999999999913e-04
2.798400000000000041e-04
2.799200000000000169e-04
2.800000000000000297e-04
2.800799999999999883e-04
2.801600000000000010e-04
2.802400000000000138e-04
2.803200000000000266e-04
2.803999999999999852e-04
2.804799999999999980e-04
2.805600000000000108e-04
2.806400000000000236e-04
2.807199999999999821e-04
2.807999999999999949e-04
2.808800000000000077e-04
2.809600000000000205e-04
2.810399999999999791e-04
2.811199999999999919e-04
2.812000000000000046e-04
2.812800000000000174e-04
2.813600000000000302e-04
2.814399999999999888e-04
2.815200000000000016e-04
2.816000000000000144e-04
2.816800000000000271e-04
2.817599999999999857e-04
2.818399999999999985e-04
2.819200000000000113e-04
2.820000000000000241e-04
2.820799999999999827e-04
2.821599999999999954e-04
2.822400000000000082e-04
2.823200000000000210e-04
2.823999999999999796e-04
2.824799999999999924e-04
2.825600000000000052e-04
2.826400000000000180e-04
2.827200000000000307e-04
2.827999999999999893e-04
2.828800000000000021e-04
2.829600000000000149e-04
2.830400000000000277e-04
2.831199999999999863e-04
2.831999999999999990e-04
2.832800000000000118e-04
2.833600000000000246e-04
2.834399999999999832e-04
2.835199999999999960e-04
2.836000000000000088e-04
2.836800000000000216e-04
2.837599999999999801e-04
2.838399999999999929e-04
2.839200000000000057e-04
2.840000000000000185e-04
2.840800000000000313e-04
2.841599999999999899e-04
2.842400000000000026e-04
2.843200000000000154e-04
2.844000000000000282e-04
2.844799999999999868e-04
2.845599999999999996e-04
2.846400000000000124e-04
2.847200000000000251e-04
2.847999999999999837e-04
2.848799999999999965e-04
2.849600000000000093e-04
2.850400000000000221e-04
2.851199999999999807e-04
2.851999999999999934e-04
2.852800000000000062e-04
2.853600000000000190e-04
2.854400000000000318e-04
2.855199999999999904e-04
2.856000000000000032e-04
2.856800000000000160e-04
2.857600000000000287e-04
2.858399999999999873e-04
2.859200000000000001e-04
2.860000000000000129e-04
2.860800000000000257e-04
2.861599999999999843e-04
2.862399999999999970e-04
2.863200000000000098e-04
2.864000000000000226e-04
2.864799999999999812e-04
2.865599999999999940e-04
2.866400000000000068e-04
2.867200000000000196e-04
2.868000000000000323e-04
2.868799999999999909e-04
2.869600000000000037e-04
2.870400000000000165e-04
2.871200000000000293e-04
2.871999999999999879e-04
2.872800000000000006e-04
2.873600000000000134e-04
2.874400000000000262e-04
2.875199999999999848e-04
2.875999999999999976e-04
2.876800000000000104e-04
2.877600000000000231e-04
2.878399999999999817e-04
2.879199999999999945e-04
2.880000000000000073e-04
2.880800000000000201e-04
2.881600000000000329e-04
2.882399999999999914e-04
2.883200000000000042e-04
2.884000000000000170e-04
2.884800000000000298e-04
2.885599999999999884e-04
2.886400000000000012e-04
2.887200000000000140e-04
2.888000000000000267e-04
2.888799999999999853e-04
2.889599999999999981e-04
2.890400000000000109e-04
2.891200000000000237e-04
2.891999999999999823e-04
2.892799999999999950e-04
2.893600000000000078e-04
2.894400000000000206e-04
2.895199999999999792e-04
2.895999999999999920e-04
2.896800000000000048e-04
2.897600000000000176e-04
2.898400000000000303e-04
2.899199999999999889e-04
2.900000000000000017e-04
2.900800000000000145e-04
2.901600000000000273e-04
2.902399999999999858e-04
2.903199999999999986e-04
2.904000000000000114e-04
2.904800000000000242e-04
2.905599999999999828e-04
2.906399999999999956e-04
2.907200000000000084e-04
2.908000000000000211e-04
2.908799999999999797e-04
2.909599999999999925e-04
2.910400000000000053e-04
2.911200000000000181e-04
2.912000000000000309e-04
2.912799999999999894e-04
2.913600000000000022e-04
2.914400000000000150e-04
2.915200000000000278e-04
2.915999999999999864e-04
2.916799999999999992e-04
2.917600000000000120e-04
2.918400000000000247e-04
2.919199999999999833e-04
2.919999999999999961e-04
2.920800000000000089e-04
2.921600000000000217e-04
2.922399999999999803e-04
2.923199999999999930e-04
2.924000000000000058e-04
2.924800000000000186e-04
2.925600000000000314e-04
2.926399999999999900e-04
2.927200000000000028e-04
2.928000000000000155e-04
2.928800000000000283e-04
2.929599999999999869e-04
2.930399999999999997e-04
2.931200000000000125e-04
2.932000000000000253e-04
2.932799999999999838e-04
2.933599999999999966e-04
2.934400000000000094e-04
2.935200000000000222e-04
2.935999999999999808e-04
2.936799999999999936e-04
2.937600000000000064e-04
2.938400000000000191e-04
2.939200000000000319e-04
2.939999999999999905e-04
2.940800000000000033e-04
2.941600000000000161e-04
2.942400000000000289e-04
2.943199999999999874e-04
2.944000000000000002e-04
2.944800000000000130e-04
2.945600000000000258e-04
2.946399999999999844e-04
2.947199999999999972e-04
2.948000000000000100e-04
2.948800000000000227e-04
2.949599999999999813e-04
2.950399999999999941e-04
2.951200000000000069e-04
2.952000000000000197e-04
2.952800000000000325e-04
2.953599999999999910e-04
2.954400000000000038e-04
2.955200000000000166e-04
2.956000000000000294e-04
2.956799999999999880e-04
2.957600000000000008e-04
2.958400000000000135e-04
2.959200000000000263e-04
2.959999999999999849e-04
2.960799999999999977e-04
2.961600000000000105e-04
2.962400000000000233e-04
2.963199999999999818e-04
2.963999999999999946e-04
2.964800000000000074e-04
2.965600000000000202e-04
2.966400000000000330e-04
2.967199999999999916e-04
2.968000000000000044e-04
2.968800000000000171e-04
2.969600000000000299e-04
2.970399999999999885e-04
2.971200000000000013e-04
2.972000000000000141e-04
2.972800000000000269e-04
2.973599999999999854e-04
2.974399999999999982e-04
2.975200000000000110e-04
2.976000000000000238e-04
2.976799999999999824e-04
2.977599999999999952e-04
2.978400000000000080e-04
2.979200000000000207e-04
2.979999999999999793e-04
2.980799999999999921e-04
2.981600000000000049e-04
2.982400000000000177e-04
2.983200000000000305e-04
2.983999999999999890e-04
2.984800000000000018e-04
2.985600000000000146e-04
2.986400000000000274e-04
2.987199999999999860e-04
2.987999999999999988e-04
2.988800000000000115e-04
2.989600000000000243e-04
2.990399999999999829e-04
2.991199999999999957e-04
2.992000000000000085e-04
2.992800000000000213e-04
2.993599999999999798e-04
2.994399999999999926e-04
2.995200000000000054e-04
2.996000000000000182e-04
2.996800000000000310e-04
2.997599999999999896e-04
2.998400000000000024e-04
2.999200000000000151e-04
3.000000000000000279e-04
3.000799999999999865e-04
3.001599999999999993e-04
3.002400000000000121e-04
3.003200000000000249e-04
3.003999999999999834e-04
3.004799999999999962e-04
3.005600000000000090e-04
3.006400000000000218e-04
3.007199999999999804e-04
3.007999999999999932e-04
3.008800000000000060e-04
3.009600000000000187e-04
3.010400000000000315e-04
3.011199999999999901e-04
3.012000000000000029e-04
3.012800000000000157e-04
3.013600000000000285e-04
3.014399999999999870e-04
3.015199999999999998e-04
3.016000000000000126e-04
3.016800000000000254e-04
3.017599999999999840e-04
3.018399999999999968e-04
3.019200000000000095e-04
3.020000000000000223e-04
3.020799999999999809e-04
3.021599999999999937e-04
3.022400000000000065e-04
3.023200000000000193e-04
3.024000000000000321e-04
3.024799999999999906e-04
3.025600000000000034e-04
3.026400000000000162e-04
3.027200000000000290e-04
3.027999999999999876e-04
3.028800000000000004e-04
3.029600000000000131e-04
3.030400000000000259e-04
3.031199999999999845e-04
3.031999999999999973e-04
3.032800000000000101e-04
3.033600000000000229e-04
3.034399999999999814e-04
3.035199999999999942e-04
3.036000000000000070e-04
3.036800000000000198e-04
3.037600000000000326e-04
3.038399999999999912e-04
3.039200000000000040e-04
3.040000000000000167e-04
3.040800000000000295e-04
3.041599999999999881e-04
3.042400000000000009e-04
3.043200000000000137e-04
3.044000000000000265e-04
3.044799999999999850e-04
3.045599999999999978e-04
3.046400000000000106e-04
3.047200000000000234e-04
3.047999999999999820e-04
3.048799999999999948e-04
3.049600000000000075e-04
3.050400000000000203e-04
3.051200000000000331e-04
3.051999999999999917e-04
3.052800000000000045e-04
3.053600000000000173e-04
3.054400000000000301e-04
3.055199999999999886e-04
3.056000000000000014e-04
3.056800000000000142e-04
3.057600000000000270e-04
3.058399999999999856e-04
3.059199999999999984e-04
3.060000000000000111e-04
3.060800000000000239e-04
3.061599999999999825e-04
3.062399999999999953e-04
3.063200000000000081e-04
3.064000000000000209e-04
3.064799999999999794e-04
3.065599999999999922e-04
3.066400000000000050e-04
3.067200000000000178e-04
3.068000000000000306e-04
3.068799999999999892e-04
3.069600000000000019e-04
3.070400000000000147e-04
3.071200000000000275e-04
3.071999999999999861e-04
3.072799999999999989e-04
3.073600000000000117e-04
3.074400000000000245e-04
3.075199999999999830e-04
3.075999999999999958e-04
3.076800000000000086e-04
3.077600000000000214e-04
3.078399999999999800e-04
3.079199999999999928e-04
3.080000000000000055e-04
3.080800000000000183e-04
3.081600000000000311e-04
3.082399999999999897e-04
3.083200000000000025e-04
3.084000000000000153e-04
3.084800000000000281e-04
3.085599999999999866e-04
3.086399999999999994e-04
3.087200000000000122e-04
3.088000000000000250e-04
3.088799999999999836e-04
3.089599999999999964e-04
3.090400000000000091e-04
3.091200000000000219e-04
3.091999999999999805e-04
3.092799999999999933e-04
3.093600000000000061e-04
3.094400000000000189e-04
3.095200000000000316e-04
3.095999999999999902e-04
3.096800000000000030e-04
3.097600000000000158e-04
3.098400000000000286e-04
3.099199999999999872e-04
3.099999999999999999e-04
3.100800000000000127e-04
3.101600000000000255e-04
3.102399999999999841e-04
3.103199999999999969e-04
3.104000000000000097e-04
3.104800000000000225e-04
3.105599999999999810e-04
3.106399999999999938e-04
3.107200000000000066e-04
3.108000000000000194e-04
3.108800000000000322e-04
3.109599999999999908e-04
3.110400000000000035e-04
3.111200000000000163e-04
3.112000000000000291e-04
3.112799999999999877e-04
3.113600000000000005e-04
3.114400000000000133e-04
3.115200000000000261e-04
3.115999999999999846e-04
3.116799999999999974e-04
3.117600000000000102e-04
3.118400000000000230e-04
3.119199999999999816e-04
3.119999999999999944e-04
3.120800000000000071e-04
3.121600000000000199e-04
3.122400000000000327e-04
3.123199999999999913e-04
3.124000000000000041e-04
3.124800000000000169e-04
3.125600000000000296e-04
3.126399999999999882e-04
3.127200000000000010e-04
3.128000000000000138e-04
3.128800000000000266e-04
3.129599999999999852e-04
3.130399999999999979e-04
3.131200000000000107e-04
3.132000000000000235e-04
3.132799999999999821e-04
3.133599999999999949e-04
3.134400000000000077e-04
3.135200000000000205e-04
3.136000000000000332e-04
3.136799999999999918e-04
3.137600000000000046e-04
3.138400000000000174e-04
3.139200000000000302e-04
3.139999999999999888e-04
3.140800000000000015e-04
3.141600000000000143e-04
3.142400000000000271e-04
3.143199999999999857e-04
3.143999999999999985e-04
3.144800000000000113e-04
3.145600000000000241e-04
3.146399999999999826e-04
3.147199999999999954e-04
3.148000000000000082e-04
3.148800000000000210e-04
3.149599999999999796e-04
3.150399999999999924e-04
3.151200000000000051e-04
3.152000000000000179e-04
3.152800000000000307e-04
3.153599999999999893e-04
3.154400000000000021e-04
3.155200000000000149e-04
3.156000000000000276e-04
3.156799999999999862e-04
3.157599999999999990e-04
3.158400000000000118e-04
3.159200000000000246e-04
3.159999999999999832e-04
3.160799999999999959e-04
3.161600000000000087e-04
3.162400000000000215e-04
3.163199999999999801e-04
3.163999999999999929e-04
3.164800000000000057e-04
3.165600000000000185e-04
3.166400000000000312e-04
3.167199999999999898e-04
3.168000000000000026e-04
3.168800000000000154e-04
3.169600000000000282e-04
3.170399999999999868e-04
3.171199999999999995e-04
3.172000000000000123e-04
3.172800000000000251e-04
3.173599999999999837e-04
