0.000000000000000000e+00
5.120000000000000107e-06
1.024000000000000021e-05
1.536000000000000202e-05
2.048000000000000043e-05
2.559999999999999884e-05
3.072000000000000403e-05
3.584000000000000244e-05
4.096000000000000086e-05
4.607999999999999927e-05
5.119999999999999768e-05
5.632000000000000287e-05
6.144000000000000806e-05
6.655999999999999970e-05
7.168000000000000489e-05
7.679999999999999652e-05
8.192000000000000171e-05
8.704000000000000690e-05
9.215999999999999854e-05
9.728000000000000373e-05
1.023999999999999954e-04
1.075200000000000006e-04
1.126400000000000057e-04
1.177599999999999974e-04
1.228800000000000161e-04
1.279999999999999942e-04
1.331199999999999994e-04
1.382400000000000046e-04
1.433600000000000098e-04
1.484800000000000150e-04
1.535999999999999930e-04
1.587199999999999982e-04
1.638400000000000034e-04
1.689600000000000086e-04
1.740800000000000138e-04
1.791999999999999919e-04
1.843199999999999971e-04
1.894400000000000023e-04
1.945600000000000075e-04
1.996800000000000126e-04
2.047999999999999907e-04
2.099199999999999959e-04
2.150400000000000011e-04
2.201600000000000063e-04
2.252800000000000115e-04
2.304000000000000167e-04
2.355199999999999948e-04
2.406400000000000000e-04
2.457600000000000322e-04
2.508799999999999832e-04
2.559999999999999884e-04
2.611199999999999936e-04
2.662399999999999988e-04
2.713600000000000040e-04
2.764800000000000092e-04
2.816000000000000144e-04
2.867200000000000196e-04
2.918400000000000247e-04
2.969600000000000299e-04
3.020799999999999809e-04
3.071999999999999861e-04
3.123199999999999913e-04
3.174399999999999965e-04
3.225600000000000017e-04
3.276800000000000069e-04
3.328000000000000120e-04
3.379200000000000172e-04
3.430400000000000224e-04
3.481600000000000276e-04
3.532800000000000328e-04
3.583999999999999838e-04
3.635199999999999890e-04
3.686399999999999942e-04
3.737599999999999993e-04
3.788800000000000045e-04
3.840000000000000097e-04
3.891200000000000149e-04
3.942400000000000201e-04
3.993600000000000253e-04
4.044800000000000305e-04
4.095999999999999815e-04
4.147199999999999867e-04
4.198399999999999918e-04
4.249599999999999970e-04
4.300800000000000022e-04
4.352000000000000074e-04
4.403200000000000126e-04
4.454400000000000178e-04
4.505600000000000230e-04
4.556800000000000282e-04
4.608000000000000334e-04
4.659199999999999843e-04
4.710399999999999895e-04
4.761599999999999947e-04
4.812799999999999999e-04
4.864000000000000051e-04
4.915200000000000645e-04
4.966400000000000155e-04
5.017599999999999665e-04
5.068800000000000259e-04
5.119999999999999768e-04
5.171200000000000362e-04
5.222399999999999872e-04
5.273600000000000466e-04
5.324799999999999976e-04
5.376000000000000570e-04
5.427200000000000080e-04
5.478399999999999589e-04
5.529600000000000183e-04
5.580799999999999693e-04
5.632000000000000287e-04
5.683199999999999797e-04
5.734400000000000391e-04
5.785599999999999901e-04
5.836800000000000495e-04
5.888000000000000005e-04
5.939200000000000599e-04
5.990400000000000108e-04
6.041599999999999618e-04
6.092800000000000212e-04
6.143999999999999722e-04
6.195200000000000316e-04
6.246399999999999826e-04
6.297600000000000420e-04
6.348799999999999930e-04
6.400000000000000524e-04
6.451200000000000033e-04
6.502400000000000627e-04
6.553600000000000137e-04
6.604799999999999647e-04
6.656000000000000241e-04
6.707199999999999751e-04
6.758400000000000345e-04
6.809599999999999854e-04
6.860800000000000448e-04
6.911999999999999958e-04
6.963200000000000552e-04
7.014400000000000062e-04
7.065600000000000656e-04
7.116800000000000166e-04
7.167999999999999676e-04
7.219200000000000270e-04
7.270399999999999779e-04
7.321600000000000373e-04
7.372799999999999883e-04
7.424000000000000477e-04
7.475199999999999987e-04
7.526400000000000581e-04
7.577600000000000091e-04
7.628800000000000685e-04
7.680000000000000195e-04
7.731199999999999704e-04
7.782400000000000298e-04
7.833599999999999808e-04
7.884800000000000402e-04
7.935999999999999912e-04
7.987200000000000506e-04
8.038400000000000016e-04
8.089600000000000610e-04
8.140800000000000120e-04
8.191999999999999629e-04
8.243200000000000223e-04
8.294399999999999733e-04
8.345600000000000327e-04
8.396799999999999837e-04
8.448000000000000431e-04
8.499199999999999941e-04
8.550400000000000535e-04
8.601600000000000044e-04
8.652800000000000638e-04
8.704000000000000148e-04
8.755199999999999658e-04
8.806400000000000252e-04
8.857599999999999762e-04
8.908800000000000356e-04
8.959999999999999866e-04
9.011200000000000460e-04
9.062399999999999969e-04
9.113600000000000563e-04
9.164800000000000073e-04
9.216000000000000667e-04
9.267200000000000177e-04
9.318399999999999687e-04
9.369600000000000281e-04
9.420799999999999791e-04
9.472000000000000385e-04
9.523199999999999894e-04
9.574400000000000488e-04
9.625599999999999998e-04
9.676800000000000592e-04
9.728000000000000102e-04
9.779199999999999612e-04
9.830400000000001290e-04
9.881600000000000800e-04
9.932800000000000309e-04
9.983999999999999819e-04
1.003519999999999933e-03
1.008640000000000101e-03
1.013760000000000052e-03
1.018880000000000003e-03
1.023999999999999954e-03
1.029120000000000121e-03
1.034240000000000072e-03
1.039360000000000023e-03
1.044479999999999974e-03
1.049599999999999925e-03
1.054720000000000093e-03
1.059840000000000044e-03
1.064959999999999995e-03
1.070079999999999946e-03
1.075200000000000114e-03
1.080320000000000065e-03
1.085440000000000016e-03
1.090559999999999967e-03
1.095679999999999918e-03
1.100800000000000086e-03
1.105920000000000037e-03
1.111039999999999988e-03
1.116159999999999939e-03
1.121280000000000106e-03
1.126400000000000057e-03
1.131520000000000008e-03
1.136639999999999959e-03
1.141760000000000127e-03
1.146880000000000078e-03
1.152000000000000029e-03
1.157119999999999980e-03
1.162239999999999931e-03
1.167360000000000099e-03
1.172480000000000050e-03
1.177600000000000001e-03
1.182719999999999952e-03
1.187840000000000120e-03
1.192960000000000071e-03
1.198080000000000022e-03
1.203199999999999973e-03
1.208319999999999924e-03
1.213440000000000091e-03
1.218560000000000042e-03
1.223679999999999993e-03
1.228799999999999944e-03
1.233920000000000112e-03
1.239040000000000063e-03
1.244160000000000014e-03
1.249279999999999965e-03
1.254400000000000133e-03
1.259520000000000084e-03
1.264640000000000035e-03
1.269759999999999986e-03
1.274879999999999937e-03
1.280000000000000105e-03
1.285120000000000056e-03
1.290240000000000007e-03
1.295359999999999958e-03
1.300480000000000125e-03
1.305600000000000076e-03
1.310720000000000027e-03
1.315839999999999978e-03
1.320959999999999929e-03
1.326080000000000097e-03
1.331200000000000048e-03
1.336319999999999999e-03
1.341439999999999950e-03
1.346560000000000118e-03
1.351680000000000069e-03
1.356800000000000020e-03
1.361919999999999971e-03
1.367039999999999922e-03
1.372160000000000090e-03
1.377280000000000041e-03
1.382399999999999992e-03
1.387519999999999943e-03
1.392640000000000110e-03
1.397760000000000061e-03
1.402880000000000012e-03
1.407999999999999963e-03
1.413120000000000131e-03
1.418240000000000082e-03
1.423360000000000033e-03
1.428479999999999984e-03
1.433599999999999935e-03
1.438720000000000103e-03
1.443840000000000054e-03
1.448960000000000005e-03
1.454079999999999956e-03
1.459200000000000124e-03
1.464320000000000075e-03
1.469440000000000026e-03
1.474559999999999977e-03
1.479679999999999928e-03
1.484800000000000095e-03
1.489920000000000046e-03
1.495039999999999997e-03
1.500159999999999948e-03
1.505280000000000116e-03
1.510400000000000067e-03
1.515520000000000018e-03
1.520639999999999969e-03
1.525760000000000137e-03
1.530880000000000088e-03
1.536000000000000039e-03
1.541119999999999990e-03
1.546239999999999941e-03
1.551360000000000109e-03
1.556480000000000060e-03
1.561600000000000011e-03
1.566719999999999962e-03
1.571840000000000129e-03
1.576960000000000080e-03
1.582080000000000031e-03
1.587199999999999982e-03
1.592319999999999933e-03
1.597440000000000101e-03
1.602560000000000052e-03
1.607680000000000003e-03
1.612799999999999954e-03
1.617920000000000122e-03
1.623040000000000073e-03
1.628160000000000024e-03
1.633279999999999975e-03
1.638399999999999926e-03
1.643520000000000094e-03
1.648640000000000045e-03
1.653759999999999996e-03
1.658879999999999947e-03
1.664000000000000114e-03
1.669120000000000065e-03
1.674240000000000016e-03
1.679359999999999967e-03
1.684480000000000135e-03
1.689600000000000086e-03
1.694720000000000037e-03
1.699839999999999988e-03
1.704959999999999939e-03
1.710080000000000107e-03
1.715200000000000058e-03
1.720320000000000009e-03
1.725439999999999960e-03
1.730560000000000128e-03
1.735680000000000079e-03
1.740800000000000030e-03
1.745919999999999981e-03
1.751039999999999932e-03
1.756160000000000099e-03
1.761280000000000050e-03
1.766400000000000001e-03
1.771519999999999952e-03
1.776640000000000120e-03
1.781760000000000071e-03
1.786880000000000022e-03
1.791999999999999973e-03
1.797120000000000141e-03
1.802240000000000092e-03
1.807360000000000043e-03
1.812479999999999994e-03
1.817599999999999945e-03
1.822720000000000113e-03
1.827840000000000064e-03
1.832960000000000015e-03
1.838079999999999966e-03
1.843200000000000133e-03
1.848320000000000084e-03
1.853440000000000035e-03
1.858559999999999986e-03
1.863679999999999937e-03
1.868800000000000105e-03
1.873920000000000056e-03
1.879040000000000007e-03
1.884159999999999958e-03
1.889280000000000126e-03
1.894400000000000077e-03
1.899520000000000028e-03
1.904639999999999979e-03
1.909760000000000147e-03
1.914880000000000098e-03
1.920000000000000049e-03
1.925120000000000000e-03
1.930239999999999951e-03
1.935360000000000118e-03
1.940480000000000069e-03
1.945600000000000020e-03
1.950719999999999971e-03
1.955839999999999922e-03
1.960959999999999873e-03
1.966080000000000258e-03
1.971200000000000209e-03
1.976320000000000160e-03
1.981440000000000111e-03
1.986560000000000062e-03
1.991680000000000013e-03
1.996799999999999964e-03
2.001919999999999915e-03
2.007039999999999866e-03
2.012160000000000250e-03
2.017280000000000201e-03
2.022400000000000152e-03
2.027520000000000103e-03
2.032640000000000054e-03
2.037760000000000005e-03
2.042879999999999956e-03
2.047999999999999907e-03
2.053119999999999858e-03
2.058240000000000243e-03
2.063360000000000194e-03
2.068480000000000145e-03
2.073600000000000096e-03
2.078720000000000047e-03
2.083839999999999998e-03
2.088959999999999949e-03
2.094079999999999900e-03
2.099199999999999851e-03
2.104320000000000235e-03
2.109440000000000186e-03
2.114560000000000137e-03
2.119680000000000088e-03
2.124800000000000039e-03
2.129919999999999990e-03
2.135039999999999941e-03
2.140159999999999892e-03
2.145279999999999843e-03
2.150400000000000228e-03
2.155520000000000179e-03
2.160640000000000130e-03
2.165760000000000081e-03
2.170880000000000032e-03
2.175999999999999983e-03
2.181119999999999934e-03
2.186239999999999885e-03
2.191359999999999836e-03
2.196480000000000220e-03
2.201600000000000171e-03
2.206720000000000122e-03
2.211840000000000073e-03
2.216960000000000024e-03
2.222079999999999975e-03
2.227199999999999926e-03
2.232319999999999877e-03
2.237440000000000262e-03
2.242560000000000213e-03
2.247680000000000164e-03
2.252800000000000115e-03
2.257920000000000066e-03
2.263040000000000017e-03
2.268159999999999968e-03
2.273279999999999919e-03
2.278399999999999870e-03
2.283520000000000254e-03
2.288640000000000205e-03
2.293760000000000156e-03
2.298880000000000107e-03
2.304000000000000058e-03
2.309120000000000009e-03
2.314239999999999960e-03
2.319359999999999911e-03
2.324479999999999862e-03
2.329600000000000247e-03
2.334720000000000198e-03
2.339840000000000149e-03
2.344960000000000100e-03
2.350080000000000051e-03
2.355200000000000002e-03
2.360319999999999953e-03
2.365439999999999904e-03
2.370559999999999855e-03
2.375680000000000239e-03
2.380800000000000190e-03
2.385920000000000141e-03
2.391040000000000092e-03
2.396160000000000043e-03
2.401279999999999994e-03
2.406399999999999945e-03
2.411519999999999896e-03
2.416639999999999847e-03
2.421760000000000232e-03
2.426880000000000183e-03
2.432000000000000134e-03
2.437120000000000085e-03
2.442240000000000036e-03
2.447359999999999987e-03
2.452479999999999938e-03
2.457599999999999889e-03
2.462719999999999840e-03
2.467840000000000224e-03
2.472960000000000175e-03
2.478080000000000126e-03
2.483200000000000077e-03
2.488320000000000028e-03
2.493439999999999979e-03
2.498559999999999930e-03
2.503679999999999881e-03
2.508800000000000266e-03
2.513920000000000217e-03
2.519040000000000168e-03
2.524160000000000119e-03
2.529280000000000070e-03
2.534400000000000021e-03
2.539519999999999972e-03
2.544639999999999923e-03
2.549759999999999874e-03
2.554880000000000258e-03
2.560000000000000209e-03
2.565120000000000160e-03
2.570240000000000111e-03
2.575360000000000062e-03
2.580480000000000013e-03
2.585599999999999964e-03
2.590719999999999915e-03
2.595839999999999866e-03
2.600960000000000251e-03
2.606080000000000202e-03
2.611200000000000153e-03
2.616320000000000104e-03
2.621440000000000055e-03
2.626560000000000006e-03
2.631679999999999957e-03
2.636799999999999908e-03
2.641919999999999859e-03
2.647040000000000243e-03
2.652160000000000194e-03
2.657280000000000145e-03
2.662400000000000096e-03
2.667520000000000047e-03
2.672639999999999998e-03
2.677759999999999949e-03
2.682879999999999900e-03
2.687999999999999851e-03
2.693120000000000236e-03
2.698240000000000187e-03
2.703360000000000138e-03
2.708480000000000089e-03
2.713600000000000040e-03
2.718719999999999991e-03
2.723839999999999942e-03
2.728959999999999893e-03
2.734079999999999844e-03
2.739200000000000228e-03
2.744320000000000179e-03
2.749440000000000130e-03
2.754560000000000081e-03
2.759680000000000032e-03
2.764799999999999983e-03
2.769919999999999934e-03
2.775039999999999885e-03
2.780160000000000270e-03
2.785280000000000221e-03
2.790400000000000172e-03
2.795520000000000123e-03
2.800640000000000074e-03
2.805760000000000025e-03
2.810879999999999976e-03
2.815999999999999927e-03
2.821119999999999878e-03
2.826240000000000262e-03
2.831360000000000213e-03
2.836480000000000164e-03
2.841600000000000115e-03
2.846720000000000066e-03
2.851840000000000017e-03
2.856959999999999968e-03
2.862079999999999919e-03
2.867199999999999870e-03
2.872320000000000255e-03
2.877440000000000206e-03
2.882560000000000157e-03
2.887680000000000108e-03
2.892800000000000059e-03
2.897920000000000010e-03
2.903039999999999961e-03
2.908159999999999912e-03
2.913279999999999863e-03
2.918400000000000247e-03
2.923520000000000198e-03
2.928640000000000149e-03
2.933760000000000100e-03
2.938880000000000051e-03
2.944000000000000002e-03
2.949119999999999953e-03
2.954239999999999904e-03
2.959359999999999855e-03
2.964480000000000240e-03
2.969600000000000191e-03
2.974720000000000142e-03
2.979840000000000093e-03
2.984960000000000044e-03
2.990079999999999995e-03
2.995199999999999946e-03
3.000319999999999897e-03
3.005439999999999848e-03
3.010560000000000232e-03
3.015680000000000183e-03
3.020800000000000134e-03
3.025920000000000085e-03
3.031040000000000036e-03
3.036159999999999987e-03
3.041279999999999938e-03
3.046399999999999889e-03
3.051520000000000274e-03
3.056640000000000225e-03
3.061760000000000176e-03
3.066880000000000127e-03
3.072000000000000078e-03
3.077120000000000029e-03
3.082239999999999980e-03
3.087359999999999931e-03
3.092479999999999882e-03
3.097600000000000266e-03
3.102720000000000217e-03
3.107840000000000168e-03
3.112960000000000119e-03
3.118080000000000070e-03
3.123200000000000021e-03
3.128319999999999972e-03
3.133439999999999923e-03
3.138559999999999874e-03
3.143680000000000259e-03
3.148800000000000210e-03
3.153920000000000161e-03
3.159040000000000112e-03
3.164160000000000063e-03
3.169280000000000014e-03
3.174399999999999965e-03
3.179519999999999916e-03
3.184639999999999867e-03
3.189760000000000251e-03
3.194880000000000202e-03
3.200000000000000153e-03
3.205120000000000104e-03
3.210240000000000055e-03
3.215360000000000006e-03
3.220479999999999957e-03
3.225599999999999908e-03
3.230719999999999859e-03
3.235840000000000244e-03
3.240960000000000195e-03
3.246080000000000146e-03
3.251200000000000097e-03
3.256320000000000048e-03
3.261439999999999999e-03
3.266559999999999950e-03
3.271679999999999901e-03
3.276799999999999852e-03
3.281920000000000236e-03
3.287040000000000187e-03
3.292160000000000138e-03
3.297280000000000089e-03
3.302400000000000040e-03
3.307519999999999991e-03
3.312639999999999942e-03
3.317759999999999893e-03
3.322880000000000278e-03
3.328000000000000229e-03
3.333120000000000180e-03
3.338240000000000131e-03
3.343360000000000082e-03
3.348480000000000033e-03
3.353599999999999984e-03
3.358719999999999935e-03
3.363839999999999886e-03
3.368960000000000270e-03
3.374080000000000221e-03
3.379200000000000172e-03
3.384320000000000123e-03
3.389440000000000074e-03
3.394560000000000025e-03
3.399679999999999976e-03
3.404799999999999927e-03
3.409919999999999878e-03
3.415040000000000263e-03
3.420160000000000214e-03
3.425280000000000165e-03
3.430400000000000116e-03
3.435520000000000067e-03
3.440640000000000018e-03
3.445759999999999969e-03
3.450879999999999920e-03
3.455999999999999871e-03
3.461120000000000255e-03
3.466240000000000206e-03
3.471360000000000157e-03
3.476480000000000108e-03
3.481600000000000059e-03
3.486720000000000010e-03
3.491839999999999961e-03
3.496959999999999912e-03
3.502079999999999863e-03
3.507200000000000248e-03
3.512320000000000199e-03
3.517440000000000150e-03
3.522560000000000101e-03
3.527680000000000052e-03
3.532800000000000003e-03
3.537919999999999954e-03
3.543039999999999905e-03
3.548160000000000289e-03
3.553280000000000240e-03
3.558400000000000191e-03
3.563520000000000142e-03
3.568640000000000093e-03
3.573760000000000044e-03
3.578879999999999995e-03
3.583999999999999946e-03
3.589119999999999897e-03
3.594240000000000282e-03
3.599360000000000233e-03
3.604480000000000184e-03
3.609600000000000135e-03
3.614720000000000086e-03
3.619840000000000037e-03
3.624959999999999988e-03
3.630079999999999939e-03
3.635199999999999890e-03
3.640320000000000274e-03
3.645440000000000225e-03
3.650560000000000176e-03
3.655680000000000127e-03
3.660800000000000078e-03
3.665920000000000029e-03
3.671039999999999980e-03
3.676159999999999931e-03
3.681279999999999882e-03
3.686400000000000267e-03
3.691520000000000218e-03
3.696640000000000169e-03
3.701760000000000120e-03
3.706880000000000071e-03
3.712000000000000022e-03
3.717119999999999973e-03
3.722239999999999924e-03
3.727359999999999875e-03
3.732480000000000259e-03
3.737600000000000210e-03
3.742720000000000161e-03
3.747840000000000112e-03
3.752960000000000063e-03
3.758080000000000014e-03
3.763199999999999965e-03
3.768319999999999916e-03
3.773439999999999867e-03
3.778560000000000252e-03
3.783680000000000203e-03
3.788800000000000154e-03
3.793920000000000105e-03
3.799040000000000056e-03
3.804160000000000007e-03
3.809279999999999958e-03
3.814399999999999909e-03
3.819520000000000293e-03
3.824640000000000244e-03
3.829760000000000195e-03
3.834880000000000146e-03
3.840000000000000097e-03
3.845120000000000048e-03
3.850239999999999999e-03
3.855359999999999950e-03
3.860479999999999901e-03
3.865600000000000286e-03
3.870720000000000237e-03
3.875840000000000188e-03
3.880960000000000139e-03
3.886080000000000090e-03
3.891200000000000041e-03
3.896319999999999992e-03
3.901439999999999943e-03
3.906559999999999894e-03
3.911679999999999845e-03
3.916799999999999796e-03
3.921919999999999747e-03
3.927039999999999698e-03
3.932160000000000516e-03
3.937280000000000467e-03
3.942400000000000418e-03
3.947520000000000369e-03
3.952640000000000320e-03
3.957760000000000271e-03
3.962880000000000222e-03
3.968000000000000173e-03
3.973120000000000124e-03
3.978240000000000075e-03
3.983360000000000026e-03
3.988479999999999977e-03
3.993599999999999928e-03
3.998719999999999879e-03
4.003839999999999830e-03
4.008959999999999781e-03
4.014079999999999732e-03
4.019199999999999683e-03
4.024320000000000501e-03
4.029440000000000452e-03
4.034560000000000403e-03
4.039680000000000354e-03
4.044800000000000305e-03
4.049920000000000256e-03
4.055040000000000207e-03
4.060160000000000158e-03
4.065280000000000109e-03
4.070400000000000060e-03
4.075520000000000011e-03
4.080639999999999962e-03
4.085759999999999913e-03
4.090879999999999864e-03
4.095999999999999815e-03
4.101119999999999766e-03
4.106239999999999717e-03
4.111359999999999668e-03
4.116480000000000486e-03
4.121600000000000437e-03
4.126720000000000388e-03
4.131840000000000339e-03
4.136960000000000290e-03
4.142080000000000241e-03
4.147200000000000192e-03
4.152320000000000143e-03
4.157440000000000094e-03
4.162560000000000045e-03
4.167679999999999996e-03
4.172799999999999947e-03
4.177919999999999898e-03
4.183039999999999849e-03
4.188159999999999800e-03
4.193279999999999751e-03
4.198399999999999702e-03
4.203520000000000520e-03
4.208640000000000471e-03
4.213760000000000422e-03
4.218880000000000373e-03
4.224000000000000324e-03
4.229120000000000275e-03
4.234240000000000226e-03
4.239360000000000177e-03
4.244480000000000128e-03
4.249600000000000079e-03
4.254720000000000030e-03
4.259839999999999981e-03
4.264959999999999932e-03
4.270079999999999883e-03
4.275199999999999834e-03
4.280319999999999785e-03
4.285439999999999736e-03
4.290559999999999687e-03
4.295680000000000505e-03
4.300800000000000456e-03
4.305920000000000407e-03
4.311040000000000358e-03
4.316160000000000309e-03
4.321280000000000260e-03
4.326400000000000211e-03
4.331520000000000162e-03
4.336640000000000113e-03
4.341760000000000064e-03
4.346880000000000015e-03
4.351999999999999966e-03
4.357119999999999917e-03
4.362239999999999868e-03
4.367359999999999819e-03
4.372479999999999770e-03
4.377599999999999721e-03
4.382719999999999672e-03
4.387840000000000490e-03
4.392960000000000441e-03
4.398080000000000392e-03
4.403200000000000343e-03
4.408320000000000294e-03
4.413440000000000245e-03
4.418560000000000196e-03
4.423680000000000147e-03
4.428800000000000098e-03
4.433920000000000049e-03
4.439040000000000000e-03
4.444159999999999951e-03
4.449279999999999902e-03
4.454399999999999853e-03
4.459519999999999804e-03
4.464639999999999755e-03
4.469759999999999706e-03
4.474880000000000524e-03
4.480000000000000475e-03
4.485120000000000426e-03
4.490240000000000377e-03
4.495360000000000328e-03
4.500480000000000279e-03
4.505600000000000230e-03
4.510720000000000181e-03
4.515840000000000132e-03
4.520960000000000083e-03
4.526080000000000034e-03
4.531199999999999985e-03
4.536319999999999936e-03
4.541439999999999887e-03
4.546559999999999838e-03
4.551679999999999789e-03
4.556799999999999740e-03
4.561919999999999691e-03
4.567040000000000509e-03
4.572160000000000460e-03
4.577280000000000411e-03
4.582400000000000362e-03
4.587520000000000313e-03
4.592640000000000264e-03
4.597760000000000215e-03
4.602880000000000166e-03
4.608000000000000117e-03
4.613120000000000068e-03
4.618240000000000019e-03
4.623359999999999970e-03
4.628479999999999921e-03
4.633599999999999872e-03
4.638719999999999823e-03
4.643839999999999774e-03
4.648959999999999725e-03
4.654079999999999676e-03
4.659200000000000494e-03
4.664320000000000445e-03
4.669440000000000396e-03
4.674560000000000347e-03
4.679680000000000298e-03
4.684800000000000249e-03
4.689920000000000200e-03
4.695040000000000151e-03
4.700160000000000102e-03
4.705280000000000053e-03
4.710400000000000004e-03
4.715519999999999955e-03
4.720639999999999906e-03
4.725759999999999857e-03
4.730879999999999808e-03
4.735999999999999759e-03
4.741119999999999710e-03
4.746240000000000528e-03
4.751360000000000479e-03
4.756480000000000430e-03
4.761600000000000381e-03
4.766720000000000332e-03
4.771840000000000283e-03
4.776960000000000234e-03
4.782080000000000185e-03
4.787200000000000136e-03
4.792320000000000087e-03
4.797440000000000038e-03
4.802559999999999989e-03
4.807679999999999940e-03
4.812799999999999891e-03
4.817919999999999842e-03
4.823039999999999793e-03
4.828159999999999744e-03
4.833279999999999695e-03
4.838400000000000513e-03
4.843520000000000464e-03
4.848640000000000415e-03
4.853760000000000366e-03
4.858880000000000317e-03
4.864000000000000268e-03
4.869120000000000219e-03
4.874240000000000170e-03
4.879360000000000121e-03
4.884480000000000072e-03
4.889600000000000023e-03
4.894719999999999974e-03
4.899839999999999925e-03
4.904959999999999876e-03
4.910079999999999827e-03
4.915199999999999778e-03
4.920319999999999729e-03
4.925439999999999680e-03
4.930560000000000498e-03
4.935680000000000449e-03
4.940800000000000400e-03
4.945920000000000351e-03
4.951040000000000302e-03
4.956160000000000253e-03
4.961280000000000204e-03
4.966400000000000155e-03
4.971520000000000106e-03
4.976640000000000057e-03
4.981760000000000008e-03
4.986879999999999959e-03
4.991999999999999910e-03
4.997119999999999861e-03
5.002239999999999812e-03
5.007359999999999763e-03
5.012479999999999714e-03
5.017600000000000532e-03
5.022720000000000483e-03
5.027840000000000434e-03
5.032960000000000385e-03
5.038080000000000336e-03
5.043200000000000287e-03
5.048320000000000238e-03
5.053440000000000189e-03
5.058560000000000140e-03
5.063680000000000091e-03
5.068800000000000042e-03
5.073919999999999993e-03
5.079039999999999944e-03
5.084159999999999895e-03
5.089279999999999846e-03
5.094399999999999797e-03
5.099519999999999748e-03
5.104639999999999699e-03
5.109760000000000517e-03
5.114880000000000468e-03
5.120000000000000419e-03
5.125120000000000370e-03
5.130240000000000321e-03
5.135360000000000272e-03
5.140480000000000223e-03
5.145600000000000174e-03
5.150720000000000125e-03
5.155840000000000076e-03
5.160960000000000027e-03
5.166079999999999978e-03
5.171199999999999929e-03
5.176319999999999880e-03
5.181439999999999831e-03
5.186559999999999782e-03
5.191679999999999733e-03
5.196799999999999684e-03
5.201920000000000502e-03
5.207040000000000453e-03
5.212160000000000404e-03
5.217280000000000355e-03
5.222400000000000306e-03
5.227520000000000257e-03
5.232640000000000208e-03
5.237760000000000159e-03
5.242880000000000110e-03
5.248000000000000061e-03
5.253120000000000012e-03
5.258239999999999963e-03
5.263359999999999914e-03
5.268479999999999865e-03
5.273599999999999816e-03
5.278719999999999767e-03
5.283839999999999718e-03
5.288960000000000536e-03
5.294080000000000487e-03
5.299200000000000438e-03
5.304320000000000389e-03
5.309440000000000340e-03
5.314560000000000291e-03
5.319680000000000242e-03
5.324800000000000193e-03
5.329920000000000144e-03
5.335040000000000095e-03
5.340160000000000046e-03
5.345279999999999997e-03
5.350399999999999948e-03
5.355519999999999899e-03
5.360639999999999850e-03
5.365759999999999801e-03
5.370879999999999752e-03
5.375999999999999703e-03
5.381120000000000521e-03
5.386240000000000472e-03
5.391360000000000423e-03
5.396480000000000374e-03
5.401600000000000325e-03
5.406720000000000276e-03
5.411840000000000227e-03
5.416960000000000178e-03
5.422080000000000129e-03
5.427200000000000080e-03
5.432320000000000031e-03
5.437439999999999982e-03
5.442559999999999933e-03
5.447679999999999884e-03
5.452799999999999835e-03
5.457919999999999786e-03
5.463039999999999737e-03
5.468159999999999688e-03
5.473280000000000506e-03
5.478400000000000457e-03
5.483520000000000408e-03
5.488640000000000359e-03
5.493760000000000310e-03
5.498880000000000261e-03
5.504000000000000212e-03
5.509120000000000163e-03
5.514240000000000114e-03
5.519360000000000065e-03
5.524480000000000016e-03
5.529599999999999967e-03
5.534719999999999918e-03
5.539839999999999869e-03
5.544959999999999820e-03
5.550079999999999771e-03
5.555199999999999722e-03
5.560320000000000540e-03
5.565440000000000491e-03
5.570560000000000442e-03
5.575680000000000393e-03
5.580800000000000344e-03
5.585920000000000295e-03
5.591040000000000246e-03
5.596160000000000197e-03
5.601280000000000148e-03
5.606400000000000099e-03
5.611520000000000050e-03
5.616640000000000001e-03
5.621759999999999952e-03
5.626879999999999903e-03
5.631999999999999854e-03
5.637119999999999805e-03
5.642239999999999756e-03
5.647359999999999706e-03
5.652480000000000525e-03
5.657600000000000476e-03
5.662720000000000427e-03
5.667840000000000378e-03
5.672960000000000329e-03
5.678080000000000280e-03
5.683200000000000231e-03
5.688320000000000182e-03
5.693440000000000133e-03
5.698560000000000084e-03
5.703680000000000035e-03
5.708799999999999986e-03
5.713919999999999937e-03
5.719039999999999888e-03
5.724159999999999839e-03
5.729279999999999790e-03
5.734399999999999741e-03
5.739519999999999691e-03
5.744640000000000510e-03
5.749760000000000461e-03
5.754880000000000412e-03
5.760000000000000363e-03
5.765120000000000314e-03
5.770240000000000265e-03
5.775360000000000216e-03
5.780480000000000167e-03
5.785600000000000118e-03
5.790720000000000069e-03
5.795840000000000020e-03
5.800959999999999971e-03
5.806079999999999922e-03
5.811199999999999873e-03
5.816319999999999824e-03
5.821439999999999775e-03
5.826559999999999725e-03
5.831680000000000544e-03
5.836800000000000495e-03
5.841920000000000446e-03
5.847040000000000397e-03
5.852160000000000348e-03
5.857280000000000299e-03
5.862400000000000250e-03
5.867520000000000201e-03
5.872640000000000152e-03
5.877760000000000103e-03
5.882880000000000054e-03
5.888000000000000005e-03
5.893119999999999956e-03
5.898239999999999907e-03
5.903359999999999858e-03
5.908479999999999809e-03
5.913599999999999760e-03
5.918719999999999710e-03
5.923840000000000529e-03
5.928960000000000480e-03
5.934080000000000431e-03
5.939200000000000382e-03
5.944320000000000333e-03
5.949440000000000284e-03
5.954560000000000235e-03
5.959680000000000186e-03
5.964800000000000137e-03
5.969920000000000088e-03
5.975040000000000039e-03
5.980159999999999990e-03
5.985279999999999941e-03
5.990399999999999892e-03
5.995519999999999843e-03
6.000639999999999794e-03
6.005759999999999744e-03
6.010879999999999695e-03
6.016000000000000514e-03
6.021120000000000465e-03
6.026240000000000416e-03
6.031360000000000367e-03
6.036480000000000318e-03
6.041600000000000269e-03
6.046720000000000220e-03
6.051840000000000171e-03
6.056960000000000122e-03
6.062080000000000073e-03
6.067200000000000024e-03
6.072319999999999975e-03
6.077439999999999926e-03
6.082559999999999877e-03
6.087679999999999828e-03
6.092799999999999778e-03
6.097919999999999729e-03
6.103040000000000548e-03
6.108160000000000499e-03
6.113280000000000450e-03
6.118400000000000401e-03
6.123520000000000352e-03
6.128640000000000303e-03
6.133760000000000254e-03
6.138880000000000205e-03
6.144000000000000156e-03
6.149120000000000107e-03
6.154240000000000058e-03
6.159360000000000009e-03
6.164479999999999960e-03
6.169599999999999911e-03
6.174719999999999862e-03
6.179839999999999813e-03
6.184959999999999763e-03
6.190079999999999714e-03
6.195200000000000533e-03
6.200320000000000484e-03
6.205440000000000435e-03
6.210560000000000386e-03
6.215680000000000337e-03
6.220800000000000288e-03
6.225920000000000239e-03
6.231040000000000190e-03
6.236160000000000141e-03
6.241280000000000092e-03
6.246400000000000043e-03
6.251519999999999994e-03
6.256639999999999945e-03
6.261759999999999896e-03
6.266879999999999847e-03
6.271999999999999797e-03
6.277119999999999748e-03
6.282239999999999699e-03
6.287360000000000518e-03
6.292480000000000469e-03
6.297600000000000420e-03
6.302720000000000371e-03
6.307840000000000322e-03
6.312960000000000273e-03
6.318080000000000224e-03
6.323200000000000175e-03
6.328320000000000126e-03
6.333440000000000077e-03
6.338560000000000028e-03
6.343679999999999979e-03
6.348799999999999930e-03
6.353919999999999881e-03
6.359039999999999832e-03
6.364159999999999782e-03
6.369279999999999733e-03
6.374400000000000552e-03
6.379520000000000503e-03
6.384640000000000454e-03
6.389760000000000405e-03
6.394880000000000356e-03
6.400000000000000307e-03
6.405120000000000258e-03
6.410240000000000209e-03
6.415360000000000160e-03
6.420480000000000111e-03
6.425600000000000062e-03
6.430720000000000013e-03
6.435839999999999964e-03
6.440959999999999915e-03
6.446079999999999866e-03
6.451199999999999816e-03
6.456319999999999767e-03
6.461439999999999718e-03
6.466560000000000537e-03
6.471680000000000488e-03
6.476800000000000439e-03
6.481920000000000390e-03
6.487040000000000341e-03
6.492160000000000292e-03
6.497280000000000243e-03
6.502400000000000194e-03
6.507520000000000145e-03
6.512640000000000096e-03
6.517760000000000047e-03
6.522879999999999998e-03
6.527999999999999949e-03
6.533119999999999900e-03
6.538239999999999850e-03
6.543359999999999801e-03
6.548479999999999752e-03
6.553599999999999703e-03
6.558720000000000522e-03
6.563840000000000473e-03
6.568960000000000424e-03
6.574080000000000375e-03
6.579200000000000326e-03
6.584320000000000277e-03
6.589440000000000228e-03
6.594560000000000179e-03
6.599680000000000130e-03
6.604800000000000081e-03
6.609920000000000032e-03
6.615039999999999983e-03
6.620159999999999934e-03
6.625279999999999885e-03
6.630399999999999835e-03
6.635519999999999786e-03
6.640639999999999737e-03
6.645760000000000556e-03
6.650880000000000507e-03
6.656000000000000458e-03
6.661120000000000409e-03
6.666240000000000360e-03
6.671360000000000311e-03
6.676480000000000262e-03
6.681600000000000213e-03
6.686720000000000164e-03
6.691840000000000115e-03
6.696960000000000066e-03
6.702080000000000017e-03
6.707199999999999968e-03
6.712319999999999919e-03
6.717439999999999869e-03
6.722559999999999820e-03
6.727679999999999771e-03
6.732799999999999722e-03
6.737920000000000541e-03
6.743040000000000492e-03
6.748160000000000443e-03
6.753280000000000394e-03
6.758400000000000345e-03
6.763520000000000296e-03
6.768640000000000247e-03
6.773760000000000198e-03
6.778880000000000149e-03
6.784000000000000100e-03
6.789120000000000051e-03
6.794240000000000002e-03
6.799359999999999953e-03
6.804479999999999904e-03
6.809599999999999854e-03
6.814719999999999805e-03
6.819839999999999756e-03
6.824960000000000575e-03
6.830080000000000526e-03
6.835200000000000477e-03
6.840320000000000428e-03
6.845440000000000379e-03
6.850560000000000330e-03
6.855680000000000281e-03
6.860800000000000232e-03
6.865920000000000183e-03
6.871040000000000134e-03
6.876160000000000085e-03
6.881280000000000036e-03
6.886399999999999987e-03
6.891519999999999938e-03
6.896639999999999888e-03
6.901759999999999839e-03
6.906879999999999790e-03
6.911999999999999741e-03
6.917120000000000560e-03
6.922240000000000511e-03
6.927360000000000462e-03
6.932480000000000413e-03
6.937600000000000364e-03
6.942720000000000315e-03
6.947840000000000266e-03
6.952960000000000217e-03
6.958080000000000168e-03
6.963200000000000119e-03
6.968320000000000070e-03
6.973440000000000021e-03
6.978559999999999972e-03
6.983679999999999922e-03
6.988799999999999873e-03
6.993919999999999824e-03
6.999039999999999775e-03
7.004159999999999726e-03
7.009280000000000545e-03
7.014400000000000496e-03
7.019520000000000447e-03
7.024640000000000398e-03
7.029760000000000349e-03
7.034880000000000300e-03
7.040000000000000251e-03
7.045120000000000202e-03
7.050240000000000153e-03
7.055360000000000104e-03
7.060480000000000055e-03
7.065600000000000006e-03
7.070719999999999957e-03
7.075839999999999907e-03
7.080959999999999858e-03
7.086079999999999809e-03
7.091199999999999760e-03
7.096320000000000579e-03
7.101440000000000530e-03
7.106560000000000481e-03
7.111680000000000432e-03
7.116800000000000383e-03
7.121920000000000334e-03
7.127040000000000285e-03
7.132160000000000236e-03
7.137280000000000187e-03
7.142400000000000138e-03
7.147520000000000089e-03
7.152640000000000040e-03
7.157759999999999991e-03
7.162879999999999941e-03
7.167999999999999892e-03
7.173119999999999843e-03
7.178239999999999794e-03
7.183359999999999745e-03
7.188480000000000564e-03
7.193600000000000515e-03
7.198720000000000466e-03
7.203840000000000417e-03
7.208960000000000368e-03
7.214080000000000319e-03
7.219200000000000270e-03
7.224320000000000221e-03
7.229440000000000172e-03
7.234560000000000123e-03
7.239680000000000074e-03
7.244800000000000025e-03
7.249919999999999976e-03
7.255039999999999926e-03
7.260159999999999877e-03
7.265279999999999828e-03
7.270399999999999779e-03
7.275519999999999730e-03
7.280640000000000549e-03
7.285760000000000500e-03
7.290880000000000451e-03
7.296000000000000402e-03
7.301120000000000353e-03
7.306240000000000304e-03
7.311360000000000255e-03
7.316480000000000206e-03
7.321600000000000157e-03
7.326720000000000108e-03
7.331840000000000059e-03
7.336960000000000010e-03
7.342079999999999960e-03
7.347199999999999911e-03
7.352319999999999862e-03
7.357439999999999813e-03
7.362559999999999764e-03
7.367680000000000583e-03
7.372800000000000534e-03
7.377920000000000485e-03
7.383040000000000436e-03
7.388160000000000387e-03
7.393280000000000338e-03
7.398400000000000289e-03
7.403520000000000240e-03
7.408640000000000191e-03
7.413760000000000142e-03
7.418880000000000093e-03
7.424000000000000044e-03
7.429119999999999994e-03
7.434239999999999945e-03
7.439359999999999896e-03
7.444479999999999847e-03
7.449599999999999798e-03
7.454719999999999749e-03
7.459840000000000568e-03
7.464960000000000519e-03
7.470080000000000470e-03
7.475200000000000421e-03
7.480320000000000372e-03
7.485440000000000323e-03
7.490560000000000274e-03
7.495680000000000225e-03
7.500800000000000176e-03
7.505920000000000127e-03
7.511040000000000078e-03
7.516160000000000029e-03
7.521279999999999979e-03
7.526399999999999930e-03
7.531519999999999881e-03
7.536639999999999832e-03
7.541759999999999783e-03
7.546879999999999734e-03
7.552000000000000553e-03
7.557120000000000504e-03
7.562240000000000455e-03
7.567360000000000406e-03
7.572480000000000357e-03
7.577600000000000308e-03
7.582720000000000259e-03
7.587840000000000210e-03
7.592960000000000161e-03
7.598080000000000112e-03
7.603200000000000063e-03
7.608320000000000013e-03
7.613439999999999964e-03
7.618559999999999915e-03
7.623679999999999866e-03
7.628799999999999817e-03
7.633919999999999768e-03
7.639040000000000587e-03
7.644160000000000538e-03
7.649280000000000489e-03
7.654400000000000440e-03
7.659520000000000391e-03
7.664640000000000342e-03
7.669760000000000293e-03
7.674880000000000244e-03
7.680000000000000195e-03
7.685120000000000146e-03
7.690240000000000097e-03
7.695360000000000048e-03
7.700479999999999998e-03
7.705599999999999949e-03
7.710719999999999900e-03
7.715839999999999851e-03
7.720959999999999802e-03
7.726079999999999753e-03
7.731200000000000572e-03
7.736320000000000523e-03
7.741440000000000474e-03
7.746560000000000425e-03
7.751680000000000376e-03
7.756800000000000327e-03
7.761920000000000278e-03
7.767040000000000229e-03
7.772160000000000180e-03
7.777280000000000131e-03
7.782400000000000082e-03
7.787520000000000032e-03
7.792639999999999983e-03
7.797759999999999934e-03
7.802879999999999885e-03
7.807999999999999836e-03
7.813119999999999787e-03
7.818240000000000606e-03
7.823359999999999689e-03
7.828480000000000508e-03
7.833599999999999591e-03
7.838720000000000410e-03
7.843839999999999493e-03
7.848960000000000312e-03
7.854079999999999395e-03
7.859200000000000214e-03
7.864320000000001032e-03
7.869440000000000116e-03
7.874560000000000934e-03
7.879680000000000017e-03
7.884800000000000836e-03
7.889919999999999919e-03
7.895040000000000738e-03
7.900159999999999821e-03
7.905280000000000640e-03
7.910399999999999723e-03
7.915520000000000542e-03
7.920639999999999625e-03
7.925760000000000444e-03
7.930879999999999527e-03
7.936000000000000346e-03
7.941119999999999429e-03
7.946240000000000248e-03
7.951359999999999331e-03
7.956480000000000150e-03
7.961600000000000968e-03
7.966720000000000051e-03
7.971840000000000870e-03
7.976959999999999953e-03
7.982080000000000772e-03
7.987199999999999855e-03
7.992320000000000674e-03
7.997439999999999757e-03
8.002560000000000576e-03
8.007679999999999659e-03
8.012800000000000478e-03
8.017919999999999561e-03
8.023040000000000380e-03
8.028159999999999463e-03
8.033280000000000282e-03
8.038399999999999365e-03
8.043520000000000184e-03
8.048640000000001002e-03
8.053760000000000085e-03
8.058880000000000904e-03
8.063999999999999987e-03
8.069120000000000806e-03
8.074239999999999889e-03
8.079360000000000708e-03
8.084479999999999791e-03
8.089600000000000610e-03
8.094719999999999693e-03
8.099840000000000512e-03
8.104959999999999595e-03
8.110080000000000414e-03
8.115199999999999497e-03
8.120320000000000316e-03
8.125439999999999399e-03
8.130560000000000218e-03
8.135680000000001036e-03
8.140800000000000120e-03
8.145920000000000938e-03
8.151040000000000021e-03
8.156160000000000840e-03
8.161279999999999923e-03
8.166400000000000742e-03
8.171519999999999825e-03
8.176640000000000644e-03
8.181759999999999727e-03
8.186880000000000546e-03
8.191999999999999629e-03
8.197120000000000448e-03
8.202239999999999531e-03
8.207360000000000350e-03
8.212479999999999433e-03
8.217600000000000252e-03
8.222719999999999335e-03
8.227840000000000154e-03
8.232960000000000972e-03
8.238080000000000055e-03
8.243200000000000874e-03
8.248319999999999957e-03
8.253440000000000776e-03
8.258559999999999859e-03
8.263680000000000678e-03
8.268799999999999761e-03
8.273920000000000580e-03
8.279039999999999663e-03
8.284160000000000482e-03
8.289279999999999565e-03
8.294400000000000384e-03
8.299519999999999467e-03
8.304640000000000286e-03
8.309759999999999369e-03
8.314880000000000188e-03
8.320000000000001006e-03
8.325120000000000089e-03
8.330240000000000908e-03
8.335359999999999991e-03
8.340480000000000810e-03
8.345599999999999893e-03
8.350720000000000712e-03
8.355839999999999795e-03
8.360960000000000614e-03
8.366079999999999697e-03
8.371200000000000516e-03
8.376319999999999599e-03
8.381440000000000418e-03
8.386559999999999501e-03
8.391680000000000320e-03
8.396799999999999403e-03
8.401920000000000222e-03
8.407040000000001040e-03
8.412160000000000123e-03
8.417280000000000942e-03
8.422400000000000025e-03
8.427520000000000844e-03
8.432639999999999927e-03
8.437760000000000746e-03
8.442879999999999829e-03
8.448000000000000648e-03
8.453119999999999731e-03
8.458240000000000550e-03
8.463359999999999633e-03
8.468480000000000452e-03
8.473599999999999535e-03
8.478720000000000354e-03
8.483839999999999437e-03
8.488960000000000256e-03
8.494079999999999339e-03
8.499200000000000157e-03
8.504320000000000976e-03
8.509440000000000059e-03
8.514560000000000878e-03
8.519679999999999961e-03
8.524800000000000780e-03
8.529919999999999863e-03
8.535040000000000682e-03
8.540159999999999765e-03
8.545280000000000584e-03
8.550399999999999667e-03
8.555520000000000486e-03
8.560639999999999569e-03
8.565760000000000388e-03
8.570879999999999471e-03
8.576000000000000290e-03
8.581119999999999373e-03
8.586240000000000192e-03
8.591360000000001010e-03
8.596480000000000093e-03
8.601600000000000912e-03
8.606719999999999995e-03
8.611840000000000814e-03
8.616959999999999897e-03
8.622080000000000716e-03
8.627199999999999799e-03
8.632320000000000618e-03
8.637439999999999701e-03
8.642560000000000520e-03
8.647679999999999603e-03
8.652800000000000422e-03
8.657919999999999505e-03
8.663040000000000324e-03
8.668159999999999407e-03
8.673280000000000226e-03
8.678400000000001044e-03
8.683520000000000127e-03
8.688640000000000946e-03
8.693760000000000029e-03
8.698880000000000848e-03
8.703999999999999931e-03
8.709120000000000750e-03
8.714239999999999833e-03
8.719360000000000652e-03
8.724479999999999735e-03
8.729600000000000554e-03
8.734719999999999637e-03
8.739840000000000456e-03
8.744959999999999539e-03
8.750080000000000358e-03
8.755199999999999441e-03
8.760320000000000260e-03
8.765439999999999343e-03
8.770560000000000161e-03
8.775680000000000980e-03
8.780800000000000063e-03
8.785920000000000882e-03
8.791039999999999965e-03
8.796160000000000784e-03
8.801279999999999867e-03
8.806400000000000686e-03
8.811519999999999769e-03
8.816640000000000588e-03
8.821759999999999671e-03
8.826880000000000490e-03
8.831999999999999573e-03
8.837120000000000392e-03
8.842239999999999475e-03
8.847360000000000294e-03
8.852479999999999377e-03
8.857600000000000195e-03
8.862720000000001014e-03
8.867840000000000097e-03
8.872960000000000916e-03
8.878079999999999999e-03
8.883200000000000818e-03
8.888319999999999901e-03
8.893440000000000720e-03
8.898559999999999803e-03
8.903680000000000622e-03
8.908799999999999705e-03
8.913920000000000524e-03
8.919039999999999607e-03
8.924160000000000426e-03
8.929279999999999509e-03
8.934400000000000328e-03
8.939519999999999411e-03
8.944640000000000229e-03
8.949760000000001048e-03
8.954880000000000131e-03
8.960000000000000950e-03
8.965120000000000033e-03
8.970240000000000852e-03
8.975359999999999935e-03
8.980480000000000754e-03
8.985599999999999837e-03
8.990720000000000656e-03
8.995839999999999739e-03
9.000960000000000558e-03
9.006079999999999641e-03
9.011200000000000460e-03
9.016319999999999543e-03
9.021440000000000362e-03
9.026559999999999445e-03
9.031680000000000264e-03
9.036799999999999347e-03
9.041920000000000165e-03
9.047040000000000984e-03
9.052160000000000067e-03
9.057280000000000886e-03
9.062399999999999969e-03
9.067520000000000788e-03
9.072639999999999871e-03
9.077760000000000690e-03
9.082879999999999773e-03
9.088000000000000592e-03
9.093119999999999675e-03
9.098240000000000494e-03
9.103359999999999577e-03
9.108480000000000396e-03
9.113599999999999479e-03
9.118720000000000298e-03
9.123839999999999381e-03
9.128960000000000199e-03
9.134080000000001018e-03
9.139200000000000101e-03
9.144320000000000920e-03
9.149440000000000003e-03
9.154560000000000822e-03
9.159679999999999905e-03
9.164800000000000724e-03
9.169919999999999807e-03
9.175040000000000626e-03
9.180159999999999709e-03
9.185280000000000528e-03
9.190399999999999611e-03
9.195520000000000430e-03
9.200639999999999513e-03
9.205760000000000332e-03
9.210879999999999415e-03
9.216000000000000233e-03
9.221120000000001052e-03
9.226240000000000135e-03
9.231360000000000954e-03
9.236480000000000037e-03
9.241600000000000856e-03
9.246719999999999939e-03
9.251840000000000758e-03
9.256959999999999841e-03
9.262080000000000660e-03
9.267199999999999743e-03
9.272320000000000562e-03
9.277439999999999645e-03
9.282560000000000464e-03
9.287679999999999547e-03
9.292800000000000366e-03
9.297919999999999449e-03
9.303040000000000267e-03
9.308159999999999351e-03
9.313280000000000169e-03
9.318400000000000988e-03
9.323520000000000071e-03
9.328640000000000890e-03
9.333759999999999973e-03
9.338880000000000792e-03
9.343999999999999875e-03
9.349120000000000694e-03
9.354239999999999777e-03
9.359360000000000596e-03
9.364479999999999679e-03
9.369600000000000498e-03
9.374719999999999581e-03
9.379840000000000400e-03
9.384959999999999483e-03
9.390080000000000301e-03
9.395199999999999385e-03
9.400320000000000203e-03
9.405440000000001022e-03
9.410560000000000105e-03
9.415680000000000924e-03
9.420800000000000007e-03
9.425920000000000826e-03
9.431039999999999909e-03
9.436160000000000728e-03
9.441279999999999811e-03
9.446400000000000630e-03
9.451519999999999713e-03
9.456640000000000532e-03
9.461759999999999615e-03
9.466880000000000434e-03
9.471999999999999517e-03
9.477120000000000336e-03
9.482239999999999419e-03
9.487360000000000237e-03
9.492480000000001056e-03
9.497600000000000139e-03
9.502720000000000958e-03
9.507840000000000041e-03
9.512960000000000860e-03
9.518079999999999943e-03
9.523200000000000762e-03
9.528319999999999845e-03
9.533440000000000664e-03
9.538559999999999747e-03
9.543680000000000566e-03
9.548799999999999649e-03
9.553920000000000468e-03
9.559039999999999551e-03
9.564160000000000370e-03
9.569279999999999453e-03
9.574400000000000271e-03
9.579519999999999355e-03
9.584640000000000173e-03
9.589760000000000992e-03
9.594880000000000075e-03
9.600000000000000894e-03
9.605119999999999977e-03
9.610240000000000796e-03
9.615359999999999879e-03
9.620480000000000698e-03
9.625599999999999781e-03
9.630720000000000600e-03
9.635839999999999683e-03
9.640960000000000502e-03
9.646079999999999585e-03
9.651200000000000404e-03
9.656319999999999487e-03
9.661440000000000305e-03
9.666559999999999389e-03
9.671680000000000207e-03
9.676800000000001026e-03
9.681920000000000109e-03
9.687040000000000928e-03
9.692160000000000011e-03
9.697280000000000830e-03
9.702399999999999913e-03
9.707520000000000732e-03
9.712639999999999815e-03
9.717760000000000634e-03
9.722879999999999717e-03
9.728000000000000536e-03
9.733119999999999619e-03
9.738240000000000438e-03
9.743359999999999521e-03
9.748480000000000339e-03
9.753599999999999423e-03
9.758720000000000241e-03
9.763840000000001060e-03
9.768960000000000143e-03
9.774080000000000962e-03
9.779200000000000045e-03
9.784320000000000864e-03
9.789439999999999947e-03
9.794560000000000766e-03
9.799679999999999849e-03
9.804800000000000668e-03
9.809919999999999751e-03
9.815040000000000570e-03
9.820159999999999653e-03
9.825280000000000472e-03
9.830399999999999555e-03
9.835520000000000373e-03
9.840639999999999457e-03
9.845760000000000275e-03
9.850879999999999359e-03
9.856000000000000177e-03
9.861120000000000996e-03
9.866240000000000079e-03
9.871360000000000898e-03
9.876479999999999981e-03
9.881600000000000800e-03
9.886719999999999883e-03
9.891840000000000702e-03
9.896959999999999785e-03
9.902080000000000604e-03
9.907199999999999687e-03
9.912320000000000506e-03
9.917439999999999589e-03
9.922560000000000408e-03
9.927679999999999491e-03
9.932800000000000309e-03
9.937919999999999393e-03
9.943040000000000211e-03
9.948160000000001030e-03
9.953280000000000113e-03
9.958400000000000932e-03
9.963520000000000015e-03
9.968640000000000834e-03
9.973759999999999917e-03
9.978880000000000736e-03
9.983999999999999819e-03
9.989120000000000638e-03
9.994239999999999721e-03
9.999360000000000540e-03
1.000447999999999962e-02
1.000960000000000044e-02
1.001471999999999953e-02
1.001984000000000034e-02
1.002495999999999943e-02
1.003008000000000025e-02
1.003520000000000106e-02
1.004032000000000015e-02
1.004544000000000097e-02
1.005056000000000005e-02
1.005568000000000087e-02
1.006079999999999995e-02
1.006592000000000077e-02
1.007103999999999985e-02
1.007616000000000067e-02
1.008127999999999976e-02
1.008640000000000057e-02
1.009151999999999966e-02
1.009664000000000048e-02
1.010175999999999956e-02
1.010688000000000038e-02
1.011199999999999946e-02
1.011712000000000028e-02
1.012223999999999936e-02
1.012736000000000018e-02
1.013248000000000100e-02
1.013760000000000008e-02
1.014272000000000090e-02
1.014783999999999999e-02
1.015296000000000080e-02
1.015807999999999989e-02
1.016320000000000071e-02
1.016831999999999979e-02
1.017344000000000061e-02
1.017855999999999969e-02
1.018368000000000051e-02
1.018879999999999959e-02
1.019392000000000041e-02
1.019903999999999950e-02
1.020416000000000031e-02
1.020927999999999940e-02
1.021440000000000022e-02
1.021952000000000103e-02
1.022464000000000012e-02
1.022976000000000094e-02
1.023488000000000002e-02
1.024000000000000084e-02
1.024511999999999992e-02
1.025024000000000074e-02
1.025535999999999982e-02
1.026048000000000064e-02
1.026559999999999973e-02
1.027072000000000054e-02
1.027583999999999963e-02
1.028096000000000045e-02
1.028607999999999953e-02
1.029120000000000035e-02
1.029631999999999943e-02
1.030144000000000025e-02
1.030656000000000107e-02
1.031168000000000015e-02
1.031680000000000097e-02
1.032192000000000005e-02
1.032704000000000087e-02
1.033215999999999996e-02
1.033728000000000077e-02
1.034239999999999986e-02
1.034752000000000068e-02
1.035263999999999976e-02
1.035776000000000058e-02
1.036287999999999966e-02
1.036800000000000048e-02
1.037311999999999956e-02
1.037824000000000038e-02
1.038335999999999947e-02
1.038848000000000028e-02
1.039359999999999937e-02
1.039872000000000019e-02
1.040384000000000100e-02
1.040896000000000009e-02
1.041408000000000091e-02
1.041919999999999999e-02
1.042432000000000081e-02
1.042943999999999989e-02
1.043456000000000071e-02
1.043967999999999979e-02
1.044480000000000061e-02
1.044991999999999970e-02
1.045504000000000051e-02
1.046015999999999960e-02
1.046528000000000042e-02
1.047039999999999950e-02
1.047552000000000032e-02
1.048063999999999940e-02
1.048576000000000022e-02
1.049088000000000104e-02
1.049600000000000012e-02
1.050112000000000094e-02
1.050624000000000002e-02
1.051136000000000084e-02
1.051647999999999993e-02
1.052160000000000074e-02
1.052671999999999983e-02
1.053184000000000065e-02
1.053695999999999973e-02
1.054208000000000055e-02
1.054719999999999963e-02
1.055232000000000045e-02
1.055743999999999953e-02
1.056256000000000035e-02
1.056767999999999944e-02
1.057280000000000025e-02
1.057792000000000107e-02
1.058304000000000016e-02
1.058816000000000097e-02
1.059328000000000006e-02
1.059840000000000088e-02
1.060351999999999996e-02
1.060864000000000078e-02
1.061375999999999986e-02
1.061888000000000068e-02
1.062399999999999976e-02
1.062912000000000058e-02
1.063423999999999967e-02
1.063936000000000048e-02
1.064447999999999957e-02
1.064960000000000039e-02
1.065471999999999947e-02
1.065984000000000029e-02
1.066495999999999937e-02
1.067008000000000019e-02
1.067520000000000101e-02
1.068032000000000009e-02
1.068544000000000091e-02
1.069055999999999999e-02
1.069568000000000081e-02
1.070079999999999990e-02
1.070592000000000071e-02
1.071103999999999980e-02
1.071616000000000062e-02
1.072127999999999970e-02
1.072640000000000052e-02
1.073151999999999960e-02
1.073664000000000042e-02
1.074175999999999950e-02
1.074688000000000032e-02
1.075199999999999941e-02
1.075712000000000022e-02
1.076224000000000104e-02
1.076736000000000013e-02
1.077248000000000094e-02
1.077760000000000003e-02
1.078272000000000085e-02
1.078783999999999993e-02
1.079296000000000075e-02
1.079807999999999983e-02
1.080320000000000065e-02
1.080831999999999973e-02
1.081344000000000055e-02
1.081855999999999964e-02
1.082368000000000045e-02
1.082879999999999954e-02
1.083392000000000036e-02
1.083903999999999944e-02
1.084416000000000026e-02
1.084928000000000108e-02
1.085440000000000016e-02
1.085952000000000098e-02
1.086464000000000006e-02
1.086976000000000088e-02
1.087487999999999996e-02
1.088000000000000078e-02
1.088511999999999987e-02
1.089024000000000068e-02
1.089535999999999977e-02
1.090048000000000059e-02
1.090559999999999967e-02
1.091072000000000049e-02
1.091583999999999957e-02
1.092096000000000039e-02
1.092607999999999947e-02
1.093120000000000029e-02
1.093631999999999938e-02
1.094144000000000019e-02
1.094656000000000101e-02
1.095168000000000010e-02
1.095680000000000091e-02
1.096192000000000000e-02
1.096704000000000082e-02
1.097215999999999990e-02
1.097728000000000072e-02
1.098239999999999980e-02
1.098752000000000062e-02
1.099263999999999970e-02
1.099776000000000052e-02
1.100287999999999961e-02
1.100800000000000042e-02
1.101311999999999951e-02
1.101824000000000033e-02
1.102335999999999941e-02
1.102848000000000023e-02
1.103360000000000105e-02
1.103872000000000013e-02
1.104384000000000095e-02
1.104896000000000003e-02
1.105408000000000085e-02
1.105919999999999993e-02
1.106432000000000075e-02
1.106943999999999984e-02
1.107456000000000065e-02
1.107967999999999974e-02
1.108480000000000056e-02
1.108991999999999964e-02
1.109504000000000046e-02
1.110015999999999954e-02
1.110528000000000036e-02
1.111039999999999944e-02
1.111552000000000026e-02
1.112064000000000108e-02
1.112576000000000016e-02
1.113088000000000098e-02
1.113600000000000007e-02
1.114112000000000088e-02
1.114623999999999997e-02
1.115136000000000079e-02
1.115647999999999987e-02
1.116160000000000069e-02
1.116671999999999977e-02
1.117184000000000059e-02
1.117695999999999967e-02
1.118208000000000049e-02
1.118719999999999958e-02
1.119232000000000039e-02
1.119743999999999948e-02
1.120256000000000030e-02
1.120767999999999938e-02
1.121280000000000020e-02
1.121792000000000102e-02
1.122304000000000010e-02
1.122816000000000092e-02
1.123328000000000000e-02
1.123840000000000082e-02
1.124351999999999990e-02
1.124864000000000072e-02
1.125375999999999981e-02
1.125888000000000062e-02
1.126399999999999971e-02
1.126912000000000053e-02
1.127423999999999961e-02
1.127936000000000043e-02
1.128447999999999951e-02
1.128960000000000033e-02
1.129471999999999941e-02
1.129984000000000023e-02
1.130496000000000105e-02
1.131008000000000013e-02
1.131520000000000095e-02
1.132032000000000004e-02
1.132544000000000085e-02
1.133055999999999994e-02
1.133568000000000076e-02
1.134079999999999984e-02
1.134592000000000066e-02
1.135103999999999974e-02
1.135616000000000056e-02
1.136127999999999964e-02
1.136640000000000046e-02
1.137151999999999955e-02
1.137664000000000036e-02
1.138175999999999945e-02
1.138688000000000027e-02
1.139200000000000108e-02
1.139712000000000017e-02
1.140224000000000099e-02
1.140736000000000007e-02
1.141248000000000089e-02
1.141759999999999997e-02
1.142272000000000079e-02
1.142783999999999987e-02
1.143296000000000069e-02
1.143807999999999978e-02
1.144320000000000059e-02
1.144831999999999968e-02
1.145344000000000050e-02
1.145855999999999958e-02
1.146368000000000040e-02
1.146879999999999948e-02
1.147392000000000030e-02
1.147903999999999938e-02
1.148416000000000020e-02
1.148928000000000102e-02
1.149440000000000010e-02
1.149952000000000092e-02
1.150464000000000001e-02
1.150976000000000082e-02
1.151487999999999991e-02
1.152000000000000073e-02
1.152511999999999981e-02
1.153024000000000063e-02
1.153535999999999971e-02
1.154048000000000053e-02
1.154559999999999961e-02
1.155072000000000043e-02
1.155583999999999952e-02
1.156096000000000033e-02
1.156607999999999942e-02
1.157120000000000024e-02
1.157632000000000105e-02
1.158144000000000014e-02
1.158656000000000096e-02
1.159168000000000004e-02
1.159680000000000086e-02
1.160191999999999994e-02
1.160704000000000076e-02
1.161215999999999984e-02
1.161728000000000066e-02
1.162239999999999975e-02
1.162752000000000056e-02
1.163263999999999965e-02
1.163776000000000047e-02
1.164287999999999955e-02
1.164800000000000037e-02
1.165311999999999945e-02
1.165824000000000027e-02
1.166336000000000109e-02
1.166848000000000017e-02
1.167360000000000099e-02
1.167872000000000007e-02
1.168384000000000089e-02
1.168895999999999998e-02
1.169408000000000079e-02
1.169919999999999988e-02
1.170432000000000070e-02
1.170943999999999978e-02
1.171456000000000060e-02
1.171967999999999968e-02
1.172480000000000050e-02
1.172991999999999958e-02
1.173504000000000040e-02
1.174015999999999948e-02
1.174528000000000030e-02
1.175039999999999939e-02
1.175552000000000021e-02
1.176064000000000102e-02
1.176576000000000011e-02
1.177088000000000093e-02
1.177600000000000001e-02
1.178112000000000083e-02
1.178623999999999991e-02
1.179136000000000073e-02
1.179647999999999981e-02
1.180160000000000063e-02
1.180671999999999972e-02
1.181184000000000053e-02
1.181695999999999962e-02
1.182208000000000044e-02
1.182719999999999952e-02
1.183232000000000034e-02
1.183743999999999942e-02
1.184256000000000024e-02
1.184768000000000106e-02
1.185280000000000014e-02
1.185792000000000096e-02
1.186304000000000004e-02
1.186816000000000086e-02
1.187327999999999995e-02
1.187840000000000076e-02
1.188351999999999985e-02
1.188864000000000067e-02
1.189375999999999975e-02
1.189888000000000057e-02
1.190399999999999965e-02
1.190912000000000047e-02
1.191423999999999955e-02
1.191936000000000037e-02
1.192447999999999945e-02
1.192960000000000027e-02
1.193472000000000109e-02
1.193984000000000018e-02
1.194496000000000099e-02
1.195008000000000008e-02
1.195520000000000090e-02
1.196031999999999998e-02
1.196544000000000080e-02
1.197055999999999988e-02
1.197568000000000070e-02
1.198079999999999978e-02
1.198592000000000060e-02
1.199103999999999969e-02
1.199616000000000050e-02
1.200127999999999959e-02
1.200640000000000041e-02
1.201151999999999949e-02
1.201664000000000031e-02
1.202175999999999939e-02
1.202688000000000021e-02
1.203200000000000103e-02
1.203712000000000011e-02
1.204224000000000093e-02
1.204736000000000001e-02
1.205248000000000083e-02
1.205759999999999992e-02
1.206272000000000073e-02
1.206783999999999982e-02
1.207296000000000064e-02
1.207807999999999972e-02
1.208320000000000054e-02
1.208831999999999962e-02
1.209344000000000044e-02
1.209855999999999952e-02
1.210368000000000034e-02
1.210879999999999942e-02
1.211392000000000024e-02
1.211904000000000106e-02
1.212416000000000015e-02
1.212928000000000096e-02
1.213440000000000005e-02
1.213952000000000087e-02
1.214463999999999995e-02
1.214976000000000077e-02
1.215487999999999985e-02
1.216000000000000067e-02
1.216511999999999975e-02
1.217024000000000057e-02
1.217535999999999966e-02
1.218048000000000047e-02
1.218559999999999956e-02
1.219072000000000038e-02
1.219583999999999946e-02
1.220096000000000028e-02
1.220608000000000110e-02
1.221120000000000018e-02
1.221632000000000100e-02
1.222144000000000008e-02
1.222656000000000090e-02
1.223167999999999998e-02
1.223680000000000080e-02
1.224191999999999989e-02
1.224704000000000070e-02
1.225215999999999979e-02
1.225728000000000061e-02
1.226239999999999969e-02
1.226752000000000051e-02
1.227263999999999959e-02
1.227776000000000041e-02
1.228287999999999949e-02
1.228800000000000031e-02
1.229311999999999939e-02
1.229824000000000021e-02
1.230336000000000103e-02
1.230848000000000012e-02
1.231360000000000093e-02
1.231872000000000002e-02
1.232384000000000084e-02
1.232895999999999992e-02
1.233408000000000074e-02
1.233919999999999982e-02
1.234432000000000064e-02
1.234943999999999972e-02
1.235456000000000054e-02
1.235967999999999963e-02
1.236480000000000044e-02
1.236991999999999953e-02
1.237504000000000035e-02
1.238015999999999943e-02
1.238528000000000025e-02
1.239040000000000107e-02
1.239552000000000015e-02
1.240064000000000097e-02
1.240576000000000005e-02
1.241088000000000087e-02
1.241599999999999995e-02
1.242112000000000077e-02
1.242623999999999986e-02
1.243136000000000067e-02
1.243647999999999976e-02
1.244160000000000058e-02
1.244671999999999966e-02
1.245184000000000048e-02
1.245695999999999956e-02
1.246208000000000038e-02
1.246719999999999946e-02
1.247232000000000028e-02
1.247744000000000110e-02
1.248256000000000018e-02
1.248768000000000100e-02
1.249280000000000009e-02
1.249792000000000090e-02
1.250303999999999999e-02
1.250816000000000081e-02
1.251327999999999989e-02
1.251840000000000071e-02
1.252351999999999979e-02
1.252864000000000061e-02
1.253375999999999969e-02
1.253888000000000051e-02
1.254399999999999959e-02
1.254912000000000041e-02
1.255423999999999950e-02
1.255936000000000032e-02
1.256447999999999940e-02
1.256960000000000022e-02
1.257472000000000104e-02
1.257984000000000012e-02
1.258496000000000094e-02
1.259008000000000002e-02
1.259520000000000084e-02
1.260031999999999992e-02
1.260544000000000074e-02
1.261055999999999983e-02
1.261568000000000064e-02
1.262079999999999973e-02
1.262592000000000055e-02
1.263103999999999963e-02
1.263616000000000045e-02
1.264127999999999953e-02
1.264640000000000035e-02
1.265151999999999943e-02
1.265664000000000025e-02
1.266176000000000107e-02
1.266688000000000015e-02
1.267200000000000097e-02
1.267712000000000006e-02
1.268224000000000087e-02
1.268735999999999996e-02
1.269248000000000078e-02
1.269759999999999986e-02
1.270272000000000068e-02
1.270783999999999976e-02
1.271296000000000058e-02
1.271807999999999966e-02
1.272320000000000048e-02
1.272831999999999956e-02
1.273344000000000038e-02
1.273855999999999947e-02
1.274368000000000029e-02
1.274880000000000110e-02
1.275392000000000019e-02
1.275904000000000101e-02
1.276416000000000009e-02
1.276928000000000091e-02
1.277439999999999999e-02
1.277952000000000081e-02
1.278463999999999989e-02
1.278976000000000071e-02
1.279487999999999980e-02
1.280000000000000061e-02
1.280511999999999970e-02
1.281024000000000052e-02
1.281535999999999960e-02
1.282048000000000042e-02
1.282559999999999950e-02
1.283072000000000032e-02
1.283583999999999940e-02
1.284096000000000022e-02
1.284608000000000104e-02
1.285120000000000012e-02
1.285632000000000094e-02
1.286144000000000003e-02
1.286656000000000084e-02
1.287167999999999993e-02
1.287680000000000075e-02
1.288191999999999983e-02
1.288704000000000065e-02
1.289215999999999973e-02
1.289728000000000055e-02
1.290239999999999963e-02
1.290752000000000045e-02
1.291263999999999953e-02
1.291776000000000035e-02
1.292287999999999944e-02
1.292800000000000026e-02
1.293312000000000107e-02
1.293824000000000016e-02
1.294336000000000098e-02
1.294848000000000006e-02
1.295360000000000088e-02
1.295871999999999996e-02
1.296384000000000078e-02
1.296895999999999986e-02
1.297408000000000068e-02
1.297919999999999977e-02
1.298432000000000058e-02
1.298943999999999967e-02
1.299456000000000049e-02
1.299967999999999957e-02
1.300480000000000039e-02
1.300991999999999947e-02
1.301504000000000029e-02
1.302016000000000111e-02
1.302528000000000019e-02
1.303040000000000101e-02
1.303552000000000009e-02
1.304064000000000091e-02
1.304576000000000000e-02
1.305088000000000081e-02
1.305599999999999990e-02
1.306112000000000072e-02
1.306623999999999980e-02
1.307136000000000062e-02
1.307647999999999970e-02
1.308160000000000052e-02
1.308671999999999960e-02
1.309184000000000042e-02
1.309695999999999950e-02
1.310208000000000032e-02
1.310719999999999941e-02
1.311232000000000023e-02
1.311744000000000104e-02
1.312256000000000013e-02
1.312768000000000095e-02
1.313280000000000003e-02
1.313792000000000085e-02
1.314303999999999993e-02
1.314816000000000075e-02
1.315327999999999983e-02
1.315840000000000065e-02
1.316351999999999974e-02
1.316864000000000055e-02
1.317375999999999964e-02
1.317888000000000046e-02
1.318399999999999954e-02
1.318912000000000036e-02
1.319423999999999944e-02
1.319936000000000026e-02
1.320448000000000108e-02
1.320960000000000016e-02
1.321472000000000098e-02
1.321984000000000006e-02
1.322496000000000088e-02
1.323007999999999997e-02
1.323520000000000078e-02
1.324031999999999987e-02
1.324544000000000069e-02
1.325055999999999977e-02
1.325568000000000059e-02
1.326079999999999967e-02
1.326592000000000049e-02
1.327103999999999957e-02
1.327616000000000039e-02
1.328127999999999947e-02
1.328640000000000029e-02
1.329152000000000111e-02
1.329664000000000020e-02
1.330176000000000101e-02
1.330688000000000010e-02
1.331200000000000092e-02
1.331712000000000000e-02
1.332224000000000082e-02
1.332735999999999990e-02
1.333248000000000072e-02
1.333759999999999980e-02
1.334272000000000062e-02
1.334783999999999970e-02
1.335296000000000052e-02
1.335807999999999961e-02
1.336320000000000043e-02
1.336831999999999951e-02
1.337344000000000033e-02
1.337856000000000115e-02
1.338368000000000023e-02
1.338880000000000105e-02
1.339392000000000013e-02
1.339904000000000095e-02
1.340416000000000003e-02
1.340928000000000085e-02
1.341439999999999994e-02
1.341952000000000075e-02
1.342463999999999984e-02
1.342976000000000066e-02
1.343487999999999974e-02
1.344000000000000056e-02
1.344511999999999964e-02
1.345024000000000046e-02
1.345535999999999954e-02
1.346048000000000036e-02
1.346559999999999944e-02
1.347072000000000026e-02
1.347584000000000108e-02
1.348096000000000017e-02
1.348608000000000098e-02
1.349120000000000007e-02
1.349632000000000089e-02
1.350143999999999997e-02
1.350656000000000079e-02
1.351167999999999987e-02
1.351680000000000069e-02
1.352191999999999977e-02
1.352704000000000059e-02
1.353215999999999967e-02
1.353728000000000049e-02
1.354239999999999958e-02
1.354752000000000040e-02
1.355263999999999948e-02
1.355776000000000030e-02
1.356288000000000112e-02
1.356800000000000020e-02
1.357312000000000102e-02
1.357824000000000010e-02
1.358336000000000092e-02
1.358848000000000000e-02
1.359360000000000082e-02
1.359871999999999991e-02
1.360384000000000072e-02
1.360895999999999981e-02
1.361408000000000063e-02
1.361919999999999971e-02
1.362432000000000053e-02
1.362943999999999961e-02
1.363456000000000043e-02
1.363967999999999951e-02
1.364480000000000033e-02
1.364992000000000115e-02
1.365504000000000023e-02
1.366016000000000105e-02
1.366528000000000014e-02
1.367040000000000095e-02
1.367552000000000004e-02
1.368064000000000086e-02
1.368575999999999994e-02
1.369088000000000076e-02
1.369599999999999984e-02
1.370112000000000066e-02
1.370623999999999974e-02
1.371136000000000056e-02
1.371647999999999964e-02
1.372160000000000046e-02
1.372671999999999955e-02
1.373184000000000037e-02
1.373695999999999945e-02
1.374208000000000027e-02
1.374720000000000109e-02
1.375232000000000017e-02
1.375744000000000099e-02
1.376256000000000007e-02
1.376768000000000089e-02
1.377279999999999997e-02
1.377792000000000079e-02
1.378303999999999988e-02
1.378816000000000069e-02
1.379327999999999978e-02
1.379840000000000060e-02
1.380351999999999968e-02
1.380864000000000050e-02
1.381375999999999958e-02
1.381888000000000040e-02
1.382399999999999948e-02
1.382912000000000030e-02
1.383424000000000112e-02
1.383936000000000020e-02
1.384448000000000102e-02
1.384960000000000011e-02
1.385472000000000092e-02
1.385984000000000001e-02
1.386496000000000083e-02
1.387007999999999991e-02
1.387520000000000073e-02
1.388031999999999981e-02
1.388544000000000063e-02
1.389055999999999971e-02
1.389568000000000053e-02
1.390079999999999961e-02
1.390592000000000043e-02
1.391103999999999952e-02
1.391616000000000034e-02
1.392128000000000115e-02
1.392640000000000024e-02
1.393152000000000106e-02
1.393664000000000014e-02
1.394176000000000096e-02
1.394688000000000004e-02
1.395200000000000086e-02
1.395711999999999994e-02
1.396224000000000076e-02
1.396735999999999984e-02
1.397248000000000066e-02
1.397759999999999975e-02
1.398272000000000057e-02
1.398783999999999965e-02
1.399296000000000047e-02
1.399807999999999955e-02
1.400320000000000037e-02
1.400831999999999945e-02
1.401344000000000027e-02
1.401856000000000109e-02
1.402368000000000017e-02
1.402880000000000099e-02
1.403392000000000008e-02
1.403904000000000089e-02
1.404415999999999998e-02
1.404928000000000080e-02
1.405439999999999988e-02
1.405952000000000070e-02
1.406463999999999978e-02
1.406976000000000060e-02
1.407487999999999968e-02
1.408000000000000050e-02
1.408511999999999958e-02
1.409024000000000040e-02
1.409535999999999949e-02
1.410048000000000031e-02
1.410560000000000112e-02
1.411072000000000021e-02
1.411584000000000103e-02
1.412096000000000011e-02
1.412608000000000093e-02
1.413120000000000001e-02
1.413632000000000083e-02
1.414143999999999991e-02
1.414656000000000073e-02
1.415167999999999981e-02
1.415680000000000063e-02
1.416191999999999972e-02
1.416704000000000054e-02
1.417215999999999962e-02
1.417728000000000044e-02
1.418239999999999952e-02
1.418752000000000034e-02
1.419264000000000116e-02
1.419776000000000024e-02
1.420288000000000106e-02
1.420800000000000014e-02
1.421312000000000096e-02
1.421824000000000005e-02
1.422336000000000086e-02
1.422847999999999995e-02
1.423360000000000077e-02
1.423871999999999985e-02
1.424384000000000067e-02
1.424895999999999975e-02
1.425408000000000057e-02
1.425919999999999965e-02
1.426432000000000047e-02
1.426943999999999955e-02
1.427456000000000037e-02
1.427967999999999946e-02
1.428480000000000028e-02
1.428992000000000109e-02
1.429504000000000018e-02
1.430016000000000100e-02
1.430528000000000008e-02
1.431040000000000090e-02
1.431551999999999998e-02
1.432064000000000080e-02
1.432575999999999988e-02
1.433088000000000070e-02
1.433599999999999978e-02
1.434112000000000060e-02
1.434623999999999969e-02
1.435136000000000051e-02
1.435647999999999959e-02
1.436160000000000041e-02
1.436671999999999949e-02
1.437184000000000031e-02
1.437696000000000113e-02
1.438208000000000021e-02
1.438720000000000103e-02
1.439232000000000011e-02
1.439744000000000093e-02
1.440256000000000002e-02
1.440768000000000083e-02
1.441279999999999992e-02
1.441792000000000074e-02
1.442303999999999982e-02
1.442816000000000064e-02
1.443327999999999972e-02
1.443840000000000054e-02
1.444351999999999962e-02
1.444864000000000044e-02
1.445375999999999952e-02
1.445888000000000034e-02
1.446400000000000116e-02
1.446912000000000025e-02
1.447424000000000106e-02
1.447936000000000015e-02
1.448448000000000097e-02
1.448960000000000005e-02
1.449472000000000087e-02
1.449983999999999995e-02
1.450496000000000077e-02
1.451007999999999985e-02
1.451520000000000067e-02
1.452031999999999975e-02
1.452544000000000057e-02
1.453055999999999966e-02
1.453568000000000048e-02
1.454079999999999956e-02
1.454592000000000038e-02
1.455103999999999946e-02
1.455616000000000028e-02
1.456128000000000110e-02
1.456640000000000018e-02
1.457152000000000100e-02
1.457664000000000008e-02
1.458176000000000090e-02
1.458687999999999999e-02
1.459200000000000080e-02
1.459711999999999989e-02
1.460224000000000071e-02
1.460735999999999979e-02
1.461248000000000061e-02
1.461759999999999969e-02
1.462272000000000051e-02
1.462783999999999959e-02
1.463296000000000041e-02
1.463807999999999949e-02
1.464320000000000031e-02
1.464832000000000113e-02
1.465344000000000022e-02
1.465856000000000103e-02
1.466368000000000012e-02
1.466880000000000094e-02
1.467392000000000002e-02
1.467904000000000084e-02
1.468415999999999992e-02
1.468928000000000074e-02
1.469439999999999982e-02
1.469952000000000064e-02
1.470463999999999972e-02
1.470976000000000054e-02
1.471487999999999963e-02
1.472000000000000045e-02
1.472511999999999953e-02
1.473024000000000035e-02
1.473536000000000117e-02
1.474048000000000025e-02
1.474560000000000107e-02
1.475072000000000015e-02
1.475584000000000097e-02
1.476096000000000005e-02
1.476608000000000087e-02
1.477119999999999995e-02
1.477632000000000077e-02
1.478143999999999986e-02
1.478656000000000068e-02
1.479167999999999976e-02
1.479680000000000058e-02
1.480191999999999966e-02
1.480704000000000048e-02
1.481215999999999956e-02
1.481728000000000038e-02
1.482239999999999946e-02
1.482752000000000028e-02
1.483264000000000110e-02
1.483776000000000019e-02
1.484288000000000100e-02
1.484800000000000009e-02
1.485312000000000091e-02
1.485823999999999999e-02
1.486336000000000081e-02
1.486847999999999989e-02
1.487360000000000071e-02
1.487871999999999979e-02
1.488384000000000061e-02
1.488895999999999969e-02
1.489408000000000051e-02
1.489919999999999960e-02
1.490432000000000042e-02
1.490943999999999950e-02
1.491456000000000032e-02
1.491968000000000114e-02
1.492480000000000022e-02
1.492992000000000104e-02
1.493504000000000012e-02
1.494016000000000094e-02
1.494528000000000002e-02
1.495040000000000084e-02
1.495551999999999992e-02
1.496064000000000074e-02
1.496575999999999983e-02
1.497088000000000065e-02
1.497599999999999973e-02
1.498112000000000055e-02
1.498623999999999963e-02
1.499136000000000045e-02
1.499647999999999953e-02
1.500160000000000035e-02
1.500672000000000117e-02
1.501184000000000025e-02
1.501696000000000107e-02
1.502208000000000016e-02
1.502720000000000097e-02
1.503232000000000006e-02
1.503744000000000088e-02
1.504255999999999996e-02
1.504768000000000078e-02
1.505279999999999986e-02
1.505792000000000068e-02
1.506303999999999976e-02
1.506816000000000058e-02
1.507327999999999966e-02
1.507840000000000048e-02
1.508351999999999957e-02
1.508864000000000039e-02
1.509375999999999947e-02
1.509888000000000029e-02
1.510400000000000111e-02
1.510912000000000019e-02
1.511424000000000101e-02
1.511936000000000009e-02
1.512448000000000091e-02
1.512959999999999999e-02
1.513472000000000081e-02
1.513983999999999989e-02
1.514496000000000071e-02
1.515007999999999980e-02
1.515520000000000062e-02
1.516031999999999970e-02
1.516544000000000052e-02
1.517055999999999960e-02
1.517568000000000042e-02
1.518079999999999950e-02
1.518592000000000032e-02
1.519104000000000114e-02
1.519616000000000022e-02
1.520128000000000104e-02
1.520640000000000013e-02
1.521152000000000094e-02
1.521664000000000003e-02
1.522176000000000085e-02
1.522687999999999993e-02
1.523200000000000075e-02
1.523711999999999983e-02
1.524224000000000065e-02
1.524735999999999973e-02
1.525248000000000055e-02
1.525759999999999963e-02
1.526272000000000045e-02
1.526783999999999954e-02
1.527296000000000036e-02
1.527808000000000117e-02
1.528320000000000026e-02
1.528832000000000108e-02
1.529344000000000016e-02
1.529856000000000098e-02
1.530368000000000006e-02
1.530880000000000088e-02
1.531391999999999996e-02
1.531904000000000078e-02
1.532415999999999986e-02
1.532928000000000068e-02
1.533439999999999977e-02
1.533952000000000059e-02
1.534463999999999967e-02
1.534976000000000049e-02
1.535487999999999957e-02
1.536000000000000039e-02
1.536511999999999947e-02
1.537024000000000029e-02
1.537536000000000111e-02
1.538048000000000019e-02
1.538560000000000101e-02
1.539072000000000010e-02
1.539584000000000091e-02
1.540096000000000000e-02
1.540608000000000082e-02
1.541119999999999990e-02
1.541632000000000072e-02
1.542143999999999980e-02
1.542656000000000062e-02
1.543167999999999970e-02
1.543680000000000052e-02
1.544191999999999960e-02
1.544704000000000042e-02
1.545215999999999951e-02
1.545728000000000033e-02
1.546240000000000114e-02
1.546752000000000023e-02
1.547264000000000105e-02
1.547776000000000013e-02
1.548288000000000095e-02
1.548800000000000003e-02
1.549312000000000085e-02
1.549823999999999993e-02
1.550336000000000075e-02
1.550847999999999983e-02
1.551360000000000065e-02
1.551871999999999974e-02
1.552384000000000056e-02
1.552895999999999964e-02
1.553408000000000046e-02
1.553919999999999954e-02
1.554432000000000036e-02
1.554944000000000118e-02
1.555456000000000026e-02
1.555968000000000108e-02
1.556480000000000016e-02
1.556992000000000098e-02
1.557504000000000006e-02
1.558016000000000088e-02
1.558527999999999997e-02
1.559040000000000079e-02
1.559551999999999987e-02
1.560064000000000069e-02
1.560575999999999977e-02
1.561088000000000059e-02
1.561599999999999967e-02
1.562112000000000049e-02
1.562623999999999957e-02
1.563136000000000039e-02
1.563648000000000121e-02
1.564160000000000203e-02
1.564671999999999938e-02
1.565184000000000020e-02
1.565696000000000102e-02
1.566208000000000183e-02
1.566719999999999918e-02
1.567232000000000000e-02
1.567744000000000082e-02
1.568256000000000164e-02
1.568767999999999899e-02
1.569279999999999980e-02
1.569792000000000062e-02
1.570304000000000144e-02
1.570815999999999879e-02
1.571327999999999961e-02
1.571840000000000043e-02
1.572352000000000125e-02
1.572864000000000206e-02
1.573375999999999941e-02
1.573888000000000023e-02
1.574400000000000105e-02
1.574912000000000187e-02
1.575423999999999922e-02
1.575936000000000003e-02
1.576448000000000085e-02
1.576960000000000167e-02
1.577471999999999902e-02
1.577983999999999984e-02
1.578496000000000066e-02
1.579008000000000148e-02
1.579519999999999882e-02
1.580031999999999964e-02
1.580544000000000046e-02
1.581056000000000128e-02
1.581567999999999863e-02
1.582079999999999945e-02
1.582592000000000027e-02
1.583104000000000108e-02
1.583616000000000190e-02
1.584127999999999925e-02
1.584640000000000007e-02
1.585152000000000089e-02
1.585664000000000171e-02
1.586175999999999905e-02
1.586687999999999987e-02
1.587200000000000069e-02
1.587712000000000151e-02
1.588223999999999886e-02
1.588735999999999968e-02
1.589248000000000050e-02
1.589760000000000131e-02
1.590271999999999866e-02
1.590783999999999948e-02
1.591296000000000030e-02
1.591808000000000112e-02
1.592320000000000194e-02
1.592831999999999928e-02
1.593344000000000010e-02
1.593856000000000092e-02
1.594368000000000174e-02
1.594879999999999909e-02
1.595391999999999991e-02
1.595904000000000073e-02
1.596416000000000154e-02
1.596927999999999889e-02
1.597439999999999971e-02
1.597952000000000053e-02
1.598464000000000135e-02
1.598975999999999870e-02
1.599487999999999951e-02
1.600000000000000033e-02
1.600512000000000115e-02
1.601024000000000197e-02
1.601535999999999932e-02
1.602048000000000014e-02
1.602560000000000096e-02
1.603072000000000177e-02
1.603583999999999912e-02
1.604095999999999994e-02
1.604608000000000076e-02
1.605120000000000158e-02
1.605631999999999893e-02
1.606143999999999974e-02
1.606656000000000056e-02
1.607168000000000138e-02
1.607679999999999873e-02
1.608191999999999955e-02
1.608704000000000037e-02
1.609216000000000119e-02
1.609728000000000200e-02
1.610239999999999935e-02
1.610752000000000017e-02
1.611264000000000099e-02
1.611776000000000181e-02
1.612287999999999916e-02
1.612799999999999997e-02
1.613312000000000079e-02
1.613824000000000161e-02
1.614335999999999896e-02
1.614847999999999978e-02
1.615360000000000060e-02
1.615872000000000142e-02
1.616383999999999876e-02
1.616895999999999958e-02
1.617408000000000040e-02
1.617920000000000122e-02
1.618432000000000204e-02
1.618943999999999939e-02
1.619456000000000021e-02
1.619968000000000102e-02
1.620480000000000184e-02
1.620991999999999919e-02
1.621504000000000001e-02
1.622016000000000083e-02
1.622528000000000165e-02
1.623039999999999899e-02
1.623551999999999981e-02
1.624064000000000063e-02
1.624576000000000145e-02
1.625087999999999880e-02
1.625599999999999962e-02
1.626112000000000044e-02
1.626624000000000125e-02
1.627136000000000207e-02
1.627647999999999942e-02
1.628160000000000024e-02
1.628672000000000106e-02
1.629184000000000188e-02
1.629695999999999922e-02
1.630208000000000004e-02
1.630720000000000086e-02
1.631232000000000168e-02
1.631743999999999903e-02
1.632255999999999985e-02
1.632768000000000067e-02
1.633280000000000148e-02
1.633791999999999883e-02
1.634303999999999965e-02
1.634816000000000047e-02
1.635328000000000129e-02
1.635839999999999864e-02
1.636351999999999945e-02
1.636864000000000027e-02
1.637376000000000109e-02
1.637888000000000191e-02
1.638399999999999926e-02
1.638912000000000008e-02
1.639424000000000090e-02
1.639936000000000171e-02
1.640447999999999906e-02
1.640959999999999988e-02
1.641472000000000070e-02
1.641984000000000152e-02
1.642495999999999887e-02
1.643007999999999968e-02
1.643520000000000050e-02
1.644032000000000132e-02
1.644543999999999867e-02
1.645055999999999949e-02
1.645568000000000031e-02
1.646080000000000113e-02
1.646592000000000194e-02
1.647103999999999929e-02
1.647616000000000011e-02
1.648128000000000093e-02
1.648640000000000175e-02
1.649151999999999910e-02
1.649663999999999991e-02
1.650176000000000073e-02
1.650688000000000155e-02
1.651199999999999890e-02
1.651711999999999972e-02
1.652224000000000054e-02
1.652736000000000136e-02
1.653247999999999870e-02
1.653759999999999952e-02
1.654272000000000034e-02
1.654784000000000116e-02
1.655296000000000198e-02
1.655807999999999933e-02
1.656320000000000014e-02
1.656832000000000096e-02
1.657344000000000178e-02
1.657855999999999913e-02
1.658367999999999995e-02
1.658880000000000077e-02
1.659392000000000159e-02
1.659903999999999893e-02
1.660415999999999975e-02
1.660928000000000057e-02
1.661440000000000139e-02
1.661951999999999874e-02
1.662463999999999956e-02
1.662976000000000038e-02
1.663488000000000119e-02
1.664000000000000201e-02
1.664511999999999936e-02
1.665024000000000018e-02
1.665536000000000100e-02
1.666048000000000182e-02
1.666559999999999916e-02
1.667071999999999998e-02
1.667584000000000080e-02
1.668096000000000162e-02
1.668607999999999897e-02
1.669119999999999979e-02
1.669632000000000061e-02
1.670144000000000142e-02
1.670655999999999877e-02
1.671167999999999959e-02
1.671680000000000041e-02
1.672192000000000123e-02
1.672704000000000205e-02
1.673215999999999939e-02
1.673728000000000021e-02
1.674240000000000103e-02
1.674752000000000185e-02
1.675263999999999920e-02
1.675776000000000002e-02
1.676288000000000084e-02
1.676800000000000165e-02
1.677311999999999900e-02
1.677823999999999982e-02
1.678336000000000064e-02
1.678848000000000146e-02
1.679359999999999881e-02
1.679871999999999962e-02
1.680384000000000044e-02
1.680896000000000126e-02
1.681408000000000208e-02
1.681919999999999943e-02
1.682432000000000025e-02
1.682944000000000107e-02
1.683456000000000188e-02
1.683967999999999923e-02
1.684480000000000005e-02
1.684992000000000087e-02
1.685504000000000169e-02
1.686015999999999904e-02
1.686527999999999985e-02
1.687040000000000067e-02
1.687552000000000149e-02
1.688063999999999884e-02
1.688575999999999966e-02
1.689088000000000048e-02
1.689600000000000130e-02
1.690111999999999864e-02
1.690623999999999946e-02
1.691136000000000028e-02
1.691648000000000110e-02
1.692160000000000192e-02
1.692671999999999927e-02
1.693184000000000008e-02
1.693696000000000090e-02
1.694208000000000172e-02
1.694719999999999907e-02
1.695231999999999989e-02
1.695744000000000071e-02
1.696256000000000153e-02
1.696767999999999887e-02
1.697279999999999969e-02
1.697792000000000051e-02
1.698304000000000133e-02
1.698815999999999868e-02
1.699327999999999950e-02
1.699840000000000031e-02
1.700352000000000113e-02
1.700864000000000195e-02
1.701375999999999930e-02
1.701888000000000012e-02
1.702400000000000094e-02
1.702912000000000176e-02
1.703423999999999910e-02
1.703935999999999992e-02
1.704448000000000074e-02
1.704960000000000156e-02
1.705471999999999891e-02
1.705983999999999973e-02
1.706496000000000055e-02
1.707008000000000136e-02
1.707519999999999871e-02
1.708031999999999953e-02
1.708544000000000035e-02
1.709056000000000117e-02
1.709568000000000199e-02
1.710079999999999933e-02
1.710592000000000015e-02
1.711104000000000097e-02
1.711616000000000179e-02
1.712127999999999914e-02
1.712639999999999996e-02
1.713152000000000078e-02
1.713664000000000159e-02
1.714175999999999894e-02
1.714687999999999976e-02
1.715200000000000058e-02
1.715712000000000140e-02
1.716223999999999875e-02
1.716735999999999956e-02
1.717248000000000038e-02
1.717760000000000120e-02
1.718272000000000202e-02
1.718783999999999937e-02
1.719296000000000019e-02
1.719808000000000101e-02
1.720320000000000182e-02
1.720831999999999917e-02
1.721343999999999999e-02
1.721856000000000081e-02
1.722368000000000163e-02
1.722879999999999898e-02
1.723391999999999979e-02
1.723904000000000061e-02
1.724416000000000143e-02
1.724927999999999878e-02
1.725439999999999960e-02
1.725952000000000042e-02
1.726464000000000124e-02
1.726976000000000205e-02
1.727487999999999940e-02
1.728000000000000022e-02
1.728512000000000104e-02
1.729024000000000186e-02
1.729535999999999921e-02
1.730048000000000002e-02
1.730560000000000084e-02
1.731072000000000166e-02
1.731583999999999901e-02
1.732095999999999983e-02
1.732608000000000065e-02
1.733120000000000147e-02
1.733631999999999881e-02
1.734143999999999963e-02
1.734656000000000045e-02
1.735168000000000127e-02
1.735680000000000209e-02
1.736191999999999944e-02
1.736704000000000025e-02
1.737216000000000107e-02
1.737728000000000189e-02
1.738239999999999924e-02
1.738752000000000006e-02
1.739264000000000088e-02
1.739776000000000170e-02
1.740287999999999904e-02
1.740799999999999986e-02
1.741312000000000068e-02
1.741824000000000150e-02
1.742335999999999885e-02
1.742847999999999967e-02
1.743360000000000049e-02
1.743872000000000130e-02
1.744383999999999865e-02
1.744895999999999947e-02
1.745408000000000029e-02
1.745920000000000111e-02
1.746432000000000193e-02
1.746943999999999927e-02
1.747456000000000009e-02
1.747968000000000091e-02
1.748480000000000173e-02
1.748991999999999908e-02
1.749503999999999990e-02
1.750016000000000072e-02
1.750528000000000153e-02
1.751039999999999888e-02
1.751551999999999970e-02
1.752064000000000052e-02
1.752576000000000134e-02
1.753087999999999869e-02
1.753599999999999950e-02
1.754112000000000032e-02
1.754624000000000114e-02
1.755136000000000196e-02
1.755647999999999931e-02
1.756160000000000013e-02
1.756672000000000095e-02
1.757184000000000176e-02
1.757695999999999911e-02
1.758207999999999993e-02
1.758720000000000075e-02
1.759232000000000157e-02
1.759743999999999892e-02
1.760255999999999973e-02
1.760768000000000055e-02
1.761280000000000137e-02
1.761791999999999872e-02
1.762303999999999954e-02
1.762816000000000036e-02
1.763328000000000118e-02
1.763840000000000199e-02
1.764351999999999934e-02
1.764864000000000016e-02
1.765376000000000098e-02
1.765888000000000180e-02
1.766399999999999915e-02
1.766911999999999996e-02
1.767424000000000078e-02
1.767936000000000160e-02
1.768447999999999895e-02
1.768959999999999977e-02
1.769472000000000059e-02
1.769984000000000141e-02
1.770495999999999875e-02
1.771007999999999957e-02
1.771520000000000039e-02
1.772032000000000121e-02
1.772544000000000203e-02
1.773055999999999938e-02
1.773568000000000019e-02
1.774080000000000101e-02
1.774592000000000183e-02
1.775103999999999918e-02
1.775616000000000000e-02
1.776128000000000082e-02
1.776640000000000164e-02
1.777151999999999898e-02
1.777663999999999980e-02
1.778176000000000062e-02
1.778688000000000144e-02
1.779199999999999879e-02
1.779711999999999961e-02
1.780224000000000042e-02
1.780736000000000124e-02
1.781248000000000206e-02
1.781759999999999941e-02
1.782272000000000023e-02
1.782784000000000105e-02
1.783296000000000187e-02
1.783807999999999921e-02
1.784320000000000003e-02
1.784832000000000085e-02
1.785344000000000167e-02
1.785855999999999902e-02
1.786367999999999984e-02
1.786880000000000066e-02
1.787392000000000147e-02
1.787903999999999882e-02
1.788415999999999964e-02
1.788928000000000046e-02
1.789440000000000128e-02
1.789952000000000210e-02
1.790463999999999944e-02
1.790976000000000026e-02
1.791488000000000108e-02
1.792000000000000190e-02
1.792511999999999925e-02
1.793024000000000007e-02
1.793536000000000089e-02
1.794048000000000170e-02
1.794559999999999905e-02
1.795071999999999987e-02
1.795584000000000069e-02
1.796096000000000151e-02
1.796607999999999886e-02
1.797119999999999967e-02
1.797632000000000049e-02
1.798144000000000131e-02
1.798655999999999866e-02
1.799167999999999948e-02
1.799680000000000030e-02
1.800192000000000112e-02
1.800704000000000193e-02
1.801215999999999928e-02
1.801728000000000010e-02
1.802240000000000092e-02
1.802752000000000174e-02
1.803263999999999909e-02
1.803775999999999990e-02
1.804288000000000072e-02
1.804800000000000154e-02
1.805311999999999889e-02
1.805823999999999971e-02
1.806336000000000053e-02
1.806848000000000135e-02
1.807359999999999869e-02
1.807871999999999951e-02
1.808384000000000033e-02
1.808896000000000115e-02
1.809408000000000197e-02
1.809919999999999932e-02
1.810432000000000013e-02
1.810944000000000095e-02
1.811456000000000177e-02
1.811967999999999912e-02
1.812479999999999994e-02
1.812992000000000076e-02
1.813504000000000158e-02
1.814015999999999892e-02
1.814527999999999974e-02
1.815040000000000056e-02
1.815552000000000138e-02
1.816063999999999873e-02
1.816575999999999955e-02
1.817088000000000036e-02
1.817600000000000118e-02
1.818112000000000200e-02
1.818623999999999935e-02
1.819136000000000017e-02
1.819648000000000099e-02
1.820160000000000181e-02
1.820671999999999915e-02
1.821183999999999997e-02
1.821696000000000079e-02
1.822208000000000161e-02
1.822719999999999896e-02
1.823231999999999978e-02
1.823744000000000060e-02
1.824256000000000141e-02
1.824767999999999876e-02
1.825279999999999958e-02
1.825792000000000040e-02
1.826304000000000122e-02
1.826816000000000204e-02
1.827327999999999938e-02
1.827840000000000020e-02
1.828352000000000102e-02
1.828864000000000184e-02
1.829375999999999919e-02
1.829888000000000001e-02
1.830400000000000083e-02
1.830912000000000164e-02
1.831423999999999899e-02
1.831935999999999981e-02
1.832448000000000063e-02
1.832960000000000145e-02
1.833471999999999880e-02
1.833983999999999961e-02
1.834496000000000043e-02
1.835008000000000125e-02
1.835520000000000207e-02
1.836031999999999942e-02
1.836544000000000024e-02
1.837056000000000106e-02
1.837568000000000187e-02
1.838079999999999922e-02
1.838592000000000004e-02
1.839104000000000086e-02
1.839616000000000168e-02
1.840127999999999903e-02
1.840639999999999984e-02
1.841152000000000066e-02
1.841664000000000148e-02
1.842175999999999883e-02
1.842687999999999965e-02
1.843200000000000047e-02
1.843712000000000129e-02
1.844224000000000210e-02
1.844735999999999945e-02
1.845248000000000027e-02
1.845760000000000109e-02
1.846272000000000191e-02
1.846783999999999926e-02
1.847296000000000007e-02
1.847808000000000089e-02
1.848320000000000171e-02
1.848831999999999906e-02
1.849343999999999988e-02
1.849856000000000070e-02
1.850368000000000152e-02
1.850879999999999886e-02
1.851391999999999968e-02
1.851904000000000050e-02
1.852416000000000132e-02
1.852927999999999867e-02
1.853439999999999949e-02
1.853952000000000030e-02
1.854464000000000112e-02
1.854976000000000194e-02
1.855487999999999929e-02
1.856000000000000011e-02
1.856512000000000093e-02
1.857024000000000175e-02
1.857535999999999909e-02
1.858047999999999991e-02
1.858560000000000073e-02
1.859072000000000155e-02
1.859583999999999890e-02
1.860095999999999972e-02
1.860608000000000053e-02
1.861120000000000135e-02
1.861631999999999870e-02
1.862143999999999952e-02
1.862656000000000034e-02
1.863168000000000116e-02
1.863680000000000198e-02
1.864191999999999932e-02
1.864704000000000014e-02
1.865216000000000096e-02
1.865728000000000178e-02
1.866239999999999913e-02
1.866751999999999995e-02
1.867264000000000077e-02
1.867776000000000158e-02
1.868287999999999893e-02
1.868799999999999975e-02
1.869312000000000057e-02
1.869824000000000139e-02
1.870335999999999874e-02
1.870847999999999955e-02
1.871360000000000037e-02
1.871872000000000119e-02
1.872384000000000201e-02
1.872895999999999936e-02
1.873408000000000018e-02
1.873920000000000100e-02
1.874432000000000181e-02
1.874943999999999916e-02
1.875455999999999998e-02
1.875968000000000080e-02
1.876480000000000162e-02
1.876991999999999897e-02
1.877503999999999978e-02
1.878016000000000060e-02
1.878528000000000142e-02
1.879039999999999877e-02
1.879551999999999959e-02
1.880064000000000041e-02
1.880576000000000123e-02
1.881088000000000204e-02
1.881599999999999939e-02
1.882112000000000021e-02
1.882624000000000103e-02
1.883136000000000185e-02
1.883647999999999920e-02
1.884160000000000001e-02
1.884672000000000083e-02
1.885184000000000165e-02
1.885695999999999900e-02
1.886207999999999982e-02
1.886720000000000064e-02
1.887232000000000146e-02
1.887743999999999880e-02
1.888255999999999962e-02
1.888768000000000044e-02
1.889280000000000126e-02
1.889792000000000208e-02
1.890303999999999943e-02
1.890816000000000024e-02
1.891328000000000106e-02
1.891840000000000188e-02
1.892351999999999923e-02
1.892864000000000005e-02
1.893376000000000087e-02
1.893888000000000169e-02
1.894399999999999903e-02
1.894911999999999985e-02
1.895424000000000067e-02
1.895936000000000149e-02
1.896447999999999884e-02
1.896959999999999966e-02
1.897472000000000047e-02
1.897984000000000129e-02
1.898496000000000211e-02
1.899007999999999946e-02
1.899520000000000028e-02
1.900032000000000110e-02
1.900544000000000192e-02
1.901055999999999926e-02
1.901568000000000008e-02
1.902080000000000090e-02
1.902592000000000172e-02
1.903103999999999907e-02
1.903615999999999989e-02
1.904128000000000071e-02
1.904640000000000152e-02
1.905151999999999887e-02
1.905663999999999969e-02
1.906176000000000051e-02
1.906688000000000133e-02
1.907199999999999868e-02
1.907711999999999949e-02
1.908224000000000031e-02
1.908736000000000113e-02
1.909248000000000195e-02
1.909759999999999930e-02
1.910272000000000012e-02
1.910784000000000094e-02
1.911296000000000175e-02
1.911807999999999910e-02
1.912319999999999992e-02
1.912832000000000074e-02
1.913344000000000156e-02
1.913855999999999891e-02
1.914367999999999972e-02
1.914880000000000054e-02
1.915392000000000136e-02
1.915903999999999871e-02
1.916415999999999953e-02
1.916928000000000035e-02
1.917440000000000117e-02
1.917952000000000198e-02
1.918463999999999933e-02
1.918976000000000015e-02
1.919488000000000097e-02
1.920000000000000179e-02
1.920511999999999914e-02
1.921023999999999995e-02
1.921536000000000077e-02
1.922048000000000159e-02
1.922559999999999894e-02
1.923071999999999976e-02
1.923584000000000058e-02
1.924096000000000140e-02
1.924607999999999874e-02
1.925119999999999956e-02
1.925632000000000038e-02
1.926144000000000120e-02
1.926656000000000202e-02
1.927167999999999937e-02
1.927680000000000018e-02
1.928192000000000100e-02
1.928704000000000182e-02
1.929215999999999917e-02
1.929727999999999999e-02
1.930240000000000081e-02
1.930752000000000163e-02
1.931263999999999897e-02
1.931775999999999979e-02
1.932288000000000061e-02
1.932800000000000143e-02
1.933311999999999878e-02
1.933823999999999960e-02
1.934336000000000041e-02
1.934848000000000123e-02
1.935360000000000205e-02
1.935871999999999940e-02
1.936384000000000022e-02
1.936896000000000104e-02
1.937408000000000186e-02
1.937919999999999920e-02
1.938432000000000002e-02
1.938944000000000084e-02
1.939456000000000166e-02
1.939967999999999901e-02
1.940479999999999983e-02
1.940992000000000064e-02
1.941504000000000146e-02
1.942015999999999881e-02
1.942527999999999963e-02
1.943040000000000045e-02
1.943552000000000127e-02
1.944064000000000209e-02
1.944575999999999943e-02
1.945088000000000025e-02
1.945600000000000107e-02
1.946112000000000189e-02
1.946623999999999924e-02
1.947136000000000006e-02
1.947648000000000088e-02
1.948160000000000169e-02
1.948671999999999904e-02
1.949183999999999986e-02
1.949696000000000068e-02
1.950208000000000150e-02
1.950719999999999885e-02
1.951231999999999966e-02
1.951744000000000048e-02
1.952256000000000130e-02
1.952768000000000212e-02
1.953279999999999947e-02
1.953792000000000029e-02
1.954304000000000111e-02
1.954816000000000192e-02
1.955327999999999927e-02
1.955840000000000009e-02
1.956352000000000091e-02
1.956864000000000173e-02
1.957375999999999908e-02
1.957887999999999989e-02
1.958400000000000071e-02
1.958912000000000153e-02
1.959423999999999888e-02
1.959935999999999970e-02
1.960448000000000052e-02
1.960960000000000134e-02
1.961471999999999868e-02
1.961983999999999950e-02
1.962496000000000032e-02
1.963008000000000114e-02
1.963520000000000196e-02
1.964031999999999931e-02
1.964544000000000012e-02
1.965056000000000094e-02
1.965568000000000176e-02
1.966079999999999911e-02
1.966591999999999993e-02
1.967104000000000075e-02
1.967616000000000157e-02
1.968127999999999891e-02
1.968639999999999973e-02
1.969152000000000055e-02
1.969664000000000137e-02
1.970175999999999872e-02
1.970687999999999954e-02
1.971200000000000035e-02
1.971712000000000117e-02
1.972224000000000199e-02
1.972735999999999934e-02
1.973248000000000016e-02
1.973760000000000098e-02
1.974272000000000180e-02
1.974783999999999914e-02
1.975295999999999996e-02
1.975808000000000078e-02
1.976320000000000160e-02
1.976831999999999895e-02
1.977343999999999977e-02
1.977856000000000058e-02
1.978368000000000140e-02
1.978879999999999875e-02
1.979391999999999957e-02
1.979904000000000039e-02
1.980416000000000121e-02
1.980928000000000203e-02
1.981439999999999937e-02
1.981952000000000019e-02
1.982464000000000101e-02
1.982976000000000183e-02
1.983487999999999918e-02
1.984000000000000000e-02
1.984512000000000082e-02
1.985024000000000163e-02
1.985535999999999898e-02
1.986047999999999980e-02
1.986560000000000062e-02
1.987072000000000144e-02
1.987583999999999879e-02
1.988095999999999960e-02
1.988608000000000042e-02
1.989120000000000124e-02
1.989632000000000206e-02
1.990143999999999941e-02
1.990656000000000023e-02
1.991168000000000105e-02
1.991680000000000186e-02
1.992191999999999921e-02
1.992704000000000003e-02
1.993216000000000085e-02
1.993728000000000167e-02
1.994239999999999902e-02
1.994751999999999983e-02
1.995264000000000065e-02
1.995776000000000147e-02
1.996287999999999882e-02
1.996799999999999964e-02
1.997312000000000046e-02
1.997824000000000128e-02
1.998336000000000209e-02
1.998847999999999944e-02
1.999360000000000026e-02
1.999872000000000108e-02
2.000384000000000190e-02
2.000895999999999925e-02
2.001408000000000006e-02
2.001920000000000088e-02
2.002432000000000170e-02
2.002943999999999905e-02
2.003455999999999987e-02
2.003968000000000069e-02
2.004480000000000151e-02
2.004991999999999885e-02
2.005503999999999967e-02
2.006016000000000049e-02
2.006528000000000131e-02
2.007040000000000213e-02
2.007551999999999948e-02
2.008064000000000029e-02
2.008576000000000111e-02
2.009088000000000193e-02
2.009599999999999928e-02
2.010112000000000010e-02
2.010624000000000092e-02
2.011136000000000174e-02
2.011647999999999908e-02
2.012159999999999990e-02
2.012672000000000072e-02
2.013184000000000154e-02
2.013695999999999889e-02
2.014207999999999971e-02
2.014720000000000052e-02
2.015232000000000134e-02
2.015743999999999869e-02
2.016255999999999951e-02
2.016768000000000033e-02
2.017280000000000115e-02
2.017792000000000197e-02
2.018303999999999931e-02
2.018816000000000013e-02
2.019328000000000095e-02
2.019840000000000177e-02
2.020351999999999912e-02
2.020863999999999994e-02
2.021376000000000075e-02
2.021888000000000157e-02
2.022399999999999892e-02
2.022911999999999974e-02
2.023424000000000056e-02
2.023936000000000138e-02
2.024447999999999873e-02
2.024959999999999954e-02
2.025472000000000036e-02
2.025984000000000118e-02
2.026496000000000200e-02
2.027007999999999935e-02
2.027520000000000017e-02
2.028032000000000099e-02
2.028544000000000180e-02
2.029055999999999915e-02
2.029567999999999997e-02
2.030080000000000079e-02
2.030592000000000161e-02
2.031103999999999896e-02
