0.000000000000000000e+00
3.200000000000000067e-07
6.400000000000000134e-07
9.600000000000001260e-07
1.280000000000000027e-06
1.599999999999999928e-06
1.920000000000000252e-06
2.240000000000000153e-06
2.560000000000000054e-06
2.879999999999999954e-06
3.199999999999999855e-06
3.520000000000000180e-06
3.840000000000000504e-06
4.159999999999999981e-06
4.480000000000000305e-06
4.799999999999999783e-06
5.120000000000000107e-06
5.440000000000000431e-06
5.759999999999999909e-06
6.080000000000000233e-06
6.399999999999999710e-06
6.720000000000000035e-06
7.040000000000000359e-06
7.359999999999999836e-06
7.680000000000001008e-06
7.999999999999999638e-06
8.319999999999999962e-06
8.640000000000000287e-06
8.960000000000000611e-06
9.280000000000000935e-06
9.599999999999999566e-06
9.919999999999999890e-06
1.024000000000000021e-05
1.056000000000000054e-05
1.088000000000000086e-05
1.119999999999999949e-05
1.151999999999999982e-05
1.184000000000000014e-05
1.216000000000000047e-05
1.248000000000000079e-05
1.279999999999999942e-05
1.311999999999999975e-05
1.344000000000000007e-05
1.376000000000000039e-05
1.408000000000000072e-05
1.440000000000000104e-05
1.471999999999999967e-05
1.504000000000000000e-05
1.536000000000000202e-05
1.567999999999999895e-05
1.599999999999999928e-05
1.631999999999999960e-05
1.663999999999999992e-05
1.696000000000000025e-05
1.728000000000000057e-05
1.760000000000000090e-05
1.792000000000000122e-05
1.824000000000000155e-05
1.856000000000000187e-05
1.887999999999999881e-05
1.919999999999999913e-05
1.951999999999999946e-05
1.983999999999999978e-05
2.016000000000000010e-05
2.048000000000000043e-05
2.080000000000000075e-05
2.112000000000000108e-05
2.144000000000000140e-05
2.176000000000000173e-05
2.208000000000000205e-05
2.239999999999999899e-05
2.271999999999999931e-05
2.303999999999999964e-05
2.335999999999999996e-05
2.368000000000000028e-05
2.400000000000000061e-05
2.432000000000000093e-05
2.464000000000000126e-05
2.496000000000000158e-05
2.528000000000000191e-05
2.559999999999999884e-05
2.591999999999999917e-05
2.623999999999999949e-05
2.655999999999999981e-05
2.688000000000000014e-05
2.720000000000000046e-05
2.752000000000000079e-05
2.784000000000000111e-05
2.816000000000000144e-05
2.848000000000000176e-05
2.880000000000000208e-05
2.911999999999999902e-05
2.943999999999999935e-05
2.975999999999999967e-05
3.007999999999999999e-05
3.040000000000000032e-05
3.072000000000000403e-05
3.104000000000000097e-05
3.135999999999999790e-05
3.168000000000000162e-05
3.199999999999999855e-05
3.232000000000000226e-05
3.263999999999999920e-05
3.296000000000000291e-05
3.327999999999999985e-05
3.360000000000000356e-05
3.392000000000000050e-05
3.423999999999999743e-05
3.456000000000000115e-05
3.487999999999999808e-05
3.520000000000000180e-05
3.551999999999999873e-05
3.584000000000000244e-05
3.615999999999999938e-05
3.648000000000000309e-05
3.680000000000000003e-05
3.712000000000000374e-05
3.744000000000000068e-05
3.775999999999999761e-05
3.808000000000000133e-05
3.839999999999999826e-05
3.872000000000000197e-05
3.903999999999999891e-05
3.936000000000000262e-05
3.967999999999999956e-05
4.000000000000000327e-05
4.032000000000000021e-05
4.064000000000000392e-05
4.096000000000000086e-05
4.127999999999999779e-05
4.160000000000000151e-05
4.191999999999999844e-05
4.224000000000000215e-05
4.255999999999999909e-05
4.288000000000000280e-05
4.319999999999999974e-05
4.352000000000000345e-05
4.384000000000000039e-05
4.416000000000000410e-05
4.448000000000000104e-05
4.479999999999999797e-05
4.512000000000000169e-05
4.543999999999999862e-05
4.576000000000000233e-05
4.607999999999999927e-05
4.640000000000000298e-05
4.671999999999999992e-05
4.704000000000000363e-05
4.736000000000000057e-05
4.768000000000000428e-05
4.800000000000000122e-05
4.831999999999999815e-05
4.864000000000000186e-05
4.895999999999999880e-05
4.928000000000000251e-05
4.959999999999999945e-05
4.992000000000000316e-05
5.024000000000000010e-05
5.056000000000000381e-05
5.088000000000000075e-05
5.119999999999999768e-05
5.152000000000000140e-05
5.183999999999999833e-05
5.216000000000000204e-05
5.247999999999999898e-05
5.280000000000000269e-05
5.311999999999999963e-05
5.344000000000000334e-05
5.376000000000000028e-05
5.408000000000000399e-05
5.440000000000000093e-05
5.471999999999999786e-05
5.504000000000000158e-05
5.535999999999999851e-05
5.568000000000000222e-05
5.599999999999999916e-05
5.632000000000000287e-05
5.663999999999999981e-05
5.696000000000000352e-05
5.728000000000000046e-05
5.760000000000000417e-05
5.792000000000000111e-05
5.823999999999999804e-05
5.856000000000000175e-05
5.887999999999999869e-05
5.920000000000000240e-05
5.951999999999999934e-05
5.984000000000000305e-05
6.015999999999999999e-05
6.048000000000000370e-05
6.080000000000000064e-05
6.111999999999999757e-05
6.144000000000000806e-05
6.176000000000000500e-05
6.208000000000000193e-05
6.239999999999999887e-05
6.271999999999999581e-05
6.304000000000000630e-05
6.336000000000000323e-05
6.368000000000000017e-05
6.399999999999999710e-05
6.432000000000000759e-05
6.464000000000000453e-05
6.496000000000000147e-05
6.527999999999999840e-05
6.559999999999999534e-05
6.592000000000000583e-05
6.624000000000000276e-05
6.655999999999999970e-05
6.687999999999999663e-05
6.720000000000000712e-05
6.752000000000000406e-05
6.784000000000000100e-05
6.815999999999999793e-05
6.847999999999999487e-05
6.880000000000000536e-05
6.912000000000000229e-05
6.943999999999999923e-05
6.975999999999999617e-05
7.008000000000000665e-05
7.040000000000000359e-05
7.072000000000000053e-05
7.103999999999999746e-05
7.136000000000000795e-05
7.168000000000000489e-05
7.200000000000000182e-05
7.231999999999999876e-05
7.263999999999999570e-05
7.296000000000000619e-05
7.328000000000000312e-05
7.360000000000000006e-05
7.391999999999999699e-05
7.424000000000000748e-05
7.456000000000000442e-05
7.488000000000000135e-05
7.519999999999999829e-05
7.551999999999999523e-05
7.584000000000000572e-05
7.616000000000000265e-05
7.647999999999999959e-05
7.679999999999999652e-05
7.712000000000000701e-05
7.744000000000000395e-05
7.776000000000000089e-05
7.807999999999999782e-05
7.840000000000000831e-05
7.872000000000000525e-05
7.904000000000000218e-05
7.935999999999999912e-05
7.967999999999999606e-05
8.000000000000000654e-05
8.032000000000000348e-05
8.064000000000000042e-05
8.095999999999999735e-05
8.128000000000000784e-05
8.160000000000000478e-05
8.192000000000000171e-05
8.223999999999999865e-05
8.255999999999999559e-05
8.288000000000000608e-05
8.320000000000000301e-05
8.351999999999999995e-05
8.383999999999999688e-05
8.416000000000000737e-05
8.448000000000000431e-05
8.480000000000000124e-05
8.511999999999999818e-05
8.543999999999999512e-05
8.576000000000000561e-05
8.608000000000000254e-05
8.639999999999999948e-05
8.671999999999999641e-05
8.704000000000000690e-05
8.736000000000000384e-05
8.768000000000000078e-05
8.799999999999999771e-05
8.832000000000000820e-05
8.864000000000000514e-05
8.896000000000000207e-05
8.927999999999999901e-05
8.959999999999999595e-05
8.992000000000000643e-05
9.024000000000000337e-05
9.056000000000000031e-05
9.087999999999999724e-05
9.120000000000000773e-05
9.152000000000000467e-05
9.184000000000000160e-05
9.215999999999999854e-05
9.247999999999999548e-05
9.280000000000000597e-05
9.312000000000000290e-05
9.343999999999999984e-05
9.375999999999999677e-05
9.408000000000000726e-05
9.440000000000000420e-05
9.472000000000000113e-05
9.503999999999999807e-05
9.536000000000000856e-05
9.568000000000000550e-05
9.600000000000000243e-05
9.631999999999999937e-05
9.663999999999999630e-05
9.696000000000000679e-05
9.728000000000000373e-05
9.760000000000000067e-05
9.791999999999999760e-05
9.824000000000000809e-05
9.856000000000000503e-05
9.888000000000000196e-05
9.919999999999999890e-05
9.951999999999999584e-05
9.984000000000000632e-05
1.001600000000000033e-04
1.004800000000000002e-04
1.007999999999999971e-04
1.011200000000000076e-04
1.014400000000000046e-04
1.017600000000000015e-04
1.020799999999999984e-04
1.023999999999999954e-04
1.027200000000000059e-04
1.030400000000000028e-04
1.033599999999999997e-04
1.036799999999999967e-04
1.040000000000000072e-04
1.043200000000000041e-04
1.046400000000000010e-04
1.049599999999999980e-04
1.052800000000000084e-04
1.056000000000000054e-04
1.059200000000000023e-04
1.062399999999999993e-04
1.065599999999999962e-04
1.068800000000000067e-04
1.072000000000000036e-04
1.075200000000000006e-04
1.078399999999999975e-04
1.081600000000000080e-04
1.084800000000000049e-04
1.088000000000000019e-04
1.091199999999999988e-04
1.094399999999999957e-04
1.097600000000000062e-04
1.100800000000000032e-04
1.104000000000000001e-04
1.107199999999999970e-04
1.110400000000000075e-04
1.113600000000000044e-04
1.116800000000000014e-04
1.119999999999999983e-04
1.123200000000000088e-04
1.126400000000000057e-04
1.129600000000000027e-04
1.132799999999999996e-04
1.135999999999999966e-04
1.139200000000000070e-04
1.142400000000000040e-04
1.145600000000000009e-04
1.148799999999999979e-04
1.152000000000000083e-04
1.155200000000000053e-04
1.158400000000000022e-04
1.161599999999999991e-04
1.164799999999999961e-04
1.168000000000000066e-04
1.171200000000000035e-04
1.174400000000000004e-04
1.177599999999999974e-04
1.180800000000000079e-04
1.184000000000000048e-04
1.187200000000000017e-04
1.190399999999999987e-04
1.193600000000000092e-04
1.196800000000000061e-04
1.200000000000000030e-04
1.203200000000000000e-04
1.206399999999999969e-04
1.209600000000000074e-04
1.212800000000000043e-04
1.216000000000000013e-04
1.219199999999999982e-04
1.222399999999999951e-04
1.225599999999999921e-04
1.228800000000000161e-04
1.232000000000000131e-04
1.235200000000000100e-04
1.238400000000000069e-04
1.241600000000000039e-04
1.244800000000000008e-04
1.247999999999999977e-04
1.251199999999999947e-04
1.254399999999999916e-04
1.257600000000000157e-04
1.260800000000000126e-04
1.264000000000000095e-04
1.267200000000000065e-04
1.270400000000000034e-04
1.273600000000000003e-04
1.276799999999999973e-04
1.279999999999999942e-04
1.283199999999999911e-04
1.286400000000000152e-04
1.289600000000000121e-04
1.292800000000000091e-04
1.296000000000000060e-04
1.299200000000000029e-04
1.302399999999999999e-04
1.305599999999999968e-04
1.308799999999999937e-04
1.311999999999999907e-04
1.315200000000000147e-04
1.318400000000000117e-04
1.321600000000000086e-04
1.324800000000000055e-04
1.328000000000000025e-04
1.331199999999999994e-04
1.334399999999999963e-04
1.337599999999999933e-04
1.340799999999999902e-04
1.344000000000000142e-04
1.347200000000000112e-04
1.350400000000000081e-04
1.353600000000000051e-04
1.356800000000000020e-04
1.359999999999999989e-04
1.363199999999999959e-04
1.366399999999999928e-04
1.369599999999999897e-04
1.372800000000000138e-04
1.376000000000000107e-04
1.379200000000000077e-04
1.382400000000000046e-04
1.385600000000000015e-04
1.388799999999999985e-04
1.391999999999999954e-04
1.395199999999999923e-04
1.398400000000000164e-04
1.401600000000000133e-04
1.404800000000000102e-04
1.408000000000000072e-04
1.411200000000000041e-04
1.414400000000000011e-04
1.417599999999999980e-04
1.420799999999999949e-04
1.423999999999999919e-04
1.427200000000000159e-04
1.430400000000000128e-04
1.433600000000000098e-04
1.436800000000000067e-04
1.440000000000000036e-04
1.443200000000000006e-04
1.446399999999999975e-04
1.449599999999999945e-04
1.452799999999999914e-04
1.456000000000000154e-04
1.459200000000000124e-04
1.462400000000000093e-04
1.465600000000000062e-04
1.468800000000000032e-04
1.472000000000000001e-04
1.475199999999999971e-04
1.478399999999999940e-04
1.481599999999999909e-04
1.484800000000000150e-04
1.488000000000000119e-04
1.491200000000000088e-04
1.494400000000000058e-04
1.497600000000000027e-04
1.500799999999999996e-04
1.503999999999999966e-04
1.507199999999999935e-04
1.510399999999999905e-04
1.513600000000000145e-04
1.516800000000000114e-04
1.520000000000000084e-04
1.523200000000000053e-04
1.526400000000000022e-04
1.529599999999999992e-04
1.532799999999999961e-04
1.535999999999999930e-04
1.539199999999999900e-04
1.542400000000000140e-04
1.545600000000000110e-04
1.548800000000000079e-04
1.552000000000000048e-04
1.555200000000000018e-04
1.558399999999999987e-04
1.561599999999999956e-04
1.564799999999999926e-04
1.568000000000000166e-04
1.571200000000000136e-04
1.574400000000000105e-04
1.577600000000000074e-04
1.580800000000000044e-04
1.584000000000000013e-04
1.587199999999999982e-04
1.590399999999999952e-04
1.593599999999999921e-04
1.596800000000000162e-04
1.600000000000000131e-04
1.603200000000000100e-04
1.606400000000000070e-04
1.609600000000000039e-04
1.612800000000000008e-04
1.615999999999999978e-04
1.619199999999999947e-04
1.622399999999999916e-04
1.625600000000000157e-04
1.628800000000000126e-04
1.632000000000000096e-04
1.635200000000000065e-04
1.638400000000000034e-04
1.641600000000000004e-04
1.644799999999999973e-04
1.647999999999999942e-04
1.651199999999999912e-04
1.654400000000000152e-04
1.657600000000000122e-04
1.660800000000000091e-04
1.664000000000000060e-04
1.667200000000000030e-04
1.670399999999999999e-04
1.673599999999999968e-04
1.676799999999999938e-04
1.679999999999999907e-04
1.683200000000000147e-04
1.686400000000000117e-04
1.689600000000000086e-04
1.692800000000000056e-04
1.696000000000000025e-04
1.699199999999999994e-04
1.702399999999999964e-04
1.705599999999999933e-04
1.708799999999999902e-04
1.712000000000000143e-04
1.715200000000000112e-04
1.718400000000000081e-04
1.721600000000000051e-04
1.724800000000000020e-04
1.727999999999999990e-04
1.731199999999999959e-04
1.734399999999999928e-04
1.737600000000000169e-04
1.740800000000000138e-04
1.744000000000000107e-04
1.747200000000000077e-04
1.750400000000000046e-04
1.753600000000000016e-04
1.756799999999999985e-04
1.759999999999999954e-04
1.763199999999999924e-04
1.766400000000000164e-04
1.769600000000000133e-04
1.772800000000000103e-04
1.776000000000000072e-04
1.779200000000000041e-04
1.782400000000000011e-04
1.785599999999999980e-04
1.788799999999999950e-04
1.791999999999999919e-04
1.795200000000000159e-04
1.798400000000000129e-04
1.801600000000000098e-04
1.804800000000000067e-04
1.808000000000000037e-04
1.811200000000000006e-04
1.814399999999999975e-04
1.817599999999999945e-04
1.820799999999999914e-04
1.824000000000000155e-04
1.827200000000000124e-04
1.830400000000000093e-04
1.833600000000000063e-04
1.836800000000000032e-04
1.840000000000000001e-04
1.843199999999999971e-04
1.846399999999999940e-04
1.849599999999999910e-04
1.852800000000000150e-04
1.856000000000000119e-04
1.859200000000000089e-04
1.862400000000000058e-04
1.865600000000000027e-04
1.868799999999999997e-04
1.871999999999999966e-04
1.875199999999999935e-04
1.878399999999999905e-04
1.881600000000000145e-04
1.884800000000000115e-04
1.888000000000000084e-04
1.891200000000000053e-04
1.894400000000000023e-04
1.897599999999999992e-04
1.900799999999999961e-04
1.903999999999999931e-04
1.907200000000000171e-04
1.910400000000000141e-04
1.913600000000000110e-04
1.916800000000000079e-04
1.920000000000000049e-04
1.923200000000000018e-04
1.926399999999999987e-04
1.929599999999999957e-04
1.932799999999999926e-04
1.936000000000000167e-04
1.939200000000000136e-04
1.942400000000000105e-04
1.945600000000000075e-04
1.948800000000000044e-04
1.952000000000000013e-04
1.955199999999999983e-04
1.958399999999999952e-04
1.961599999999999921e-04
1.964800000000000162e-04
1.968000000000000131e-04
1.971200000000000101e-04
1.974400000000000070e-04
1.977600000000000039e-04
1.980800000000000009e-04
1.983999999999999978e-04
1.987199999999999947e-04
1.990399999999999917e-04
1.993600000000000157e-04
1.996800000000000126e-04
2.000000000000000096e-04
2.003200000000000065e-04
2.006400000000000035e-04
2.009600000000000004e-04
2.012799999999999973e-04
2.015999999999999943e-04
2.019199999999999912e-04
2.022400000000000152e-04
2.025600000000000122e-04
2.028800000000000091e-04
2.032000000000000061e-04
2.035200000000000030e-04
2.038399999999999999e-04
2.041599999999999969e-04
2.044799999999999938e-04
2.047999999999999907e-04
2.051200000000000148e-04
2.054400000000000117e-04
2.057600000000000086e-04
2.060800000000000056e-04
2.064000000000000025e-04
2.067199999999999995e-04
2.070399999999999964e-04
2.073599999999999933e-04
2.076800000000000174e-04
2.080000000000000143e-04
2.083200000000000112e-04
2.086400000000000082e-04
2.089600000000000051e-04
2.092800000000000020e-04
2.095999999999999990e-04
2.099199999999999959e-04
2.102399999999999929e-04
2.105600000000000169e-04
2.108800000000000138e-04
2.112000000000000108e-04
2.115200000000000077e-04
2.118400000000000046e-04
2.121600000000000016e-04
2.124799999999999985e-04
2.127999999999999955e-04
2.131199999999999924e-04
2.134400000000000164e-04
2.137600000000000134e-04
2.140800000000000103e-04
2.144000000000000072e-04
2.147200000000000042e-04
2.150400000000000011e-04
2.153599999999999980e-04
2.156799999999999950e-04
2.159999999999999919e-04
2.163200000000000160e-04
2.166400000000000129e-04
2.169600000000000098e-04
2.172800000000000068e-04
2.176000000000000037e-04
2.179200000000000006e-04
2.182399999999999976e-04
2.185599999999999945e-04
2.188799999999999915e-04
2.192000000000000155e-04
2.195200000000000124e-04
2.198400000000000094e-04
2.201600000000000063e-04
2.204800000000000032e-04
2.208000000000000002e-04
2.211199999999999971e-04
2.214399999999999940e-04
2.217600000000000181e-04
2.220800000000000150e-04
2.224000000000000120e-04
2.227200000000000089e-04
2.230400000000000058e-04
2.233600000000000028e-04
2.236799999999999997e-04
2.239999999999999966e-04
2.243199999999999936e-04
2.246400000000000176e-04
2.249600000000000146e-04
2.252800000000000115e-04
2.256000000000000084e-04
2.259200000000000054e-04
2.262400000000000023e-04
2.265599999999999992e-04
2.268799999999999962e-04
2.271999999999999931e-04
2.275200000000000171e-04
2.278400000000000141e-04
2.281600000000000110e-04
2.284800000000000080e-04
2.288000000000000049e-04
2.291200000000000018e-04
2.294399999999999988e-04
2.297599999999999957e-04
2.300799999999999926e-04
2.304000000000000167e-04
2.307200000000000136e-04
2.310400000000000106e-04
2.313600000000000075e-04
2.316800000000000044e-04
2.320000000000000014e-04
2.323199999999999983e-04
2.326399999999999952e-04
2.329599999999999922e-04
2.332800000000000162e-04
2.336000000000000131e-04
2.339200000000000101e-04
2.342400000000000070e-04
2.345600000000000040e-04
2.348800000000000009e-04
2.351999999999999978e-04
2.355199999999999948e-04
2.358399999999999917e-04
2.361600000000000157e-04
2.364800000000000127e-04
2.368000000000000096e-04
2.371200000000000065e-04
2.374400000000000035e-04
2.377600000000000004e-04
2.380799999999999974e-04
2.383999999999999943e-04
2.387200000000000183e-04
2.390400000000000153e-04
2.393600000000000122e-04
2.396800000000000091e-04
2.400000000000000061e-04
2.403200000000000030e-04
2.406400000000000000e-04
2.409599999999999969e-04
2.412799999999999938e-04
2.416000000000000179e-04
2.419200000000000148e-04
2.422400000000000117e-04
2.425600000000000087e-04
2.428800000000000056e-04
2.432000000000000025e-04
2.435199999999999995e-04
2.438399999999999964e-04
2.441599999999999934e-04
2.444799999999999903e-04
2.447999999999999872e-04
2.451199999999999842e-04
2.454399999999999811e-04
2.457600000000000322e-04
2.460800000000000292e-04
2.464000000000000261e-04
2.467200000000000231e-04
2.470400000000000200e-04
2.473600000000000169e-04
2.476800000000000139e-04
2.480000000000000108e-04
2.483200000000000077e-04
2.486400000000000047e-04
2.489600000000000016e-04
2.492799999999999985e-04
2.495999999999999955e-04
2.499199999999999924e-04
2.502399999999999894e-04
2.505599999999999863e-04
2.508799999999999832e-04
2.511999999999999802e-04
2.515200000000000313e-04
2.518400000000000282e-04
2.521600000000000252e-04
2.524800000000000221e-04
2.528000000000000191e-04
2.531200000000000160e-04
2.534400000000000129e-04
2.537600000000000099e-04
2.540800000000000068e-04
2.544000000000000037e-04
2.547200000000000007e-04
2.550399999999999976e-04
2.553599999999999945e-04
2.556799999999999915e-04
2.559999999999999884e-04
2.563199999999999854e-04
2.566399999999999823e-04
2.569599999999999792e-04
2.572800000000000304e-04
2.576000000000000273e-04
2.579200000000000242e-04
2.582400000000000212e-04
2.585600000000000181e-04
2.588800000000000151e-04
2.592000000000000120e-04
2.595200000000000089e-04
2.598400000000000059e-04
2.601600000000000028e-04
2.604799999999999997e-04
2.607999999999999967e-04
2.611199999999999936e-04
2.614399999999999905e-04
2.617599999999999875e-04
2.620799999999999844e-04
2.623999999999999813e-04
2.627200000000000325e-04
2.630400000000000294e-04
2.633600000000000264e-04
2.636800000000000233e-04
2.640000000000000202e-04
2.643200000000000172e-04
2.646400000000000141e-04
2.649600000000000110e-04
2.652800000000000080e-04
2.656000000000000049e-04
2.659200000000000019e-04
2.662399999999999988e-04
2.665599999999999957e-04
2.668799999999999927e-04
2.671999999999999896e-04
2.675199999999999865e-04
2.678399999999999835e-04
2.681599999999999804e-04
2.684800000000000316e-04
2.688000000000000285e-04
2.691200000000000254e-04
2.694400000000000224e-04
2.697600000000000193e-04
2.700800000000000162e-04
2.704000000000000132e-04
2.707200000000000101e-04
2.710400000000000070e-04
2.713600000000000040e-04
2.716800000000000009e-04
2.719999999999999979e-04
2.723199999999999948e-04
2.726399999999999917e-04
2.729599999999999887e-04
2.732799999999999856e-04
2.735999999999999825e-04
2.739199999999999795e-04
2.742400000000000306e-04
2.745600000000000276e-04
2.748800000000000245e-04
2.752000000000000214e-04
2.755200000000000184e-04
2.758400000000000153e-04
2.761600000000000122e-04
2.764800000000000092e-04
2.768000000000000061e-04
2.771200000000000030e-04
2.774400000000000000e-04
2.777599999999999969e-04
2.780799999999999939e-04
2.783999999999999908e-04
2.787199999999999877e-04
2.790399999999999847e-04
2.793599999999999816e-04
2.796800000000000327e-04
2.800000000000000297e-04
2.803200000000000266e-04
2.806400000000000236e-04
2.809600000000000205e-04
2.812800000000000174e-04
2.816000000000000144e-04
2.819200000000000113e-04
2.822400000000000082e-04
2.825600000000000052e-04
2.828800000000000021e-04
2.831999999999999990e-04
2.835199999999999960e-04
2.838399999999999929e-04
2.841599999999999899e-04
2.844799999999999868e-04
2.847999999999999837e-04
2.851199999999999807e-04
2.854400000000000318e-04
2.857600000000000287e-04
2.860800000000000257e-04
2.864000000000000226e-04
2.867200000000000196e-04
2.870400000000000165e-04
2.873600000000000134e-04
2.876800000000000104e-04
2.880000000000000073e-04
2.883200000000000042e-04
2.886400000000000012e-04
2.889599999999999981e-04
2.892799999999999950e-04
2.895999999999999920e-04
2.899199999999999889e-04
2.902399999999999858e-04
2.905599999999999828e-04
2.908799999999999797e-04
2.912000000000000309e-04
2.915200000000000278e-04
2.918400000000000247e-04
2.921600000000000217e-04
2.924800000000000186e-04
2.928000000000000155e-04
2.931200000000000125e-04
2.934400000000000094e-04
2.937600000000000064e-04
2.940800000000000033e-04
2.944000000000000002e-04
2.947199999999999972e-04
2.950399999999999941e-04
2.953599999999999910e-04
2.956799999999999880e-04
2.959999999999999849e-04
2.963199999999999818e-04
2.966400000000000330e-04
2.969600000000000299e-04
2.972800000000000269e-04
2.976000000000000238e-04
2.979200000000000207e-04
2.982400000000000177e-04
2.985600000000000146e-04
2.988800000000000115e-04
2.992000000000000085e-04
2.995200000000000054e-04
2.998400000000000024e-04
3.001599999999999993e-04
3.004799999999999962e-04
3.007999999999999932e-04
3.011199999999999901e-04
3.014399999999999870e-04
3.017599999999999840e-04
3.020799999999999809e-04
3.024000000000000321e-04
3.027200000000000290e-04
3.030400000000000259e-04
3.033600000000000229e-04
3.036800000000000198e-04
3.040000000000000167e-04
3.043200000000000137e-04
3.046400000000000106e-04
3.049600000000000075e-04
3.052800000000000045e-04
3.056000000000000014e-04
3.059199999999999984e-04
3.062399999999999953e-04
3.065599999999999922e-04
3.068799999999999892e-04
3.071999999999999861e-04
3.075199999999999830e-04
3.078399999999999800e-04
3.081600000000000311e-04
3.084800000000000281e-04
3.088000000000000250e-04
3.091200000000000219e-04
3.094400000000000189e-04
3.097600000000000158e-04
3.100800000000000127e-04
3.104000000000000097e-04
3.107200000000000066e-04
3.110400000000000035e-04
3.113600000000000005e-04
3.116799999999999974e-04
3.119999999999999944e-04
3.123199999999999913e-04
3.126399999999999882e-04
3.129599999999999852e-04
3.132799999999999821e-04
3.136000000000000332e-04
3.139200000000000302e-04
3.142400000000000271e-04
3.145600000000000241e-04
3.148800000000000210e-04
3.152000000000000179e-04
3.155200000000000149e-04
3.158400000000000118e-04
3.161600000000000087e-04
3.164800000000000057e-04
3.168000000000000026e-04
3.171199999999999995e-04
3.174399999999999965e-04
3.177599999999999934e-04
3.180799999999999903e-04
3.183999999999999873e-04
3.187199999999999842e-04
3.190399999999999812e-04
3.193600000000000323e-04
3.196800000000000292e-04
3.200000000000000262e-04
3.203200000000000231e-04
3.206400000000000200e-04
3.209600000000000170e-04
3.212800000000000139e-04
3.216000000000000109e-04
3.219200000000000078e-04
3.222400000000000047e-04
3.225600000000000017e-04
3.228799999999999986e-04
3.231999999999999955e-04
3.235199999999999925e-04
3.238399999999999894e-04
3.241599999999999863e-04
3.244799999999999833e-04
3.247999999999999802e-04
3.251200000000000314e-04
3.254400000000000283e-04
3.257600000000000252e-04
3.260800000000000222e-04
3.264000000000000191e-04
3.267200000000000160e-04
3.270400000000000130e-04
3.273600000000000099e-04
3.276800000000000069e-04
3.280000000000000038e-04
3.283200000000000007e-04
3.286399999999999977e-04
3.289599999999999946e-04
3.292799999999999915e-04
3.295999999999999885e-04
3.299199999999999854e-04
3.302399999999999823e-04
3.305600000000000335e-04
3.308800000000000304e-04
3.312000000000000274e-04
3.315200000000000243e-04
3.318400000000000212e-04
3.321600000000000182e-04
3.324800000000000151e-04
3.328000000000000120e-04
3.331200000000000090e-04
3.334400000000000059e-04
3.337600000000000029e-04
3.340799999999999998e-04
3.343999999999999967e-04
3.347199999999999937e-04
3.350399999999999906e-04
3.353599999999999875e-04
3.356799999999999845e-04
3.359999999999999814e-04
3.363200000000000326e-04
3.366400000000000295e-04
3.369600000000000264e-04
3.372800000000000234e-04
3.376000000000000203e-04
3.379200000000000172e-04
3.382400000000000142e-04
3.385600000000000111e-04
3.388800000000000080e-04
3.392000000000000050e-04
3.395200000000000019e-04
3.398399999999999989e-04
3.401599999999999958e-04
3.404799999999999927e-04
3.407999999999999897e-04
3.411199999999999866e-04
3.414399999999999835e-04
3.417599999999999805e-04
3.420800000000000316e-04
3.424000000000000286e-04
3.427200000000000255e-04
3.430400000000000224e-04
3.433600000000000194e-04
3.436800000000000163e-04
3.440000000000000132e-04
3.443200000000000102e-04
3.446400000000000071e-04
3.449600000000000040e-04
3.452800000000000010e-04
3.455999999999999979e-04
3.459199999999999948e-04
3.462399999999999918e-04
3.465599999999999887e-04
3.468799999999999857e-04
3.471999999999999826e-04
3.475200000000000337e-04
3.478400000000000307e-04
3.481600000000000276e-04
3.484800000000000245e-04
3.488000000000000215e-04
3.491200000000000184e-04
3.494400000000000154e-04
3.497600000000000123e-04
3.500800000000000092e-04
3.504000000000000062e-04
3.507200000000000031e-04
3.510400000000000000e-04
3.513599999999999970e-04
3.516799999999999939e-04
3.519999999999999908e-04
3.523199999999999878e-04
3.526399999999999847e-04
3.529599999999999817e-04
3.532800000000000328e-04
3.536000000000000297e-04
3.539200000000000267e-04
3.542400000000000236e-04
3.545600000000000205e-04
3.548800000000000175e-04
3.552000000000000144e-04
3.555200000000000114e-04
3.558400000000000083e-04
3.561600000000000052e-04
3.564800000000000022e-04
3.567999999999999991e-04
3.571199999999999960e-04
3.574399999999999930e-04
3.577599999999999899e-04
3.580799999999999868e-04
3.583999999999999838e-04
3.587199999999999807e-04
3.590400000000000319e-04
3.593600000000000288e-04
3.596800000000000257e-04
3.600000000000000227e-04
3.603200000000000196e-04
3.606400000000000165e-04
3.609600000000000135e-04
3.612800000000000104e-04
3.616000000000000074e-04
3.619200000000000043e-04
3.622400000000000012e-04
3.625599999999999982e-04
3.628799999999999951e-04
3.631999999999999920e-04
3.635199999999999890e-04
3.638399999999999859e-04
3.641599999999999828e-04
3.644800000000000340e-04
3.648000000000000309e-04
3.651200000000000279e-04
3.654400000000000248e-04
3.657600000000000217e-04
3.660800000000000187e-04
3.664000000000000156e-04
3.667200000000000125e-04
3.670400000000000095e-04
3.673600000000000064e-04
3.676800000000000034e-04
3.680000000000000003e-04
3.683199999999999972e-04
3.686399999999999942e-04
3.689599999999999911e-04
3.692799999999999880e-04
3.695999999999999850e-04
3.699199999999999819e-04
3.702400000000000331e-04
3.705600000000000300e-04
3.708800000000000269e-04
3.712000000000000239e-04
3.715200000000000208e-04
3.718400000000000177e-04
3.721600000000000147e-04
3.724800000000000116e-04
3.728000000000000085e-04
3.731200000000000055e-04
3.734400000000000024e-04
3.737599999999999993e-04
3.740799999999999963e-04
3.743999999999999932e-04
3.747199999999999902e-04
3.750399999999999871e-04
3.753599999999999840e-04
3.756799999999999810e-04
3.760000000000000321e-04
3.763200000000000290e-04
3.766400000000000260e-04
3.769600000000000229e-04
3.772800000000000199e-04
3.776000000000000168e-04
3.779200000000000137e-04
3.782400000000000107e-04
3.785600000000000076e-04
3.788800000000000045e-04
3.792000000000000015e-04
3.795199999999999984e-04
3.798399999999999953e-04
3.801599999999999923e-04
3.804799999999999892e-04
3.807999999999999862e-04
3.811199999999999831e-04
3.814400000000000342e-04
3.817600000000000312e-04
3.820800000000000281e-04
3.824000000000000250e-04
3.827200000000000220e-04
3.830400000000000189e-04
3.833600000000000159e-04
3.836800000000000128e-04
3.840000000000000097e-04
3.843200000000000067e-04
3.846400000000000036e-04
3.849600000000000005e-04
3.852799999999999975e-04
3.855999999999999944e-04
3.859199999999999913e-04
3.862399999999999883e-04
3.865599999999999852e-04
3.868799999999999822e-04
3.872000000000000333e-04
3.875200000000000302e-04
3.878400000000000272e-04
3.881600000000000241e-04
3.884800000000000210e-04
3.888000000000000180e-04
3.891200000000000149e-04
3.894400000000000119e-04
3.897600000000000088e-04
3.900800000000000057e-04
3.904000000000000027e-04
3.907199999999999996e-04
3.910399999999999965e-04
3.913599999999999935e-04
3.916799999999999904e-04
3.919999999999999873e-04
3.923199999999999843e-04
3.926399999999999812e-04
3.929600000000000324e-04
3.932800000000000293e-04
3.936000000000000262e-04
3.939200000000000232e-04
3.942400000000000201e-04
3.945600000000000170e-04
3.948800000000000140e-04
3.952000000000000109e-04
3.955200000000000079e-04
3.958400000000000048e-04
3.961600000000000017e-04
3.964799999999999987e-04
3.967999999999999956e-04
3.971199999999999925e-04
3.974399999999999895e-04
3.977599999999999864e-04
3.980799999999999833e-04
3.984000000000000345e-04
3.987200000000000314e-04
3.990400000000000284e-04
3.993600000000000253e-04
3.996800000000000222e-04
4.000000000000000192e-04
4.003200000000000161e-04
4.006400000000000130e-04
4.009600000000000100e-04
4.012800000000000069e-04
4.016000000000000038e-04
4.019200000000000008e-04
4.022399999999999977e-04
4.025599999999999947e-04
4.028799999999999916e-04
4.031999999999999885e-04
4.035199999999999855e-04
4.038399999999999824e-04
4.041600000000000335e-04
4.044800000000000305e-04
4.048000000000000274e-04
4.051200000000000244e-04
4.054400000000000213e-04
4.057600000000000182e-04
4.060800000000000152e-04
4.064000000000000121e-04
4.067200000000000090e-04
4.070400000000000060e-04
4.073600000000000029e-04
4.076799999999999998e-04
4.079999999999999968e-04
4.083199999999999937e-04
4.086399999999999907e-04
4.089599999999999876e-04
4.092799999999999845e-04
4.095999999999999815e-04
4.099200000000000326e-04
4.102400000000000295e-04
4.105600000000000265e-04
4.108800000000000234e-04
4.112000000000000204e-04
4.115200000000000173e-04
4.118400000000000142e-04
4.121600000000000112e-04
4.124800000000000081e-04
4.128000000000000050e-04
4.131200000000000020e-04
4.134399999999999989e-04
4.137599999999999958e-04
4.140799999999999928e-04
4.143999999999999897e-04
4.147199999999999867e-04
4.150399999999999836e-04
4.153600000000000347e-04
4.156800000000000317e-04
4.160000000000000286e-04
4.163200000000000255e-04
4.166400000000000225e-04
4.169600000000000194e-04
4.172800000000000164e-04
4.176000000000000133e-04
4.179200000000000102e-04
4.182400000000000072e-04
4.185600000000000041e-04
4.188800000000000010e-04
4.191999999999999980e-04
4.195199999999999949e-04
4.198399999999999918e-04
4.201599999999999888e-04
4.204799999999999857e-04
4.207999999999999827e-04
4.211200000000000338e-04
4.214400000000000307e-04
4.217600000000000277e-04
4.220800000000000246e-04
4.224000000000000215e-04
4.227200000000000185e-04
4.230400000000000154e-04
4.233600000000000124e-04
4.236800000000000093e-04
4.240000000000000062e-04
4.243200000000000032e-04
4.246400000000000001e-04
4.249599999999999970e-04
4.252799999999999940e-04
4.255999999999999909e-04
4.259199999999999878e-04
4.262399999999999848e-04
4.265600000000000359e-04
4.268800000000000329e-04
4.272000000000000298e-04
4.275200000000000267e-04
4.278400000000000237e-04
4.281600000000000206e-04
4.284800000000000175e-04
4.288000000000000145e-04
4.291200000000000114e-04
4.294400000000000083e-04
4.297600000000000053e-04
4.300800000000000022e-04
4.303999999999999992e-04
4.307199999999999961e-04
4.310399999999999930e-04
4.313599999999999900e-04
4.316799999999999869e-04
4.319999999999999838e-04
4.323200000000000350e-04
4.326400000000000319e-04
4.329600000000000289e-04
4.332800000000000258e-04
4.336000000000000227e-04
4.339200000000000197e-04
4.342400000000000166e-04
4.345600000000000135e-04
4.348800000000000105e-04
4.352000000000000074e-04
4.355200000000000043e-04
4.358400000000000013e-04
4.361599999999999982e-04
4.364799999999999952e-04
4.367999999999999921e-04
4.371199999999999890e-04
4.374399999999999860e-04
4.377599999999999829e-04
4.380800000000000340e-04
4.384000000000000310e-04
4.387200000000000279e-04
4.390400000000000249e-04
4.393600000000000218e-04
4.396800000000000187e-04
4.400000000000000157e-04
4.403200000000000126e-04
4.406400000000000095e-04
4.409600000000000065e-04
4.412800000000000034e-04
4.416000000000000003e-04
4.419199999999999973e-04
4.422399999999999942e-04
4.425599999999999912e-04
4.428799999999999881e-04
4.431999999999999850e-04
4.435200000000000362e-04
4.438400000000000331e-04
4.441600000000000300e-04
4.444800000000000270e-04
4.448000000000000239e-04
4.451200000000000209e-04
4.454400000000000178e-04
4.457600000000000147e-04
4.460800000000000117e-04
4.464000000000000086e-04
4.467200000000000055e-04
4.470400000000000025e-04
4.473599999999999994e-04
4.476799999999999963e-04
4.479999999999999933e-04
4.483199999999999902e-04
4.486399999999999872e-04
4.489599999999999841e-04
4.492800000000000352e-04
4.496000000000000322e-04
4.499200000000000291e-04
4.502400000000000260e-04
4.505600000000000230e-04
4.508800000000000199e-04
4.512000000000000169e-04
4.515200000000000138e-04
4.518400000000000107e-04
4.521600000000000077e-04
4.524800000000000046e-04
4.528000000000000015e-04
4.531199999999999985e-04
4.534399999999999954e-04
4.537599999999999923e-04
4.540799999999999893e-04
4.543999999999999862e-04
4.547199999999999832e-04
4.550400000000000343e-04
4.553600000000000312e-04
4.556800000000000282e-04
4.560000000000000251e-04
4.563200000000000220e-04
4.566400000000000190e-04
4.569600000000000159e-04
4.572800000000000128e-04
4.576000000000000098e-04
4.579200000000000067e-04
4.582400000000000037e-04
4.585600000000000006e-04
4.588799999999999975e-04
4.591999999999999945e-04
4.595199999999999914e-04
4.598399999999999883e-04
4.601599999999999853e-04
4.604800000000000364e-04
4.608000000000000334e-04
4.611200000000000303e-04
4.614400000000000272e-04
4.617600000000000242e-04
4.620800000000000211e-04
4.624000000000000180e-04
4.627200000000000150e-04
4.630400000000000119e-04
4.633600000000000088e-04
4.636800000000000058e-04
4.640000000000000027e-04
4.643199999999999997e-04
4.646399999999999966e-04
4.649599999999999935e-04
4.652799999999999905e-04
4.655999999999999874e-04
4.659199999999999843e-04
4.662400000000000355e-04
4.665600000000000324e-04
4.668800000000000294e-04
4.672000000000000263e-04
4.675200000000000232e-04
4.678400000000000202e-04
4.681600000000000171e-04
4.684800000000000140e-04
4.688000000000000110e-04
4.691200000000000079e-04
4.694400000000000048e-04
4.697600000000000018e-04
4.700799999999999987e-04
4.703999999999999957e-04
4.707199999999999926e-04
4.710399999999999895e-04
4.713599999999999865e-04
4.716799999999999834e-04
4.720000000000000345e-04
4.723200000000000315e-04
4.726400000000000284e-04
4.729600000000000254e-04
4.732800000000000223e-04
4.736000000000000192e-04
4.739200000000000162e-04
4.742400000000000131e-04
4.745600000000000100e-04
4.748800000000000070e-04
4.752000000000000039e-04
4.755200000000000008e-04
4.758399999999999978e-04
4.761599999999999947e-04
4.764799999999999917e-04
4.767999999999999886e-04
4.771199999999999855e-04
4.774400000000000367e-04
4.777600000000000336e-04
4.780800000000000305e-04
4.784000000000000275e-04
4.787200000000000244e-04
4.790400000000000214e-04
4.793600000000000183e-04
4.796800000000000152e-04
4.800000000000000122e-04
4.803200000000000091e-04
4.806400000000000060e-04
4.809600000000000030e-04
4.812799999999999999e-04
4.815999999999999968e-04
4.819199999999999938e-04
4.822399999999999907e-04
4.825599999999999877e-04
4.828799999999999846e-04
4.832000000000000357e-04
4.835200000000000327e-04
4.838400000000000296e-04
4.841600000000000265e-04
4.844800000000000235e-04
4.848000000000000204e-04
4.851200000000000173e-04
4.854400000000000143e-04
4.857600000000000112e-04
4.860800000000000082e-04
4.864000000000000051e-04
4.867200000000000020e-04
4.870399999999999990e-04
4.873599999999999959e-04
4.876799999999999928e-04
4.879999999999999898e-04
4.883199999999999867e-04
4.886400000000000379e-04
4.889599999999999806e-04
4.892800000000000317e-04
4.895999999999999745e-04
4.899200000000000256e-04
4.902399999999999683e-04
4.905600000000000195e-04
4.908799999999999622e-04
4.912000000000000133e-04
4.915200000000000645e-04
4.918400000000000072e-04
4.921600000000000584e-04
4.924800000000000011e-04
4.928000000000000522e-04
4.931199999999999950e-04
4.934400000000000461e-04
4.937599999999999888e-04
4.940800000000000400e-04
4.943999999999999827e-04
4.947200000000000339e-04
4.950399999999999766e-04
4.953600000000000277e-04
4.956799999999999705e-04
4.960000000000000216e-04
4.963199999999999643e-04
4.966400000000000155e-04
4.969599999999999582e-04
4.972800000000000093e-04
4.976000000000000605e-04
4.979200000000000032e-04
4.982400000000000544e-04
4.985599999999999971e-04
4.988800000000000482e-04
4.991999999999999910e-04
4.995200000000000421e-04
4.998399999999999848e-04
5.001600000000000360e-04
5.004799999999999787e-04
5.008000000000000299e-04
5.011199999999999726e-04
5.014400000000000237e-04
5.017599999999999665e-04
5.020800000000000176e-04
5.023999999999999603e-04
5.027200000000000115e-04
5.030400000000000626e-04
5.033600000000000053e-04
5.036800000000000565e-04
5.039999999999999992e-04
5.043200000000000504e-04
5.046399999999999931e-04
5.049600000000000442e-04
5.052799999999999870e-04
5.056000000000000381e-04
5.059199999999999808e-04
5.062400000000000320e-04
5.065599999999999747e-04
5.068800000000000259e-04
5.071999999999999686e-04
5.075200000000000197e-04
5.078399999999999625e-04
5.081600000000000136e-04
5.084800000000000647e-04
5.088000000000000075e-04
5.091200000000000586e-04
5.094400000000000013e-04
5.097600000000000525e-04
5.100799999999999952e-04
5.104000000000000464e-04
5.107199999999999891e-04
5.110400000000000402e-04
5.113599999999999830e-04
5.116800000000000341e-04
5.119999999999999768e-04
5.123200000000000280e-04
5.126399999999999707e-04
5.129600000000000218e-04
5.132799999999999646e-04
5.136000000000000157e-04
5.139199999999999584e-04
5.142400000000000096e-04
5.145600000000000607e-04
5.148800000000000035e-04
5.152000000000000546e-04
5.155199999999999973e-04
5.158400000000000485e-04
5.161599999999999912e-04
5.164800000000000424e-04
5.167999999999999851e-04
5.171200000000000362e-04
5.174399999999999790e-04
5.177600000000000301e-04
5.180799999999999728e-04
5.184000000000000240e-04
5.187199999999999667e-04
5.190400000000000178e-04
5.193599999999999606e-04
5.196800000000000117e-04
5.200000000000000629e-04
5.203200000000000056e-04
5.206400000000000567e-04
5.209599999999999995e-04
5.212800000000000506e-04
5.215999999999999933e-04
5.219200000000000445e-04
5.222399999999999872e-04
5.225600000000000384e-04
5.228799999999999811e-04
5.232000000000000322e-04
5.235199999999999750e-04
5.238400000000000261e-04
5.241599999999999688e-04
5.244800000000000200e-04
5.247999999999999627e-04
5.251200000000000138e-04
5.254400000000000650e-04
5.257600000000000077e-04
5.260800000000000589e-04
5.264000000000000016e-04
5.267200000000000527e-04
5.270399999999999955e-04
5.273600000000000466e-04
5.276799999999999893e-04
5.280000000000000405e-04
5.283199999999999832e-04
5.286400000000000344e-04
5.289599999999999771e-04
5.292800000000000282e-04
5.295999999999999710e-04
5.299200000000000221e-04
5.302399999999999648e-04
5.305600000000000160e-04
5.308799999999999587e-04
5.312000000000000098e-04
5.315200000000000610e-04
5.318400000000000037e-04
5.321600000000000549e-04
5.324799999999999976e-04
5.328000000000000487e-04
5.331199999999999915e-04
5.334400000000000426e-04
5.337599999999999853e-04
5.340800000000000365e-04
5.343999999999999792e-04
5.347200000000000304e-04
5.350399999999999731e-04
5.353600000000000242e-04
5.356799999999999670e-04
5.360000000000000181e-04
5.363199999999999608e-04
5.366400000000000120e-04
5.369600000000000631e-04
5.372800000000000058e-04
5.376000000000000570e-04
5.379199999999999997e-04
5.382400000000000509e-04
5.385599999999999936e-04
5.388800000000000447e-04
5.391999999999999875e-04
5.395200000000000386e-04
5.398399999999999813e-04
5.401600000000000325e-04
5.404799999999999752e-04
5.408000000000000263e-04
5.411199999999999691e-04
5.414400000000000202e-04
5.417599999999999629e-04
5.420800000000000141e-04
5.424000000000000652e-04
5.427200000000000080e-04
5.430400000000000591e-04
5.433600000000000018e-04
5.436800000000000530e-04
5.439999999999999957e-04
5.443200000000000469e-04
5.446399999999999896e-04
5.449600000000000407e-04
5.452799999999999835e-04
5.456000000000000346e-04
5.459199999999999773e-04
5.462400000000000285e-04
5.465599999999999712e-04
5.468800000000000223e-04
5.471999999999999651e-04
5.475200000000000162e-04
5.478399999999999589e-04
5.481600000000000101e-04
5.484800000000000612e-04
5.488000000000000040e-04
5.491200000000000551e-04
5.494399999999999978e-04
5.497600000000000490e-04
5.500799999999999917e-04
5.504000000000000429e-04
5.507199999999999856e-04
5.510400000000000367e-04
5.513599999999999795e-04
5.516800000000000306e-04
5.519999999999999733e-04
5.523200000000000245e-04
5.526399999999999672e-04
5.529600000000000183e-04
5.532799999999999611e-04
5.536000000000000122e-04
5.539200000000000634e-04
5.542400000000000061e-04
5.545600000000000572e-04
5.548800000000000000e-04
5.552000000000000511e-04
5.555199999999999938e-04
5.558400000000000450e-04
5.561599999999999877e-04
5.564800000000000389e-04
5.567999999999999816e-04
5.571200000000000327e-04
5.574399999999999755e-04
5.577600000000000266e-04
5.580799999999999693e-04
5.584000000000000205e-04
5.587199999999999632e-04
5.590400000000000143e-04
5.593600000000000655e-04
5.596800000000000082e-04
5.600000000000000594e-04
5.603200000000000021e-04
5.606400000000000532e-04
5.609599999999999960e-04
5.612800000000000471e-04
5.615999999999999898e-04
5.619200000000000410e-04
5.622399999999999837e-04
5.625600000000000349e-04
5.628799999999999776e-04
5.632000000000000287e-04
5.635199999999999715e-04
5.638400000000000226e-04
5.641599999999999653e-04
5.644800000000000165e-04
5.647999999999999592e-04
5.651200000000000103e-04
5.654400000000000615e-04
5.657600000000000042e-04
5.660800000000000554e-04
5.663999999999999981e-04
5.667200000000000492e-04
5.670399999999999920e-04
5.673600000000000431e-04
5.676799999999999858e-04
5.680000000000000370e-04
5.683199999999999797e-04
5.686400000000000308e-04
5.689599999999999736e-04
5.692800000000000247e-04
5.695999999999999674e-04
5.699200000000000186e-04
5.702399999999999613e-04
5.705600000000000125e-04
5.708800000000000636e-04
5.712000000000000063e-04
5.715200000000000575e-04
5.718400000000000002e-04
5.721600000000000514e-04
5.724799999999999941e-04
5.728000000000000452e-04
5.731199999999999880e-04
5.734400000000000391e-04
5.737599999999999818e-04
5.740800000000000330e-04
5.743999999999999757e-04
5.747200000000000268e-04
5.750399999999999696e-04
5.753600000000000207e-04
5.756799999999999634e-04
5.760000000000000146e-04
5.763200000000000657e-04
5.766400000000000085e-04
5.769600000000000596e-04
5.772800000000000023e-04
5.776000000000000535e-04
5.779199999999999962e-04
5.782400000000000474e-04
5.785599999999999901e-04
5.788800000000000412e-04
5.791999999999999840e-04
5.795200000000000351e-04
5.798399999999999778e-04
5.801600000000000290e-04
5.804799999999999717e-04
5.808000000000000228e-04
5.811199999999999656e-04
5.814400000000000167e-04
5.817599999999999594e-04
5.820800000000000106e-04
5.824000000000000617e-04
5.827200000000000045e-04
5.830400000000000556e-04
5.833599999999999983e-04
5.836800000000000495e-04
5.839999999999999922e-04
5.843200000000000434e-04
5.846399999999999861e-04
5.849600000000000372e-04
5.852799999999999800e-04
5.856000000000000311e-04
5.859199999999999738e-04
5.862400000000000250e-04
5.865599999999999677e-04
5.868800000000000188e-04
5.871999999999999616e-04
5.875200000000000127e-04
5.878400000000000639e-04
5.881600000000000066e-04
5.884800000000000577e-04
5.888000000000000005e-04
5.891200000000000516e-04
5.894399999999999943e-04
5.897600000000000455e-04
5.900799999999999882e-04
5.904000000000000394e-04
5.907199999999999821e-04
5.910400000000000332e-04
5.913599999999999760e-04
5.916800000000000271e-04
5.919999999999999698e-04
5.923200000000000210e-04
5.926399999999999637e-04
5.929600000000000148e-04
5.932800000000000660e-04
5.936000000000000087e-04
5.939200000000000599e-04
5.942400000000000026e-04
5.945600000000000537e-04
5.948799999999999965e-04
5.952000000000000476e-04
5.955199999999999903e-04
5.958400000000000415e-04
5.961599999999999842e-04
5.964800000000000353e-04
5.967999999999999781e-04
5.971200000000000292e-04
5.974399999999999719e-04
5.977600000000000231e-04
5.980799999999999658e-04
5.984000000000000170e-04
5.987199999999999597e-04
5.990400000000000108e-04
5.993600000000000620e-04
5.996800000000000047e-04
6.000000000000000559e-04
6.003199999999999986e-04
6.006400000000000497e-04
6.009599999999999925e-04
6.012800000000000436e-04
6.015999999999999863e-04
6.019200000000000375e-04
6.022399999999999802e-04
6.025600000000000313e-04
6.028799999999999741e-04
6.032000000000000252e-04
6.035199999999999679e-04
6.038400000000000191e-04
6.041599999999999618e-04
6.044800000000000130e-04
6.048000000000000641e-04
6.051200000000000068e-04
6.054400000000000580e-04
6.057600000000000007e-04
6.060800000000000519e-04
6.063999999999999946e-04
6.067200000000000457e-04
6.070399999999999885e-04
6.073600000000000396e-04
6.076799999999999823e-04
6.080000000000000335e-04
6.083199999999999762e-04
6.086400000000000273e-04
6.089599999999999701e-04
6.092800000000000212e-04
6.095999999999999639e-04
6.099200000000000151e-04
6.102400000000000662e-04
6.105600000000000090e-04
6.108800000000000601e-04
6.112000000000000028e-04
6.115200000000000540e-04
6.118399999999999967e-04
6.121600000000000479e-04
6.124799999999999906e-04
6.128000000000000417e-04
6.131199999999999845e-04
6.134400000000000356e-04
6.137599999999999783e-04
6.140800000000000295e-04
6.143999999999999722e-04
6.147200000000000233e-04
6.150399999999999661e-04
6.153600000000000172e-04
6.156799999999999599e-04
6.160000000000000111e-04
6.163200000000000622e-04
6.166400000000000050e-04
6.169600000000000561e-04
6.172799999999999988e-04
6.176000000000000500e-04
6.179199999999999927e-04
6.182400000000000439e-04
6.185599999999999866e-04
6.188800000000000377e-04
6.191999999999999805e-04
6.195200000000000316e-04
6.198399999999999743e-04
6.201600000000000255e-04
6.204799999999999682e-04
6.208000000000000193e-04
6.211199999999999621e-04
6.214400000000000132e-04
6.217600000000000644e-04
6.220800000000000071e-04
6.224000000000000582e-04
6.227200000000000010e-04
6.230400000000000521e-04
6.233599999999999948e-04
6.236800000000000460e-04
6.239999999999999887e-04
6.243200000000000398e-04
6.246399999999999826e-04
6.249600000000000337e-04
6.252799999999999764e-04
6.256000000000000276e-04
6.259199999999999703e-04
6.262400000000000215e-04
6.265599999999999642e-04
6.268800000000000153e-04
6.272000000000000665e-04
6.275200000000000092e-04
6.278400000000000604e-04
6.281600000000000031e-04
6.284800000000000542e-04
6.287999999999999970e-04
6.291200000000000481e-04
6.294399999999999908e-04
6.297600000000000420e-04
6.300799999999999847e-04
6.304000000000000358e-04
6.307199999999999786e-04
6.310400000000000297e-04
6.313599999999999724e-04
6.316800000000000236e-04
6.319999999999999663e-04
6.323200000000000175e-04
6.326399999999999602e-04
6.329600000000000113e-04
6.332800000000000625e-04
6.336000000000000052e-04
6.339200000000000564e-04
6.342399999999999991e-04
6.345600000000000502e-04
6.348799999999999930e-04
6.352000000000000441e-04
6.355199999999999868e-04
6.358400000000000380e-04
6.361599999999999807e-04
6.364800000000000318e-04
6.367999999999999746e-04
6.371200000000000257e-04
6.374399999999999684e-04
6.377600000000000196e-04
6.380799999999999623e-04
6.384000000000000135e-04
6.387200000000000646e-04
6.390400000000000073e-04
6.393600000000000585e-04
6.396800000000000012e-04
6.400000000000000524e-04
6.403199999999999951e-04
6.406400000000000462e-04
6.409599999999999890e-04
6.412800000000000401e-04
6.415999999999999828e-04
6.419200000000000340e-04
6.422399999999999767e-04
6.425600000000000278e-04
6.428799999999999706e-04
6.432000000000000217e-04
6.435199999999999644e-04
6.438400000000000156e-04
6.441600000000000667e-04
6.444800000000000095e-04
6.448000000000000606e-04
6.451200000000000033e-04
6.454400000000000545e-04
6.457599999999999972e-04
6.460800000000000484e-04
6.463999999999999911e-04
6.467200000000000422e-04
6.470399999999999850e-04
6.473600000000000361e-04
6.476799999999999788e-04
6.480000000000000300e-04
6.483199999999999727e-04
6.486400000000000238e-04
6.489599999999999666e-04
6.492800000000000177e-04
6.495999999999999604e-04
6.499200000000000116e-04
6.502400000000000627e-04
6.505600000000000055e-04
6.508800000000000566e-04
6.511999999999999993e-04
6.515200000000000505e-04
6.518399999999999932e-04
6.521600000000000443e-04
6.524799999999999871e-04
6.528000000000000382e-04
6.531199999999999809e-04
6.534400000000000321e-04
6.537599999999999748e-04
6.540800000000000260e-04
6.543999999999999687e-04
6.547200000000000198e-04
6.550399999999999626e-04
6.553600000000000137e-04
6.556800000000000649e-04
6.560000000000000076e-04
6.563200000000000587e-04
6.566400000000000015e-04
6.569600000000000526e-04
6.572799999999999953e-04
6.576000000000000465e-04
6.579199999999999892e-04
6.582400000000000403e-04
6.585599999999999831e-04
6.588800000000000342e-04
6.591999999999999769e-04
6.595200000000000281e-04
6.598399999999999708e-04
6.601600000000000220e-04
6.604799999999999647e-04
6.608000000000000158e-04
6.611200000000000670e-04
6.614400000000000097e-04
6.617600000000000609e-04
6.620800000000000036e-04
6.624000000000000547e-04
6.627199999999999975e-04
6.630400000000000486e-04
6.633599999999999913e-04
6.636800000000000425e-04
6.639999999999999852e-04
6.643200000000000363e-04
6.646399999999999791e-04
6.649600000000000302e-04
6.652799999999999729e-04
6.656000000000000241e-04
6.659199999999999668e-04
6.662400000000000180e-04
6.665599999999999607e-04
6.668800000000000118e-04
6.672000000000000630e-04
6.675200000000000057e-04
6.678400000000000569e-04
6.681599999999999996e-04
6.684800000000000507e-04
6.687999999999999935e-04
6.691200000000000446e-04
6.694399999999999873e-04
6.697600000000000385e-04
6.700799999999999812e-04
6.704000000000000323e-04
6.707199999999999751e-04
6.710400000000000262e-04
6.713599999999999689e-04
6.716800000000000201e-04
6.719999999999999628e-04
6.723200000000000140e-04
6.726400000000000651e-04
6.729600000000000078e-04
6.732800000000000590e-04
6.736000000000000017e-04
6.739200000000000529e-04
6.742399999999999956e-04
6.745600000000000467e-04
6.748799999999999895e-04
6.752000000000000406e-04
6.755199999999999833e-04
6.758400000000000345e-04
6.761599999999999772e-04
6.764800000000000283e-04
6.767999999999999711e-04
6.771200000000000222e-04
6.774399999999999649e-04
6.777600000000000161e-04
6.780800000000000672e-04
6.784000000000000100e-04
6.787200000000000611e-04
6.790400000000000038e-04
6.793600000000000550e-04
6.796799999999999977e-04
6.800000000000000488e-04
6.803199999999999916e-04
6.806400000000000427e-04
6.809599999999999854e-04
6.812800000000000366e-04
6.815999999999999793e-04
6.819200000000000305e-04
6.822399999999999732e-04
6.825600000000000243e-04
6.828799999999999671e-04
6.832000000000000182e-04
6.835199999999999609e-04
6.838400000000000121e-04
6.841600000000000632e-04
6.844800000000000060e-04
6.848000000000000571e-04
6.851199999999999998e-04
6.854400000000000510e-04
6.857599999999999937e-04
6.860800000000000448e-04
6.863999999999999876e-04
6.867200000000000387e-04
6.870399999999999814e-04
6.873600000000000326e-04
6.876799999999999753e-04
6.880000000000000265e-04
6.883199999999999692e-04
6.886400000000000203e-04
6.889599999999999631e-04
6.892800000000000142e-04
6.896000000000000654e-04
6.899200000000000081e-04
6.902400000000000592e-04
6.905600000000000020e-04
6.908800000000000531e-04
6.911999999999999958e-04
6.915200000000000470e-04
6.918399999999999897e-04
6.921600000000000408e-04
6.924799999999999836e-04
6.928000000000000347e-04
6.931199999999999774e-04
6.934400000000000286e-04
6.937599999999999713e-04
6.940800000000000225e-04
6.943999999999999652e-04
6.947200000000000163e-04
6.950400000000000675e-04
6.953600000000000102e-04
6.956800000000000614e-04
6.960000000000000041e-04
6.963200000000000552e-04
6.966399999999999980e-04
6.969600000000000491e-04
6.972799999999999918e-04
6.976000000000000430e-04
6.979199999999999857e-04
6.982400000000000368e-04
6.985599999999999796e-04
6.988800000000000307e-04
6.991999999999999734e-04
6.995200000000000246e-04
6.998399999999999673e-04
7.001600000000000185e-04
7.004799999999999612e-04
7.008000000000000123e-04
7.011200000000000635e-04
7.014400000000000062e-04
7.017600000000000574e-04
7.020800000000000001e-04
7.024000000000000512e-04
7.027199999999999940e-04
7.030400000000000451e-04
7.033599999999999878e-04
7.036800000000000390e-04
7.039999999999999817e-04
7.043200000000000328e-04
7.046399999999999756e-04
7.049600000000000267e-04
7.052799999999999694e-04
7.056000000000000206e-04
7.059199999999999633e-04
7.062400000000000145e-04
7.065600000000000656e-04
7.068800000000000083e-04
7.072000000000000595e-04
7.075200000000000022e-04
7.078400000000000533e-04
7.081599999999999961e-04
7.084800000000000472e-04
7.087999999999999899e-04
7.091200000000000411e-04
7.094399999999999838e-04
7.097600000000000350e-04
7.100799999999999777e-04
7.104000000000000288e-04
7.107199999999999716e-04
7.110400000000000227e-04
7.113599999999999654e-04
7.116800000000000166e-04
7.120000000000000677e-04
7.123200000000000105e-04
7.126400000000000616e-04
7.129600000000000043e-04
7.132800000000000555e-04
7.135999999999999982e-04
7.139200000000000493e-04
7.142399999999999921e-04
7.145600000000000432e-04
7.148799999999999859e-04
7.152000000000000371e-04
7.155199999999999798e-04
7.158400000000000310e-04
7.161599999999999737e-04
7.164800000000000248e-04
7.167999999999999676e-04
7.171200000000000187e-04
7.174399999999999614e-04
7.177600000000000126e-04
7.180800000000000637e-04
7.184000000000000065e-04
7.187200000000000576e-04
7.190400000000000003e-04
7.193600000000000515e-04
7.196799999999999942e-04
7.200000000000000453e-04
7.203199999999999881e-04
7.206400000000000392e-04
7.209599999999999819e-04
7.212800000000000331e-04
7.215999999999999758e-04
7.219200000000000270e-04
7.222399999999999697e-04
7.225600000000000208e-04
7.228799999999999636e-04
7.232000000000000147e-04
7.235200000000000659e-04
7.238400000000000086e-04
7.241600000000000597e-04
7.244800000000000025e-04
7.248000000000000536e-04
7.251199999999999963e-04
7.254400000000000475e-04
7.257599999999999902e-04
7.260800000000000413e-04
7.263999999999999841e-04
7.267200000000000352e-04
7.270399999999999779e-04
7.273600000000000291e-04
7.276799999999999718e-04
7.280000000000000230e-04
7.283199999999999657e-04
7.286400000000000168e-04
7.289600000000000680e-04
7.292800000000000107e-04
7.296000000000000619e-04
7.299200000000000046e-04
7.302400000000000557e-04
7.305599999999999985e-04
7.308800000000000496e-04
7.311999999999999923e-04
7.315200000000000435e-04
7.318399999999999862e-04
7.321600000000000373e-04
7.324799999999999801e-04
7.328000000000000312e-04
7.331199999999999739e-04
7.334400000000000251e-04
7.337599999999999678e-04
7.340800000000000190e-04
7.343999999999999617e-04
7.347200000000000128e-04
7.350400000000000640e-04
7.353600000000000067e-04
7.356800000000000578e-04
7.360000000000000006e-04
7.363200000000000517e-04
7.366399999999999944e-04
7.369600000000000456e-04
7.372799999999999883e-04
7.376000000000000395e-04
7.379199999999999822e-04
7.382400000000000333e-04
7.385599999999999761e-04
7.388800000000000272e-04
7.391999999999999699e-04
7.395200000000000211e-04
7.398399999999999638e-04
7.401600000000000150e-04
7.404800000000000661e-04
7.408000000000000088e-04
7.411200000000000600e-04
7.414400000000000027e-04
7.417600000000000538e-04
7.420799999999999966e-04
7.424000000000000477e-04
7.427199999999999904e-04
7.430400000000000416e-04
7.433599999999999843e-04
7.436800000000000355e-04
7.439999999999999782e-04
7.443200000000000293e-04
7.446399999999999721e-04
7.449600000000000232e-04
7.452799999999999659e-04
7.456000000000000171e-04
7.459200000000000682e-04
7.462400000000000110e-04
7.465600000000000621e-04
7.468800000000000048e-04
7.472000000000000560e-04
7.475199999999999987e-04
7.478400000000000498e-04
7.481599999999999926e-04
7.484800000000000437e-04
7.487999999999999864e-04
7.491200000000000376e-04
7.494399999999999803e-04
7.497600000000000315e-04
7.500799999999999742e-04
7.504000000000000253e-04
7.507199999999999681e-04
7.510400000000000192e-04
7.513599999999999619e-04
7.516800000000000131e-04
7.520000000000000642e-04
7.523200000000000070e-04
7.526400000000000581e-04
7.529600000000000008e-04
7.532800000000000520e-04
7.535999999999999947e-04
7.539200000000000458e-04
7.542399999999999886e-04
7.545600000000000397e-04
7.548799999999999824e-04
7.552000000000000336e-04
7.555199999999999763e-04
7.558400000000000275e-04
7.561599999999999702e-04
7.564800000000000213e-04
7.567999999999999641e-04
7.571200000000000152e-04
7.574400000000000664e-04
7.577600000000000091e-04
7.580800000000000602e-04
7.584000000000000030e-04
7.587200000000000541e-04
7.590399999999999968e-04
7.593600000000000480e-04
7.596799999999999907e-04
7.600000000000000418e-04
7.603199999999999846e-04
7.606400000000000357e-04
7.609599999999999784e-04
7.612800000000000296e-04
7.615999999999999723e-04
7.619200000000000235e-04
7.622399999999999662e-04
7.625600000000000173e-04
7.628800000000000685e-04
7.632000000000000112e-04
7.635200000000000623e-04
7.638400000000000051e-04
7.641600000000000562e-04
7.644799999999999989e-04
7.648000000000000501e-04
7.651199999999999928e-04
7.654400000000000440e-04
7.657599999999999867e-04
7.660800000000000378e-04
7.663999999999999806e-04
7.667200000000000317e-04
7.670399999999999744e-04
7.673600000000000256e-04
7.676799999999999683e-04
7.680000000000000195e-04
7.683199999999999622e-04
7.686400000000000133e-04
7.689600000000000645e-04
7.692800000000000072e-04
7.696000000000000583e-04
7.699200000000000011e-04
7.702400000000000522e-04
7.705599999999999949e-04
7.708800000000000461e-04
7.711999999999999888e-04
7.715200000000000400e-04
7.718399999999999827e-04
7.721600000000000338e-04
7.724799999999999766e-04
7.728000000000000277e-04
7.731199999999999704e-04
7.734400000000000216e-04
7.737599999999999643e-04
7.740800000000000155e-04
7.744000000000000666e-04
7.747200000000000093e-04
7.750400000000000605e-04
7.753600000000000032e-04
7.756800000000000543e-04
7.759999999999999971e-04
7.763200000000000482e-04
7.766399999999999909e-04
7.769600000000000421e-04
7.772799999999999848e-04
7.776000000000000360e-04
7.779199999999999787e-04
7.782400000000000298e-04
7.785599999999999726e-04
7.788800000000000237e-04
7.791999999999999664e-04
7.795200000000000176e-04
7.798400000000000687e-04
7.801600000000000115e-04
7.804800000000000626e-04
7.808000000000000053e-04
7.811200000000000565e-04
7.814399999999999992e-04
7.817600000000000503e-04
7.820799999999999931e-04
7.824000000000000442e-04
7.827199999999999869e-04
7.830400000000000381e-04
7.833599999999999808e-04
7.836800000000000320e-04
7.839999999999999747e-04
7.843200000000000258e-04
7.846399999999999686e-04
7.849600000000000197e-04
7.852799999999999624e-04
7.856000000000000136e-04
7.859200000000000647e-04
7.862400000000000075e-04
7.865600000000000586e-04
7.868800000000000013e-04
7.872000000000000525e-04
7.875199999999999952e-04
7.878400000000000463e-04
7.881599999999999891e-04
7.884800000000000402e-04
7.887999999999999829e-04
7.891200000000000341e-04
7.894399999999999768e-04
7.897600000000000280e-04
7.900799999999999707e-04
7.904000000000000218e-04
7.907199999999999646e-04
7.910400000000000157e-04
7.913600000000000668e-04
7.916800000000000096e-04
7.920000000000000607e-04
7.923200000000000034e-04
7.926400000000000546e-04
7.929599999999999973e-04
7.932800000000000485e-04
7.935999999999999912e-04
7.939200000000000423e-04
7.942399999999999851e-04
7.945600000000000362e-04
7.948799999999999789e-04
7.952000000000000301e-04
7.955199999999999728e-04
7.958400000000000240e-04
7.961599999999999667e-04
7.964800000000000178e-04
7.968000000000000690e-04
7.971200000000000117e-04
7.974400000000000628e-04
7.977600000000000056e-04
7.980800000000000567e-04
7.983999999999999994e-04
7.987200000000000506e-04
7.990399999999999933e-04
7.993600000000000445e-04
7.996799999999999872e-04
8.000000000000000383e-04
8.003199999999999811e-04
8.006400000000000322e-04
8.009599999999999749e-04
8.012800000000000261e-04
8.015999999999999688e-04
8.019200000000000200e-04
8.022399999999999627e-04
8.025600000000000138e-04
8.028800000000000650e-04
8.032000000000000077e-04
8.035200000000000588e-04
8.038400000000000016e-04
8.041600000000000527e-04
8.044799999999999954e-04
8.048000000000000466e-04
8.051199999999999893e-04
8.054400000000000405e-04
8.057599999999999832e-04
8.060800000000000343e-04
8.063999999999999771e-04
8.067200000000000282e-04
8.070399999999999709e-04
8.073600000000000221e-04
8.076799999999999648e-04
8.080000000000000160e-04
8.083200000000000671e-04
8.086400000000000098e-04
8.089600000000000610e-04
8.092800000000000037e-04
8.096000000000000548e-04
8.099199999999999976e-04
8.102400000000000487e-04
8.105599999999999914e-04
8.108800000000000426e-04
8.111999999999999853e-04
8.115200000000000365e-04
8.118399999999999792e-04
8.121600000000000303e-04
8.124799999999999731e-04
8.128000000000000242e-04
8.131199999999999669e-04
8.134400000000000181e-04
8.137600000000000692e-04
8.140800000000000120e-04
8.144000000000000631e-04
8.147200000000000058e-04
8.150400000000000570e-04
8.153599999999999997e-04
8.156800000000000508e-04
8.159999999999999936e-04
8.163200000000000447e-04
8.166399999999999874e-04
8.169600000000000386e-04
8.172799999999999813e-04
8.176000000000000325e-04
8.179199999999999752e-04
8.182400000000000263e-04
8.185599999999999691e-04
8.188800000000000202e-04
8.191999999999999629e-04
8.195200000000000141e-04
8.198400000000000652e-04
8.201600000000000079e-04
8.204800000000000591e-04
8.208000000000000018e-04
8.211200000000000530e-04
8.214399999999999957e-04
8.217600000000000468e-04
8.220799999999999896e-04
8.224000000000000407e-04
8.227199999999999834e-04
8.230400000000000346e-04
8.233599999999999773e-04
8.236800000000000285e-04
8.239999999999999712e-04
8.243200000000000223e-04
8.246399999999999651e-04
8.249600000000000162e-04
8.252800000000000673e-04
8.256000000000000101e-04
8.259200000000000612e-04
8.262400000000000039e-04
8.265600000000000551e-04
8.268799999999999978e-04
8.272000000000000490e-04
8.275199999999999917e-04
8.278400000000000428e-04
8.281599999999999856e-04
8.284800000000000367e-04
8.287999999999999794e-04
8.291200000000000306e-04
8.294399999999999733e-04
8.297600000000000245e-04
8.300799999999999672e-04
8.304000000000000183e-04
8.307200000000000695e-04
8.310400000000000122e-04
8.313600000000000633e-04
8.316800000000000061e-04
8.320000000000000572e-04
8.323199999999999999e-04
8.326400000000000511e-04
8.329599999999999938e-04
8.332800000000000450e-04
8.335999999999999877e-04
8.339200000000000388e-04
8.342399999999999816e-04
8.345600000000000327e-04
8.348799999999999754e-04
8.352000000000000266e-04
8.355199999999999693e-04
8.358400000000000205e-04
8.361600000000000716e-04
8.364800000000000143e-04
8.368000000000000655e-04
8.371200000000000082e-04
8.374400000000000593e-04
8.377600000000000021e-04
8.380800000000000532e-04
8.383999999999999959e-04
8.387200000000000471e-04
8.390399999999999898e-04
8.393600000000000410e-04
8.396799999999999837e-04
8.400000000000000348e-04
8.403199999999999776e-04
8.406400000000000287e-04
8.409599999999999714e-04
8.412800000000000226e-04
8.415999999999999653e-04
8.419200000000000165e-04
8.422400000000000676e-04
8.425600000000000103e-04
8.428800000000000615e-04
8.432000000000000042e-04
8.435200000000000553e-04
8.438399999999999981e-04
8.441600000000000492e-04
8.444799999999999919e-04
8.448000000000000431e-04
8.451199999999999858e-04
8.454400000000000370e-04
8.457599999999999797e-04
8.460800000000000308e-04
8.463999999999999736e-04
8.467200000000000247e-04
8.470399999999999674e-04
8.473600000000000186e-04
8.476800000000000697e-04
8.480000000000000124e-04
8.483200000000000636e-04
8.486400000000000063e-04
8.489600000000000575e-04
8.492800000000000002e-04
8.496000000000000513e-04
8.499199999999999941e-04
8.502400000000000452e-04
8.505599999999999879e-04
8.508800000000000391e-04
8.511999999999999818e-04
8.515200000000000330e-04
8.518399999999999757e-04
8.521600000000000268e-04
8.524799999999999696e-04
8.528000000000000207e-04
8.531200000000000718e-04
8.534400000000000146e-04
8.537600000000000657e-04
8.540800000000000084e-04
8.544000000000000596e-04
8.547200000000000023e-04
8.550400000000000535e-04
8.553599999999999962e-04
8.556800000000000473e-04
8.559999999999999901e-04
8.563200000000000412e-04
8.566399999999999839e-04
8.569600000000000351e-04
8.572799999999999778e-04
8.576000000000000290e-04
8.579199999999999717e-04
8.582400000000000228e-04
8.585599999999999656e-04
8.588800000000000167e-04
8.592000000000000678e-04
8.595200000000000106e-04
8.598400000000000617e-04
8.601600000000000044e-04
8.604800000000000556e-04
8.607999999999999983e-04
8.611200000000000495e-04
8.614399999999999922e-04
8.617600000000000433e-04
8.620799999999999861e-04
8.624000000000000372e-04
8.627199999999999799e-04
8.630400000000000311e-04
8.633599999999999738e-04
8.636800000000000250e-04
8.639999999999999677e-04
8.643200000000000188e-04
8.646400000000000700e-04
8.649600000000000127e-04
8.652800000000000638e-04
8.656000000000000066e-04
8.659200000000000577e-04
8.662400000000000004e-04
8.665600000000000516e-04
8.668799999999999943e-04
8.672000000000000455e-04
8.675199999999999882e-04
8.678400000000000393e-04
8.681599999999999821e-04
8.684800000000000332e-04
8.687999999999999759e-04
8.691200000000000271e-04
8.694399999999999698e-04
8.697600000000000210e-04
8.700800000000000721e-04
8.704000000000000148e-04
8.707200000000000660e-04
8.710400000000000087e-04
8.713600000000000598e-04
8.716800000000000026e-04
8.720000000000000537e-04
8.723199999999999964e-04
8.726400000000000476e-04
8.729599999999999903e-04
8.732800000000000415e-04
8.735999999999999842e-04
8.739200000000000353e-04
8.742399999999999781e-04
8.745600000000000292e-04
8.748799999999999719e-04
8.752000000000000231e-04
8.755199999999999658e-04
8.758400000000000169e-04
8.761600000000000681e-04
8.764800000000000108e-04
8.768000000000000620e-04
8.771200000000000047e-04
8.774400000000000558e-04
8.777599999999999986e-04
8.780800000000000497e-04
8.783999999999999924e-04
8.787200000000000436e-04
8.790399999999999863e-04
8.793600000000000375e-04
8.796799999999999802e-04
8.800000000000000313e-04
8.803199999999999741e-04
8.806400000000000252e-04
8.809599999999999679e-04
8.812800000000000191e-04
8.816000000000000702e-04
8.819200000000000129e-04
8.822400000000000641e-04
8.825600000000000068e-04
8.828800000000000580e-04
8.832000000000000007e-04
8.835200000000000518e-04
8.838399999999999946e-04
8.841600000000000457e-04
8.844799999999999884e-04
8.848000000000000396e-04
8.851199999999999823e-04
8.854400000000000335e-04
8.857599999999999762e-04
8.860800000000000273e-04
8.863999999999999701e-04
8.867200000000000212e-04
8.870400000000000723e-04
8.873600000000000151e-04
8.876800000000000662e-04
8.880000000000000089e-04
8.883200000000000601e-04
8.886400000000000028e-04
8.889600000000000540e-04
8.892799999999999967e-04
8.896000000000000478e-04
8.899199999999999906e-04
8.902400000000000417e-04
8.905599999999999844e-04
8.908800000000000356e-04
8.911999999999999783e-04
8.915200000000000295e-04
8.918399999999999722e-04
8.921600000000000233e-04
8.924799999999999661e-04
8.928000000000000172e-04
8.931200000000000683e-04
8.934400000000000111e-04
8.937600000000000622e-04
8.940800000000000049e-04
8.944000000000000561e-04
8.947199999999999988e-04
8.950400000000000500e-04
8.953599999999999927e-04
8.956800000000000438e-04
8.959999999999999866e-04
8.963200000000000377e-04
8.966399999999999804e-04
8.969600000000000316e-04
8.972799999999999743e-04
8.976000000000000255e-04
8.979199999999999682e-04
8.982400000000000193e-04
8.985600000000000705e-04
8.988800000000000132e-04
8.992000000000000643e-04
8.995200000000000071e-04
8.998400000000000582e-04
9.001600000000000009e-04
9.004800000000000521e-04
9.007999999999999948e-04
9.011200000000000460e-04
9.014399999999999887e-04
9.017600000000000398e-04
9.020799999999999826e-04
9.024000000000000337e-04
9.027199999999999764e-04
9.030400000000000276e-04
9.033599999999999703e-04
9.036800000000000214e-04
9.040000000000000726e-04
9.043200000000000153e-04
9.046400000000000665e-04
9.049600000000000092e-04
9.052800000000000603e-04
9.056000000000000031e-04
9.059200000000000542e-04
9.062399999999999969e-04
9.065600000000000481e-04
9.068799999999999908e-04
9.072000000000000420e-04
9.075199999999999847e-04
9.078400000000000358e-04
9.081599999999999786e-04
9.084800000000000297e-04
9.087999999999999724e-04
9.091200000000000236e-04
9.094399999999999663e-04
9.097600000000000174e-04
9.100800000000000686e-04
9.104000000000000113e-04
9.107200000000000625e-04
9.110400000000000052e-04
9.113600000000000563e-04
9.116799999999999991e-04
9.120000000000000502e-04
9.123199999999999929e-04
9.126400000000000441e-04
9.129599999999999868e-04
9.132800000000000380e-04
9.135999999999999807e-04
9.139200000000000318e-04
9.142399999999999746e-04
9.145600000000000257e-04
9.148799999999999684e-04
9.152000000000000196e-04
9.155200000000000707e-04
9.158400000000000134e-04
9.161600000000000646e-04
9.164800000000000073e-04
9.168000000000000585e-04
9.171200000000000012e-04
9.174400000000000523e-04
9.177599999999999951e-04
9.180800000000000462e-04
9.183999999999999889e-04
9.187200000000000401e-04
9.190399999999999828e-04
9.193600000000000340e-04
9.196799999999999767e-04
9.200000000000000278e-04
9.203199999999999706e-04
9.206400000000000217e-04
9.209600000000000728e-04
9.212800000000000156e-04
9.216000000000000667e-04
9.219200000000000094e-04
9.222400000000000606e-04
9.225600000000000033e-04
9.228800000000000545e-04
9.231999999999999972e-04
9.235200000000000483e-04
9.238399999999999911e-04
9.241600000000000422e-04
9.244799999999999849e-04
9.248000000000000361e-04
9.251199999999999788e-04
9.254400000000000300e-04
9.257599999999999727e-04
9.260800000000000238e-04
9.263999999999999665e-04
9.267200000000000177e-04
9.270400000000000688e-04
9.273600000000000116e-04
9.276800000000000627e-04
9.280000000000000054e-04
9.283200000000000566e-04
9.286399999999999993e-04
9.289600000000000505e-04
9.292799999999999932e-04
9.296000000000000443e-04
9.299199999999999871e-04
9.302400000000000382e-04
9.305599999999999809e-04
9.308800000000000321e-04
9.311999999999999748e-04
9.315200000000000259e-04
9.318399999999999687e-04
9.321600000000000198e-04
9.324800000000000710e-04
9.328000000000000137e-04
9.331200000000000648e-04
9.334400000000000076e-04
9.337600000000000587e-04
9.340800000000000014e-04
9.344000000000000526e-04
9.347199999999999953e-04
9.350400000000000465e-04
9.353599999999999892e-04
9.356800000000000403e-04
9.359999999999999831e-04
9.363200000000000342e-04
9.366399999999999769e-04
9.369600000000000281e-04
9.372799999999999708e-04
9.376000000000000219e-04
9.379200000000000731e-04
9.382400000000000158e-04
9.385600000000000670e-04
9.388800000000000097e-04
9.392000000000000608e-04
9.395200000000000036e-04
9.398400000000000547e-04
9.401599999999999974e-04
9.404800000000000486e-04
9.407999999999999913e-04
9.411200000000000425e-04
9.414399999999999852e-04
9.417600000000000363e-04
9.420799999999999791e-04
9.424000000000000302e-04
9.427199999999999729e-04
9.430400000000000241e-04
9.433599999999999668e-04
9.436800000000000179e-04
9.440000000000000691e-04
9.443200000000000118e-04
9.446400000000000630e-04
9.449600000000000057e-04
9.452800000000000568e-04
9.455999999999999996e-04
9.459200000000000507e-04
9.462399999999999934e-04
9.465600000000000446e-04
9.468799999999999873e-04
9.472000000000000385e-04
9.475199999999999812e-04
9.478400000000000323e-04
9.481599999999999751e-04
9.484800000000000262e-04
9.487999999999999689e-04
9.491200000000000201e-04
9.494400000000000712e-04
9.497600000000000139e-04
9.500800000000000651e-04
9.504000000000000078e-04
9.507200000000000590e-04
9.510400000000000017e-04
9.513600000000000528e-04
9.516799999999999956e-04
9.520000000000000467e-04
9.523199999999999894e-04
9.526400000000000406e-04
9.529599999999999833e-04
9.532800000000000345e-04
9.535999999999999772e-04
9.539200000000000283e-04
9.542399999999999710e-04
9.545600000000000222e-04
9.548800000000000733e-04
9.552000000000000161e-04
9.555200000000000672e-04
9.558400000000000099e-04
9.561600000000000611e-04
9.564800000000000038e-04
9.568000000000000550e-04
9.571199999999999977e-04
9.574400000000000488e-04
9.577599999999999916e-04
9.580800000000000427e-04
9.583999999999999854e-04
9.587200000000000366e-04
9.590399999999999793e-04
9.593600000000000304e-04
9.596799999999999732e-04
9.600000000000000243e-04
9.603199999999999670e-04
9.606400000000000182e-04
9.609600000000000693e-04
9.612800000000000121e-04
9.616000000000000632e-04
9.619200000000000059e-04
9.622400000000000571e-04
9.625599999999999998e-04
9.628800000000000510e-04
9.631999999999999937e-04
9.635200000000000448e-04
9.638399999999999876e-04
9.641600000000000387e-04
9.644799999999999814e-04
9.648000000000000326e-04
9.651199999999999753e-04
9.654400000000000264e-04
9.657599999999999692e-04
9.660800000000000203e-04
9.664000000000000715e-04
9.667200000000000142e-04
9.670400000000000653e-04
9.673600000000000081e-04
9.676800000000000592e-04
9.680000000000000019e-04
9.683200000000000531e-04
9.686399999999999958e-04
9.689600000000000470e-04
9.692799999999999897e-04
9.696000000000000408e-04
9.699199999999999836e-04
9.702400000000000347e-04
9.705599999999999774e-04
9.708800000000000286e-04
9.711999999999999713e-04
9.715200000000000224e-04
9.718400000000000736e-04
9.721600000000000163e-04
9.724800000000000675e-04
9.728000000000000102e-04
9.731200000000000613e-04
9.734400000000000041e-04
9.737600000000000552e-04
9.740799999999999979e-04
9.744000000000000491e-04
9.747199999999999918e-04
9.750400000000000430e-04
9.753599999999999857e-04
9.756800000000000368e-04
9.759999999999999796e-04
9.763200000000000307e-04
9.766399999999999734e-04
9.769600000000000246e-04
9.772800000000000757e-04
9.776000000000001269e-04
9.779199999999999612e-04
9.782400000000000123e-04
9.785600000000000635e-04
9.788800000000001146e-04
9.791999999999999489e-04
9.795200000000000001e-04
9.798400000000000512e-04
9.801600000000001024e-04
9.804799999999999367e-04
9.807999999999999878e-04
9.811200000000000390e-04
9.814400000000000901e-04
9.817599999999999244e-04
9.820799999999999755e-04
9.824000000000000267e-04
9.827200000000000778e-04
9.830400000000001290e-04
9.833599999999999633e-04
9.836800000000000144e-04
9.840000000000000656e-04
9.843200000000001167e-04
9.846399999999999510e-04
9.849600000000000022e-04
9.852800000000000533e-04
9.856000000000001045e-04
9.859199999999999388e-04
9.862399999999999899e-04
9.865600000000000411e-04
9.868800000000000922e-04
9.871999999999999265e-04
9.875199999999999777e-04
9.878400000000000288e-04
9.881600000000000800e-04
9.884799999999999143e-04
9.887999999999999654e-04
9.891200000000000166e-04
9.894400000000000677e-04
9.897600000000001189e-04
9.900799999999999532e-04
9.904000000000000043e-04
9.907200000000000555e-04
9.910400000000001066e-04
9.913599999999999409e-04
9.916799999999999921e-04
9.920000000000000432e-04
9.923200000000000943e-04
9.926399999999999287e-04
9.929599999999999798e-04
9.932800000000000309e-04
9.936000000000000821e-04
9.939199999999999164e-04
9.942399999999999675e-04
9.945600000000000187e-04
9.948800000000000698e-04
9.952000000000001210e-04
9.955199999999999553e-04
9.958400000000000064e-04
9.961600000000000576e-04
9.964800000000001087e-04
9.967999999999999430e-04
9.971199999999999942e-04
9.974400000000000453e-04
9.977600000000000965e-04
9.980799999999999308e-04
9.983999999999999819e-04
9.987200000000000331e-04
9.990400000000000842e-04
9.993599999999999185e-04
9.996799999999999697e-04
1.000000000000000021e-03
1.000320000000000072e-03
1.000640000000000123e-03
1.000959999999999957e-03
1.001280000000000009e-03
1.001600000000000060e-03
1.001920000000000111e-03
1.002239999999999945e-03
1.002559999999999996e-03
1.002880000000000047e-03
1.003200000000000099e-03
1.003519999999999933e-03
1.003839999999999984e-03
1.004160000000000035e-03
1.004480000000000086e-03
1.004799999999999921e-03
1.005119999999999972e-03
1.005440000000000023e-03
1.005760000000000074e-03
1.006080000000000125e-03
1.006399999999999960e-03
1.006720000000000011e-03
1.007040000000000062e-03
1.007360000000000113e-03
1.007679999999999947e-03
1.007999999999999998e-03
1.008320000000000050e-03
1.008640000000000101e-03
1.008959999999999935e-03
1.009279999999999986e-03
1.009600000000000037e-03
1.009920000000000088e-03
1.010239999999999923e-03
1.010559999999999974e-03
1.010880000000000025e-03
1.011200000000000076e-03
1.011520000000000127e-03
1.011839999999999962e-03
1.012160000000000013e-03
1.012480000000000064e-03
1.012800000000000115e-03
1.013119999999999949e-03
1.013440000000000001e-03
1.013760000000000052e-03
1.014080000000000103e-03
1.014399999999999937e-03
1.014719999999999988e-03
1.015040000000000039e-03
1.015360000000000091e-03
1.015679999999999925e-03
1.015999999999999976e-03
1.016320000000000027e-03
1.016640000000000078e-03
1.016960000000000129e-03
1.017279999999999964e-03
1.017600000000000015e-03
1.017920000000000066e-03
1.018240000000000117e-03
1.018559999999999952e-03
1.018880000000000003e-03
1.019200000000000054e-03
1.019520000000000105e-03
1.019839999999999939e-03
1.020159999999999990e-03
1.020480000000000042e-03
1.020800000000000093e-03
1.021119999999999927e-03
1.021439999999999978e-03
1.021760000000000029e-03
1.022080000000000080e-03
1.022399999999999915e-03
1.022719999999999966e-03
1.023040000000000017e-03
1.023360000000000068e-03
1.023680000000000119e-03
1.023999999999999954e-03
1.024320000000000005e-03
1.024640000000000056e-03
1.024960000000000107e-03
1.025279999999999941e-03
1.025599999999999993e-03
1.025920000000000044e-03
1.026240000000000095e-03
1.026559999999999929e-03
1.026879999999999980e-03
1.027200000000000031e-03
1.027520000000000083e-03
1.027839999999999917e-03
1.028159999999999968e-03
1.028480000000000019e-03
1.028800000000000070e-03
1.029120000000000121e-03
1.029439999999999956e-03
1.029760000000000007e-03
1.030080000000000058e-03
1.030400000000000109e-03
1.030719999999999944e-03
1.031039999999999995e-03
1.031360000000000046e-03
1.031680000000000097e-03
1.031999999999999931e-03
1.032319999999999982e-03
1.032640000000000034e-03
1.032960000000000085e-03
1.033279999999999919e-03
1.033599999999999970e-03
1.033920000000000021e-03
1.034240000000000072e-03
1.034560000000000124e-03
1.034879999999999958e-03
1.035200000000000009e-03
1.035520000000000060e-03
1.035840000000000111e-03
1.036159999999999946e-03
1.036479999999999997e-03
1.036800000000000048e-03
1.037120000000000099e-03
1.037439999999999933e-03
1.037759999999999985e-03
1.038080000000000036e-03
1.038400000000000087e-03
1.038719999999999921e-03
1.039039999999999972e-03
1.039360000000000023e-03
1.039680000000000075e-03
1.040000000000000126e-03
1.040319999999999960e-03
1.040640000000000011e-03
1.040960000000000062e-03
1.041280000000000113e-03
1.041599999999999948e-03
1.041919999999999999e-03
1.042240000000000050e-03
1.042560000000000101e-03
1.042879999999999936e-03
1.043199999999999987e-03
1.043520000000000038e-03
1.043840000000000089e-03
1.044159999999999923e-03
1.044479999999999974e-03
1.044800000000000026e-03
1.045120000000000077e-03
1.045440000000000128e-03
1.045759999999999962e-03
1.046080000000000013e-03
1.046400000000000064e-03
1.046720000000000116e-03
1.047039999999999950e-03
1.047360000000000001e-03
1.047680000000000052e-03
1.048000000000000103e-03
1.048319999999999938e-03
1.048639999999999989e-03
1.048960000000000040e-03
1.049280000000000091e-03
1.049599999999999925e-03
1.049919999999999977e-03
1.050240000000000028e-03
1.050560000000000079e-03
1.050880000000000130e-03
1.051199999999999964e-03
1.051520000000000015e-03
1.051840000000000067e-03
1.052160000000000118e-03
1.052479999999999952e-03
1.052800000000000003e-03
1.053120000000000054e-03
1.053440000000000105e-03
1.053759999999999940e-03
1.054079999999999991e-03
1.054400000000000042e-03
1.054720000000000093e-03
1.055039999999999928e-03
1.055359999999999979e-03
1.055680000000000030e-03
1.056000000000000081e-03
1.056319999999999915e-03
1.056639999999999966e-03
1.056960000000000018e-03
1.057280000000000069e-03
1.057600000000000120e-03
1.057919999999999954e-03
1.058240000000000005e-03
1.058560000000000056e-03
1.058880000000000108e-03
1.059199999999999942e-03
1.059519999999999993e-03
1.059840000000000044e-03
1.060160000000000095e-03
1.060479999999999930e-03
1.060799999999999981e-03
1.061120000000000032e-03
1.061440000000000083e-03
1.061759999999999917e-03
1.062079999999999969e-03
1.062400000000000020e-03
1.062720000000000071e-03
1.063040000000000122e-03
1.063359999999999956e-03
1.063680000000000007e-03
1.064000000000000059e-03
1.064320000000000110e-03
1.064639999999999944e-03
1.064959999999999995e-03
1.065280000000000046e-03
1.065600000000000097e-03
1.065919999999999932e-03
1.066239999999999983e-03
1.066560000000000034e-03
1.066880000000000085e-03
1.067199999999999920e-03
1.067519999999999971e-03
1.067840000000000022e-03
1.068160000000000073e-03
1.068480000000000124e-03
1.068799999999999958e-03
1.069120000000000010e-03
1.069440000000000061e-03
1.069760000000000112e-03
1.070079999999999946e-03
1.070399999999999997e-03
1.070720000000000048e-03
1.071040000000000100e-03
1.071359999999999934e-03
1.071679999999999985e-03
1.072000000000000036e-03
1.072320000000000087e-03
1.072639999999999922e-03
1.072959999999999973e-03
1.073280000000000024e-03
1.073600000000000075e-03
1.073920000000000126e-03
1.074239999999999961e-03
1.074560000000000012e-03
1.074880000000000063e-03
1.075200000000000114e-03
1.075519999999999948e-03
1.075839999999999999e-03
1.076160000000000051e-03
1.076480000000000102e-03
1.076799999999999936e-03
1.077119999999999987e-03
1.077440000000000038e-03
1.077760000000000089e-03
1.078079999999999924e-03
1.078399999999999975e-03
1.078720000000000026e-03
1.079040000000000077e-03
1.079360000000000128e-03
1.079679999999999963e-03
1.080000000000000014e-03
1.080320000000000065e-03
1.080640000000000116e-03
1.080959999999999950e-03
1.081280000000000002e-03
1.081600000000000053e-03
1.081920000000000104e-03
1.082239999999999938e-03
1.082559999999999989e-03
1.082880000000000040e-03
1.083200000000000092e-03
1.083519999999999926e-03
1.083839999999999977e-03
1.084160000000000028e-03
1.084480000000000079e-03
1.084800000000000130e-03
1.085119999999999965e-03
1.085440000000000016e-03
1.085760000000000067e-03
1.086080000000000118e-03
1.086399999999999953e-03
1.086720000000000004e-03
1.087040000000000055e-03
1.087360000000000106e-03
1.087679999999999940e-03
1.087999999999999991e-03
1.088320000000000043e-03
1.088640000000000094e-03
1.088959999999999928e-03
1.089279999999999979e-03
1.089600000000000030e-03
1.089920000000000081e-03
1.090239999999999916e-03
1.090559999999999967e-03
1.090880000000000018e-03
1.091200000000000069e-03
1.091520000000000120e-03
1.091839999999999955e-03
1.092160000000000006e-03
1.092480000000000057e-03
1.092800000000000108e-03
1.093119999999999942e-03
1.093439999999999994e-03
1.093760000000000045e-03
1.094080000000000096e-03
1.094399999999999930e-03
1.094719999999999981e-03
1.095040000000000032e-03
1.095360000000000084e-03
1.095679999999999918e-03
1.095999999999999969e-03
1.096320000000000020e-03
1.096640000000000071e-03
1.096960000000000122e-03
1.097279999999999957e-03
1.097600000000000008e-03
1.097920000000000059e-03
1.098240000000000110e-03
1.098559999999999945e-03
1.098879999999999996e-03
1.099200000000000047e-03
1.099520000000000098e-03
1.099839999999999932e-03
1.100159999999999983e-03
1.100480000000000035e-03
1.100800000000000086e-03
1.101119999999999920e-03
1.101439999999999971e-03
1.101760000000000022e-03
1.102080000000000073e-03
1.102400000000000125e-03
1.102719999999999959e-03
1.103040000000000010e-03
1.103360000000000061e-03
1.103680000000000112e-03
1.103999999999999947e-03
1.104319999999999998e-03
1.104640000000000049e-03
1.104960000000000100e-03
1.105279999999999934e-03
1.105599999999999986e-03
1.105920000000000037e-03
1.106240000000000088e-03
1.106559999999999922e-03
1.106879999999999973e-03
1.107200000000000024e-03
1.107520000000000076e-03
1.107840000000000127e-03
1.108159999999999961e-03
1.108480000000000012e-03
1.108800000000000063e-03
1.109120000000000114e-03
1.109439999999999949e-03
1.109760000000000000e-03
1.110080000000000051e-03
1.110400000000000102e-03
1.110719999999999937e-03
1.111039999999999988e-03
1.111360000000000039e-03
1.111680000000000090e-03
1.111999999999999924e-03
1.112319999999999975e-03
1.112640000000000027e-03
1.112960000000000078e-03
1.113280000000000129e-03
1.113599999999999963e-03
1.113920000000000014e-03
1.114240000000000065e-03
1.114560000000000117e-03
1.114879999999999951e-03
1.115200000000000002e-03
1.115520000000000053e-03
1.115840000000000104e-03
1.116159999999999939e-03
1.116479999999999990e-03
1.116800000000000041e-03
1.117120000000000092e-03
1.117439999999999926e-03
1.117759999999999978e-03
1.118080000000000029e-03
1.118400000000000080e-03
1.118720000000000131e-03
1.119039999999999965e-03
1.119360000000000016e-03
1.119680000000000068e-03
1.120000000000000119e-03
1.120319999999999953e-03
1.120640000000000004e-03
1.120960000000000055e-03
1.121280000000000106e-03
1.121599999999999941e-03
1.121919999999999992e-03
1.122240000000000043e-03
1.122560000000000094e-03
1.122879999999999929e-03
1.123199999999999980e-03
1.123520000000000031e-03
1.123840000000000082e-03
1.124159999999999916e-03
1.124479999999999967e-03
1.124800000000000019e-03
1.125120000000000070e-03
1.125440000000000121e-03
1.125759999999999955e-03
1.126080000000000006e-03
1.126400000000000057e-03
1.126720000000000109e-03
1.127039999999999943e-03
1.127359999999999994e-03
1.127680000000000045e-03
1.128000000000000096e-03
1.128319999999999931e-03
1.128639999999999982e-03
1.128960000000000033e-03
1.129280000000000084e-03
1.129599999999999918e-03
1.129919999999999970e-03
1.130240000000000021e-03
1.130560000000000072e-03
1.130880000000000123e-03
1.131199999999999957e-03
1.131520000000000008e-03
1.131840000000000060e-03
1.132160000000000111e-03
1.132479999999999945e-03
1.132799999999999996e-03
1.133120000000000047e-03
1.133440000000000098e-03
1.133759999999999933e-03
1.134079999999999984e-03
1.134400000000000035e-03
1.134720000000000086e-03
1.135039999999999921e-03
1.135359999999999972e-03
1.135680000000000023e-03
1.136000000000000074e-03
1.136320000000000125e-03
1.136639999999999959e-03
1.136960000000000011e-03
1.137280000000000062e-03
1.137600000000000113e-03
1.137919999999999947e-03
1.138239999999999998e-03
1.138560000000000049e-03
1.138880000000000101e-03
1.139199999999999935e-03
1.139519999999999986e-03
1.139840000000000037e-03
1.140160000000000088e-03
1.140479999999999923e-03
1.140799999999999974e-03
1.141120000000000025e-03
1.141440000000000076e-03
1.141760000000000127e-03
1.142079999999999962e-03
1.142400000000000013e-03
1.142720000000000064e-03
1.143040000000000115e-03
1.143359999999999949e-03
1.143680000000000000e-03
1.144000000000000052e-03
1.144320000000000103e-03
1.144639999999999937e-03
1.144959999999999988e-03
1.145280000000000039e-03
1.145600000000000090e-03
1.145919999999999925e-03
1.146239999999999976e-03
1.146560000000000027e-03
1.146880000000000078e-03
1.147200000000000129e-03
1.147519999999999964e-03
1.147840000000000015e-03
1.148160000000000066e-03
1.148480000000000117e-03
1.148799999999999951e-03
1.149120000000000003e-03
1.149440000000000054e-03
1.149760000000000105e-03
1.150079999999999939e-03
1.150399999999999990e-03
1.150720000000000041e-03
1.151040000000000093e-03
1.151359999999999927e-03
1.151679999999999978e-03
1.152000000000000029e-03
1.152320000000000080e-03
1.152640000000000131e-03
1.152959999999999966e-03
1.153280000000000017e-03
1.153600000000000068e-03
1.153920000000000119e-03
1.154239999999999954e-03
1.154560000000000005e-03
1.154880000000000056e-03
1.155200000000000107e-03
1.155519999999999941e-03
1.155839999999999992e-03
1.156160000000000044e-03
1.156480000000000095e-03
1.156799999999999929e-03
1.157119999999999980e-03
1.157440000000000031e-03
1.157760000000000082e-03
1.158079999999999917e-03
1.158399999999999968e-03
1.158720000000000019e-03
1.159040000000000070e-03
1.159360000000000121e-03
1.159679999999999956e-03
1.160000000000000007e-03
1.160320000000000058e-03
1.160640000000000109e-03
1.160959999999999943e-03
1.161279999999999995e-03
1.161600000000000046e-03
1.161920000000000097e-03
1.162239999999999931e-03
1.162559999999999982e-03
1.162880000000000033e-03
1.163200000000000085e-03
1.163519999999999919e-03
1.163839999999999970e-03
1.164160000000000021e-03
1.164480000000000072e-03
1.164800000000000123e-03
1.165119999999999958e-03
1.165440000000000009e-03
1.165760000000000060e-03
1.166080000000000111e-03
1.166399999999999946e-03
1.166719999999999997e-03
1.167040000000000048e-03
1.167360000000000099e-03
1.167679999999999933e-03
1.167999999999999984e-03
1.168320000000000036e-03
1.168640000000000087e-03
1.168959999999999921e-03
1.169279999999999972e-03
1.169600000000000023e-03
1.169920000000000074e-03
1.170240000000000126e-03
1.170559999999999960e-03
1.170880000000000011e-03
1.171200000000000062e-03
1.171520000000000113e-03
1.171839999999999948e-03
1.172159999999999999e-03
1.172480000000000050e-03
1.172800000000000101e-03
1.173119999999999935e-03
1.173439999999999987e-03
1.173760000000000038e-03
1.174080000000000089e-03
1.174399999999999923e-03
1.174719999999999974e-03
1.175040000000000025e-03
1.175360000000000077e-03
1.175680000000000128e-03
1.175999999999999962e-03
1.176320000000000013e-03
1.176640000000000064e-03
1.176960000000000115e-03
1.177279999999999950e-03
1.177600000000000001e-03
1.177920000000000052e-03
1.178240000000000103e-03
1.178559999999999938e-03
1.178879999999999989e-03
1.179200000000000040e-03
1.179520000000000091e-03
1.179839999999999925e-03
1.180159999999999976e-03
1.180480000000000028e-03
1.180800000000000079e-03
1.181120000000000130e-03
1.181439999999999964e-03
1.181760000000000015e-03
1.182080000000000066e-03
1.182400000000000118e-03
1.182719999999999952e-03
1.183040000000000003e-03
1.183360000000000054e-03
1.183680000000000105e-03
1.183999999999999940e-03
1.184319999999999991e-03
1.184640000000000042e-03
1.184960000000000093e-03
1.185279999999999927e-03
1.185599999999999979e-03
1.185920000000000030e-03
1.186240000000000081e-03
1.186560000000000132e-03
1.186879999999999966e-03
1.187200000000000017e-03
1.187520000000000069e-03
1.187840000000000120e-03
1.188159999999999954e-03
1.188480000000000005e-03
1.188800000000000056e-03
1.189120000000000107e-03
1.189439999999999942e-03
1.189759999999999993e-03
1.190080000000000044e-03
1.190400000000000095e-03
1.190719999999999930e-03
1.191039999999999981e-03
1.191360000000000032e-03
1.191680000000000083e-03
1.191999999999999917e-03
1.192319999999999968e-03
1.192640000000000020e-03
1.192960000000000071e-03
1.193280000000000122e-03
1.193599999999999956e-03
1.193920000000000007e-03
1.194240000000000058e-03
1.194560000000000110e-03
1.194879999999999944e-03
1.195199999999999995e-03
1.195520000000000046e-03
1.195840000000000097e-03
1.196159999999999932e-03
1.196479999999999983e-03
1.196800000000000034e-03
1.197120000000000085e-03
1.197439999999999919e-03
1.197759999999999971e-03
1.198080000000000022e-03
1.198400000000000073e-03
1.198720000000000124e-03
1.199039999999999958e-03
1.199360000000000009e-03
1.199680000000000061e-03
1.200000000000000112e-03
1.200319999999999946e-03
1.200639999999999997e-03
1.200960000000000048e-03
1.201280000000000099e-03
1.201599999999999934e-03
1.201919999999999985e-03
1.202240000000000036e-03
1.202560000000000087e-03
1.202879999999999922e-03
1.203199999999999973e-03
1.203520000000000024e-03
1.203840000000000075e-03
1.204160000000000126e-03
1.204479999999999960e-03
1.204800000000000012e-03
1.205120000000000063e-03
1.205440000000000114e-03
1.205759999999999948e-03
1.206079999999999999e-03
1.206400000000000050e-03
1.206720000000000102e-03
1.207039999999999936e-03
1.207359999999999987e-03
1.207680000000000038e-03
1.208000000000000089e-03
1.208319999999999924e-03
1.208639999999999975e-03
1.208960000000000026e-03
1.209280000000000077e-03
1.209600000000000128e-03
1.209919999999999963e-03
1.210240000000000014e-03
1.210560000000000065e-03
1.210880000000000116e-03
1.211199999999999950e-03
1.211520000000000001e-03
1.211840000000000053e-03
1.212160000000000104e-03
1.212479999999999938e-03
1.212799999999999989e-03
1.213120000000000040e-03
1.213440000000000091e-03
1.213759999999999926e-03
1.214079999999999977e-03
1.214400000000000028e-03
1.214720000000000079e-03
1.215040000000000130e-03
1.215359999999999965e-03
1.215680000000000016e-03
1.216000000000000067e-03
1.216320000000000118e-03
1.216639999999999952e-03
1.216960000000000004e-03
1.217280000000000055e-03
1.217600000000000106e-03
1.217919999999999940e-03
1.218239999999999991e-03
1.218560000000000042e-03
1.218880000000000094e-03
1.219199999999999928e-03
1.219519999999999979e-03
1.219840000000000030e-03
1.220160000000000081e-03
1.220480000000000132e-03
1.220799999999999967e-03
1.221120000000000018e-03
1.221440000000000069e-03
1.221760000000000120e-03
1.222079999999999955e-03
1.222400000000000006e-03
1.222720000000000057e-03
1.223040000000000108e-03
1.223359999999999942e-03
1.223679999999999993e-03
1.224000000000000045e-03
1.224320000000000096e-03
1.224639999999999930e-03
1.224959999999999981e-03
1.225280000000000032e-03
1.225600000000000083e-03
1.225919999999999918e-03
1.226239999999999969e-03
1.226560000000000020e-03
1.226880000000000071e-03
1.227200000000000122e-03
1.227519999999999957e-03
1.227840000000000008e-03
1.228160000000000059e-03
1.228480000000000110e-03
1.228799999999999944e-03
1.229119999999999996e-03
1.229440000000000047e-03
1.229760000000000098e-03
1.230079999999999932e-03
1.230399999999999983e-03
1.230720000000000034e-03
1.231040000000000086e-03
1.231359999999999920e-03
1.231679999999999971e-03
1.232000000000000022e-03
1.232320000000000073e-03
1.232640000000000124e-03
1.232959999999999959e-03
1.233280000000000010e-03
1.233600000000000061e-03
1.233920000000000112e-03
1.234239999999999947e-03
1.234559999999999998e-03
1.234880000000000049e-03
1.235200000000000100e-03
1.235519999999999934e-03
1.235839999999999985e-03
1.236160000000000037e-03
1.236480000000000088e-03
1.236799999999999922e-03
1.237119999999999973e-03
1.237440000000000024e-03
1.237760000000000075e-03
1.238080000000000127e-03
1.238399999999999961e-03
1.238720000000000012e-03
1.239040000000000063e-03
1.239360000000000114e-03
1.239679999999999949e-03
1.240000000000000000e-03
1.240320000000000051e-03
1.240640000000000102e-03
1.240959999999999936e-03
1.241279999999999988e-03
1.241600000000000039e-03
1.241920000000000090e-03
1.242239999999999924e-03
1.242559999999999975e-03
1.242880000000000026e-03
1.243200000000000078e-03
1.243520000000000129e-03
1.243839999999999963e-03
1.244160000000000014e-03
1.244480000000000065e-03
1.244800000000000116e-03
1.245119999999999951e-03
1.245440000000000002e-03
1.245760000000000053e-03
1.246080000000000104e-03
1.246399999999999939e-03
1.246719999999999990e-03
1.247040000000000041e-03
1.247360000000000092e-03
1.247679999999999926e-03
1.247999999999999977e-03
1.248320000000000029e-03
1.248640000000000080e-03
1.248960000000000131e-03
1.249279999999999965e-03
1.249600000000000016e-03
1.249920000000000067e-03
1.250240000000000119e-03
1.250559999999999953e-03
1.250880000000000004e-03
1.251200000000000055e-03
1.251520000000000106e-03
1.251839999999999941e-03
1.252159999999999992e-03
1.252480000000000043e-03
1.252800000000000094e-03
1.253119999999999928e-03
1.253439999999999980e-03
1.253760000000000031e-03
1.254080000000000082e-03
1.254400000000000133e-03
1.254719999999999967e-03
1.255040000000000018e-03
1.255360000000000070e-03
1.255680000000000121e-03
1.255999999999999955e-03
1.256320000000000006e-03
1.256640000000000057e-03
1.256960000000000108e-03
1.257279999999999943e-03
1.257599999999999994e-03
1.257920000000000045e-03
1.258240000000000096e-03
1.258559999999999931e-03
1.258879999999999982e-03
1.259200000000000033e-03
1.259520000000000084e-03
1.259839999999999918e-03
1.260159999999999969e-03
1.260480000000000021e-03
1.260800000000000072e-03
1.261120000000000123e-03
1.261439999999999957e-03
1.261760000000000008e-03
1.262080000000000059e-03
1.262400000000000111e-03
1.262719999999999945e-03
1.263039999999999996e-03
1.263360000000000047e-03
1.263680000000000098e-03
1.263999999999999933e-03
1.264319999999999984e-03
1.264640000000000035e-03
1.264960000000000086e-03
1.265279999999999920e-03
1.265599999999999972e-03
1.265920000000000023e-03
1.266240000000000074e-03
1.266560000000000125e-03
1.266879999999999959e-03
1.267200000000000010e-03
1.267520000000000062e-03
1.267840000000000113e-03
1.268159999999999947e-03
1.268479999999999998e-03
1.268800000000000049e-03
1.269120000000000100e-03
1.269439999999999935e-03
