0.000000000000000000e+00
2.560000000000000054e-06
5.120000000000000107e-06
7.680000000000001008e-06
1.024000000000000021e-05
1.279999999999999942e-05
1.536000000000000202e-05
1.792000000000000122e-05
2.048000000000000043e-05
2.303999999999999964e-05
2.559999999999999884e-05
2.816000000000000144e-05
3.072000000000000403e-05
3.327999999999999985e-05
3.584000000000000244e-05
3.839999999999999826e-05
4.096000000000000086e-05
4.352000000000000345e-05
4.607999999999999927e-05
4.864000000000000186e-05
5.119999999999999768e-05
5.376000000000000028e-05
5.632000000000000287e-05
5.887999999999999869e-05
6.144000000000000806e-05
6.399999999999999710e-05
6.655999999999999970e-05
6.912000000000000229e-05
7.168000000000000489e-05
7.424000000000000748e-05
7.679999999999999652e-05
7.935999999999999912e-05
8.192000000000000171e-05
8.448000000000000431e-05
8.704000000000000690e-05
8.959999999999999595e-05
9.215999999999999854e-05
9.472000000000000113e-05
9.728000000000000373e-05
9.984000000000000632e-05
1.023999999999999954e-04
1.049599999999999980e-04
1.075200000000000006e-04
1.100800000000000032e-04
1.126400000000000057e-04
1.152000000000000083e-04
1.177599999999999974e-04
1.203200000000000000e-04
1.228800000000000161e-04
1.254399999999999916e-04
1.279999999999999942e-04
1.305599999999999968e-04
1.331199999999999994e-04
1.356800000000000020e-04
1.382400000000000046e-04
1.408000000000000072e-04
1.433600000000000098e-04
1.459200000000000124e-04
1.484800000000000150e-04
1.510399999999999905e-04
1.535999999999999930e-04
1.561599999999999956e-04
1.587199999999999982e-04
1.612800000000000008e-04
1.638400000000000034e-04
1.664000000000000060e-04
1.689600000000000086e-04
1.715200000000000112e-04
1.740800000000000138e-04
1.766400000000000164e-04
1.791999999999999919e-04
1.817599999999999945e-04
1.843199999999999971e-04
1.868799999999999997e-04
1.894400000000000023e-04
1.920000000000000049e-04
1.945600000000000075e-04
1.971200000000000101e-04
1.996800000000000126e-04
2.022400000000000152e-04
2.047999999999999907e-04
2.073599999999999933e-04
2.099199999999999959e-04
2.124799999999999985e-04
2.150400000000000011e-04
2.176000000000000037e-04
2.201600000000000063e-04
2.227200000000000089e-04
2.252800000000000115e-04
2.278400000000000141e-04
2.304000000000000167e-04
2.329599999999999922e-04
2.355199999999999948e-04
2.380799999999999974e-04
2.406400000000000000e-04
2.432000000000000025e-04
2.457600000000000322e-04
2.483200000000000077e-04
2.508799999999999832e-04
2.534400000000000129e-04
2.559999999999999884e-04
2.585600000000000181e-04
2.611199999999999936e-04
2.636800000000000233e-04
2.662399999999999988e-04
2.688000000000000285e-04
2.713600000000000040e-04
2.739199999999999795e-04
2.764800000000000092e-04
2.790399999999999847e-04
2.816000000000000144e-04
2.841599999999999899e-04
2.867200000000000196e-04
2.892799999999999950e-04
2.918400000000000247e-04
2.944000000000000002e-04
2.969600000000000299e-04
2.995200000000000054e-04
3.020799999999999809e-04
3.046400000000000106e-04
3.071999999999999861e-04
3.097600000000000158e-04
3.123199999999999913e-04
3.148800000000000210e-04
3.174399999999999965e-04
3.200000000000000262e-04
3.225600000000000017e-04
3.251200000000000314e-04
3.276800000000000069e-04
3.302399999999999823e-04
3.328000000000000120e-04
3.353599999999999875e-04
3.379200000000000172e-04
3.404799999999999927e-04
3.430400000000000224e-04
3.455999999999999979e-04
3.481600000000000276e-04
3.507200000000000031e-04
3.532800000000000328e-04
3.558400000000000083e-04
3.583999999999999838e-04
3.609600000000000135e-04
3.635199999999999890e-04
3.660800000000000187e-04
3.686399999999999942e-04
3.712000000000000239e-04
3.737599999999999993e-04
3.763200000000000290e-04
3.788800000000000045e-04
3.814400000000000342e-04
3.840000000000000097e-04
3.865599999999999852e-04
3.891200000000000149e-04
3.916799999999999904e-04
3.942400000000000201e-04
3.967999999999999956e-04
3.993600000000000253e-04
4.019200000000000008e-04
4.044800000000000305e-04
4.070400000000000060e-04
4.095999999999999815e-04
4.121600000000000112e-04
4.147199999999999867e-04
4.172800000000000164e-04
4.198399999999999918e-04
4.224000000000000215e-04
4.249599999999999970e-04
4.275200000000000267e-04
4.300800000000000022e-04
4.326400000000000319e-04
4.352000000000000074e-04
4.377599999999999829e-04
4.403200000000000126e-04
4.428799999999999881e-04
4.454400000000000178e-04
4.479999999999999933e-04
4.505600000000000230e-04
4.531199999999999985e-04
4.556800000000000282e-04
4.582400000000000037e-04
4.608000000000000334e-04
4.633600000000000088e-04
4.659199999999999843e-04
4.684800000000000140e-04
4.710399999999999895e-04
4.736000000000000192e-04
4.761599999999999947e-04
4.787200000000000244e-04
4.812799999999999999e-04
4.838400000000000296e-04
4.864000000000000051e-04
4.889599999999999806e-04
4.915200000000000645e-04
4.940800000000000400e-04
4.966400000000000155e-04
4.991999999999999910e-04
5.017599999999999665e-04
5.043200000000000504e-04
5.068800000000000259e-04
5.094400000000000013e-04
5.119999999999999768e-04
5.145600000000000607e-04
5.171200000000000362e-04
5.196800000000000117e-04
5.222399999999999872e-04
5.247999999999999627e-04
5.273600000000000466e-04
5.299200000000000221e-04
5.324799999999999976e-04
5.350399999999999731e-04
5.376000000000000570e-04
5.401600000000000325e-04
5.427200000000000080e-04
5.452799999999999835e-04
5.478399999999999589e-04
5.504000000000000429e-04
5.529600000000000183e-04
5.555199999999999938e-04
5.580799999999999693e-04
5.606400000000000532e-04
5.632000000000000287e-04
5.657600000000000042e-04
5.683199999999999797e-04
5.708800000000000636e-04
5.734400000000000391e-04
5.760000000000000146e-04
5.785599999999999901e-04
5.811199999999999656e-04
5.836800000000000495e-04
5.862400000000000250e-04
5.888000000000000005e-04
5.913599999999999760e-04
5.939200000000000599e-04
5.964800000000000353e-04
5.990400000000000108e-04
6.015999999999999863e-04
6.041599999999999618e-04
6.067200000000000457e-04
6.092800000000000212e-04
6.118399999999999967e-04
6.143999999999999722e-04
6.169600000000000561e-04
6.195200000000000316e-04
6.220800000000000071e-04
6.246399999999999826e-04
6.272000000000000665e-04
6.297600000000000420e-04
6.323200000000000175e-04
6.348799999999999930e-04
6.374399999999999684e-04
6.400000000000000524e-04
6.425600000000000278e-04
6.451200000000000033e-04
6.476799999999999788e-04
6.502400000000000627e-04
6.528000000000000382e-04
6.553600000000000137e-04
6.579199999999999892e-04
6.604799999999999647e-04
6.630400000000000486e-04
6.656000000000000241e-04
6.681599999999999996e-04
6.707199999999999751e-04
6.732800000000000590e-04
6.758400000000000345e-04
6.784000000000000100e-04
6.809599999999999854e-04
6.835199999999999609e-04
6.860800000000000448e-04
6.886400000000000203e-04
6.911999999999999958e-04
6.937599999999999713e-04
6.963200000000000552e-04
6.988800000000000307e-04
7.014400000000000062e-04
7.039999999999999817e-04
7.065600000000000656e-04
7.091200000000000411e-04
7.116800000000000166e-04
7.142399999999999921e-04
7.167999999999999676e-04
7.193600000000000515e-04
7.219200000000000270e-04
7.244800000000000025e-04
7.270399999999999779e-04
7.296000000000000619e-04
7.321600000000000373e-04
7.347200000000000128e-04
7.372799999999999883e-04
7.398399999999999638e-04
7.424000000000000477e-04
7.449600000000000232e-04
7.475199999999999987e-04
7.500799999999999742e-04
7.526400000000000581e-04
7.552000000000000336e-04
7.577600000000000091e-04
7.603199999999999846e-04
7.628800000000000685e-04
7.654400000000000440e-04
7.680000000000000195e-04
7.705599999999999949e-04
7.731199999999999704e-04
7.756800000000000543e-04
7.782400000000000298e-04
7.808000000000000053e-04
7.833599999999999808e-04
7.859200000000000647e-04
7.884800000000000402e-04
7.910400000000000157e-04
7.935999999999999912e-04
7.961599999999999667e-04
7.987200000000000506e-04
8.012800000000000261e-04
8.038400000000000016e-04
8.063999999999999771e-04
8.089600000000000610e-04
8.115200000000000365e-04
8.140800000000000120e-04
8.166399999999999874e-04
8.191999999999999629e-04
8.217600000000000468e-04
8.243200000000000223e-04
8.268799999999999978e-04
8.294399999999999733e-04
8.320000000000000572e-04
8.345600000000000327e-04
8.371200000000000082e-04
8.396799999999999837e-04
8.422400000000000676e-04
8.448000000000000431e-04
8.473600000000000186e-04
8.499199999999999941e-04
8.524799999999999696e-04
8.550400000000000535e-04
8.576000000000000290e-04
8.601600000000000044e-04
8.627199999999999799e-04
8.652800000000000638e-04
8.678400000000000393e-04
8.704000000000000148e-04
8.729599999999999903e-04
8.755199999999999658e-04
8.780800000000000497e-04
8.806400000000000252e-04
8.832000000000000007e-04
8.857599999999999762e-04
8.883200000000000601e-04
8.908800000000000356e-04
8.934400000000000111e-04
8.959999999999999866e-04
8.985600000000000705e-04
9.011200000000000460e-04
9.036800000000000214e-04
9.062399999999999969e-04
9.087999999999999724e-04
9.113600000000000563e-04
9.139200000000000318e-04
9.164800000000000073e-04
9.190399999999999828e-04
9.216000000000000667e-04
9.241600000000000422e-04
9.267200000000000177e-04
9.292799999999999932e-04
9.318399999999999687e-04
9.344000000000000526e-04
9.369600000000000281e-04
9.395200000000000036e-04
9.420799999999999791e-04
9.446400000000000630e-04
9.472000000000000385e-04
9.497600000000000139e-04
9.523199999999999894e-04
9.548800000000000733e-04
9.574400000000000488e-04
9.600000000000000243e-04
9.625599999999999998e-04
9.651199999999999753e-04
9.676800000000000592e-04
9.702400000000000347e-04
9.728000000000000102e-04
9.753599999999999857e-04
9.779199999999999612e-04
9.804799999999999367e-04
9.830400000000001290e-04
9.856000000000001045e-04
9.881600000000000800e-04
9.907200000000000555e-04
9.932800000000000309e-04
9.958400000000000064e-04
9.983999999999999819e-04
1.000959999999999957e-03
1.003519999999999933e-03
1.006080000000000125e-03
1.008640000000000101e-03
1.011200000000000076e-03
1.013760000000000052e-03
1.016320000000000027e-03
1.018880000000000003e-03
1.021439999999999978e-03
1.023999999999999954e-03
1.026559999999999929e-03
1.029120000000000121e-03
1.031680000000000097e-03
1.034240000000000072e-03
1.036800000000000048e-03
1.039360000000000023e-03
1.041919999999999999e-03
1.044479999999999974e-03
1.047039999999999950e-03
1.049599999999999925e-03
1.052160000000000118e-03
1.054720000000000093e-03
1.057280000000000069e-03
1.059840000000000044e-03
1.062400000000000020e-03
1.064959999999999995e-03
1.067519999999999971e-03
1.070079999999999946e-03
1.072639999999999922e-03
1.075200000000000114e-03
1.077760000000000089e-03
1.080320000000000065e-03
1.082880000000000040e-03
1.085440000000000016e-03
1.087999999999999991e-03
1.090559999999999967e-03
1.093119999999999942e-03
1.095679999999999918e-03
1.098240000000000110e-03
1.100800000000000086e-03
1.103360000000000061e-03
1.105920000000000037e-03
1.108480000000000012e-03
1.111039999999999988e-03
1.113599999999999963e-03
1.116159999999999939e-03
1.118720000000000131e-03
1.121280000000000106e-03
1.123840000000000082e-03
1.126400000000000057e-03
1.128960000000000033e-03
1.131520000000000008e-03
1.134079999999999984e-03
1.136639999999999959e-03
1.139199999999999935e-03
1.141760000000000127e-03
1.144320000000000103e-03
1.146880000000000078e-03
1.149440000000000054e-03
1.152000000000000029e-03
1.154560000000000005e-03
1.157119999999999980e-03
1.159679999999999956e-03
1.162239999999999931e-03
1.164800000000000123e-03
1.167360000000000099e-03
1.169920000000000074e-03
1.172480000000000050e-03
1.175040000000000025e-03
1.177600000000000001e-03
1.180159999999999976e-03
1.182719999999999952e-03
1.185279999999999927e-03
1.187840000000000120e-03
1.190400000000000095e-03
1.192960000000000071e-03
1.195520000000000046e-03
1.198080000000000022e-03
1.200639999999999997e-03
1.203199999999999973e-03
1.205759999999999948e-03
1.208319999999999924e-03
1.210880000000000116e-03
1.213440000000000091e-03
1.216000000000000067e-03
1.218560000000000042e-03
1.221120000000000018e-03
1.223679999999999993e-03
1.226239999999999969e-03
1.228799999999999944e-03
1.231359999999999920e-03
1.233920000000000112e-03
1.236480000000000088e-03
1.239040000000000063e-03
1.241600000000000039e-03
1.244160000000000014e-03
1.246719999999999990e-03
1.249279999999999965e-03
1.251839999999999941e-03
1.254400000000000133e-03
1.256960000000000108e-03
1.259520000000000084e-03
1.262080000000000059e-03
1.264640000000000035e-03
1.267200000000000010e-03
1.269759999999999986e-03
1.272319999999999961e-03
1.274879999999999937e-03
1.277440000000000129e-03
1.280000000000000105e-03
1.282560000000000080e-03
1.285120000000000056e-03
1.287680000000000031e-03
1.290240000000000007e-03
1.292799999999999982e-03
1.295359999999999958e-03
1.297919999999999933e-03
1.300480000000000125e-03
1.303040000000000101e-03
1.305600000000000076e-03
1.308160000000000052e-03
1.310720000000000027e-03
1.313280000000000003e-03
1.315839999999999978e-03
1.318399999999999954e-03
1.320959999999999929e-03
1.323520000000000122e-03
1.326080000000000097e-03
1.328640000000000073e-03
1.331200000000000048e-03
1.333760000000000024e-03
1.336319999999999999e-03
1.338879999999999975e-03
1.341439999999999950e-03
1.343999999999999926e-03
1.346560000000000118e-03
1.349120000000000093e-03
1.351680000000000069e-03
1.354240000000000044e-03
1.356800000000000020e-03
1.359359999999999995e-03
1.361919999999999971e-03
1.364479999999999946e-03
1.367039999999999922e-03
1.369600000000000114e-03
1.372160000000000090e-03
1.374720000000000065e-03
1.377280000000000041e-03
1.379840000000000016e-03
1.382399999999999992e-03
1.384959999999999967e-03
1.387519999999999943e-03
1.390080000000000135e-03
1.392640000000000110e-03
1.395200000000000086e-03
1.397760000000000061e-03
1.400320000000000037e-03
1.402880000000000012e-03
1.405439999999999988e-03
1.407999999999999963e-03
1.410559999999999939e-03
1.413120000000000131e-03
1.415680000000000107e-03
1.418240000000000082e-03
1.420800000000000058e-03
1.423360000000000033e-03
1.425920000000000009e-03
1.428479999999999984e-03
1.431039999999999960e-03
1.433599999999999935e-03
1.436160000000000127e-03
1.438720000000000103e-03
1.441280000000000078e-03
1.443840000000000054e-03
1.446400000000000029e-03
1.448960000000000005e-03
1.451519999999999980e-03
1.454079999999999956e-03
1.456639999999999931e-03
1.459200000000000124e-03
1.461760000000000099e-03
1.464320000000000075e-03
1.466880000000000050e-03
1.469440000000000026e-03
1.472000000000000001e-03
1.474559999999999977e-03
1.477119999999999952e-03
1.479679999999999928e-03
1.482240000000000120e-03
1.484800000000000095e-03
1.487360000000000071e-03
1.489920000000000046e-03
1.492480000000000022e-03
1.495039999999999997e-03
1.497599999999999973e-03
1.500159999999999948e-03
1.502719999999999924e-03
1.505280000000000116e-03
1.507840000000000092e-03
1.510400000000000067e-03
1.512960000000000043e-03
1.515520000000000018e-03
1.518079999999999994e-03
1.520639999999999969e-03
1.523199999999999945e-03
1.525760000000000137e-03
1.528320000000000112e-03
1.530880000000000088e-03
1.533440000000000063e-03
1.536000000000000039e-03
1.538560000000000014e-03
1.541119999999999990e-03
1.543679999999999965e-03
1.546239999999999941e-03
1.548800000000000133e-03
1.551360000000000109e-03
1.553920000000000084e-03
1.556480000000000060e-03
1.559040000000000035e-03
1.561600000000000011e-03
1.564159999999999986e-03
1.566719999999999962e-03
1.569279999999999937e-03
1.571840000000000129e-03
1.574400000000000105e-03
1.576960000000000080e-03
1.579520000000000056e-03
1.582080000000000031e-03
1.584640000000000007e-03
1.587199999999999982e-03
1.589759999999999958e-03
1.592319999999999933e-03
1.594880000000000126e-03
1.597440000000000101e-03
1.600000000000000077e-03
1.602560000000000052e-03
1.605120000000000028e-03
1.607680000000000003e-03
1.610239999999999979e-03
1.612799999999999954e-03
1.615359999999999930e-03
1.617920000000000122e-03
1.620480000000000097e-03
1.623040000000000073e-03
1.625600000000000048e-03
1.628160000000000024e-03
1.630719999999999999e-03
1.633279999999999975e-03
1.635839999999999950e-03
1.638399999999999926e-03
1.640960000000000118e-03
1.643520000000000094e-03
1.646080000000000069e-03
1.648640000000000045e-03
1.651200000000000020e-03
1.653759999999999996e-03
1.656319999999999971e-03
1.658879999999999947e-03
1.661440000000000139e-03
1.664000000000000114e-03
1.666560000000000090e-03
1.669120000000000065e-03
1.671680000000000041e-03
1.674240000000000016e-03
1.676799999999999992e-03
1.679359999999999967e-03
1.681919999999999943e-03
1.684480000000000135e-03
1.687040000000000111e-03
1.689600000000000086e-03
1.692160000000000062e-03
1.694720000000000037e-03
1.697280000000000013e-03
1.699839999999999988e-03
1.702399999999999964e-03
1.704959999999999939e-03
1.707520000000000131e-03
1.710080000000000107e-03
1.712640000000000082e-03
1.715200000000000058e-03
1.717760000000000033e-03
1.720320000000000009e-03
1.722879999999999984e-03
1.725439999999999960e-03
1.727999999999999935e-03
1.730560000000000128e-03
1.733120000000000103e-03
1.735680000000000079e-03
1.738240000000000054e-03
1.740800000000000030e-03
1.743360000000000005e-03
1.745919999999999981e-03
1.748479999999999956e-03
1.751039999999999932e-03
1.753600000000000124e-03
1.756160000000000099e-03
1.758720000000000075e-03
1.761280000000000050e-03
1.763840000000000026e-03
1.766400000000000001e-03
1.768959999999999977e-03
1.771519999999999952e-03
1.774080000000000145e-03
1.776640000000000120e-03
1.779200000000000096e-03
1.781760000000000071e-03
1.784320000000000047e-03
1.786880000000000022e-03
1.789439999999999998e-03
1.791999999999999973e-03
1.794559999999999949e-03
1.797120000000000141e-03
1.799680000000000116e-03
1.802240000000000092e-03
1.804800000000000067e-03
1.807360000000000043e-03
1.809920000000000018e-03
1.812479999999999994e-03
1.815039999999999969e-03
1.817599999999999945e-03
1.820160000000000137e-03
1.822720000000000113e-03
1.825280000000000088e-03
1.827840000000000064e-03
1.830400000000000039e-03
1.832960000000000015e-03
1.835519999999999990e-03
1.838079999999999966e-03
1.840639999999999941e-03
1.843200000000000133e-03
1.845760000000000109e-03
1.848320000000000084e-03
1.850880000000000060e-03
1.853440000000000035e-03
1.856000000000000011e-03
1.858559999999999986e-03
1.861119999999999962e-03
1.863679999999999937e-03
1.866240000000000130e-03
1.868800000000000105e-03
1.871360000000000081e-03
1.873920000000000056e-03
1.876480000000000032e-03
1.879040000000000007e-03
1.881599999999999983e-03
1.884159999999999958e-03
1.886719999999999934e-03
1.889280000000000126e-03
1.891840000000000101e-03
1.894400000000000077e-03
1.896960000000000052e-03
1.899520000000000028e-03
1.902080000000000003e-03
1.904639999999999979e-03
1.907199999999999954e-03
1.909760000000000147e-03
1.912320000000000122e-03
1.914880000000000098e-03
1.917440000000000073e-03
1.920000000000000049e-03
1.922560000000000024e-03
1.925120000000000000e-03
1.927679999999999975e-03
1.930239999999999951e-03
1.932800000000000143e-03
1.935360000000000118e-03
1.937920000000000094e-03
1.940480000000000069e-03
1.943040000000000045e-03
1.945600000000000020e-03
1.948159999999999996e-03
1.950719999999999971e-03
1.953279999999999947e-03
1.955839999999999922e-03
1.958399999999999898e-03
1.960959999999999873e-03
1.963519999999999849e-03
1.966080000000000258e-03
1.968640000000000233e-03
1.971200000000000209e-03
1.973760000000000184e-03
1.976320000000000160e-03
1.978880000000000135e-03
1.981440000000000111e-03
1.984000000000000086e-03
1.986560000000000062e-03
1.989120000000000037e-03
1.991680000000000013e-03
1.994239999999999988e-03
1.996799999999999964e-03
1.999359999999999939e-03
2.001919999999999915e-03
2.004479999999999890e-03
2.007039999999999866e-03
2.009599999999999841e-03
2.012160000000000250e-03
2.014720000000000226e-03
2.017280000000000201e-03
2.019840000000000177e-03
2.022400000000000152e-03
2.024960000000000128e-03
2.027520000000000103e-03
2.030080000000000079e-03
2.032640000000000054e-03
2.035200000000000030e-03
2.037760000000000005e-03
2.040319999999999981e-03
2.042879999999999956e-03
2.045439999999999932e-03
2.047999999999999907e-03
2.050559999999999883e-03
2.053119999999999858e-03
2.055679999999999834e-03
2.058240000000000243e-03
2.060800000000000218e-03
2.063360000000000194e-03
2.065920000000000169e-03
2.068480000000000145e-03
2.071040000000000120e-03
2.073600000000000096e-03
2.076160000000000071e-03
2.078720000000000047e-03
2.081280000000000022e-03
2.083839999999999998e-03
2.086399999999999973e-03
2.088959999999999949e-03
2.091519999999999924e-03
2.094079999999999900e-03
2.096639999999999875e-03
2.099199999999999851e-03
2.101760000000000260e-03
2.104320000000000235e-03
2.106880000000000211e-03
2.109440000000000186e-03
2.112000000000000162e-03
2.114560000000000137e-03
2.117120000000000113e-03
2.119680000000000088e-03
2.122240000000000064e-03
2.124800000000000039e-03
2.127360000000000015e-03
2.129919999999999990e-03
2.132479999999999966e-03
2.135039999999999941e-03
2.137599999999999917e-03
2.140159999999999892e-03
2.142719999999999868e-03
2.145279999999999843e-03
2.147840000000000252e-03
2.150400000000000228e-03
2.152960000000000203e-03
2.155520000000000179e-03
2.158080000000000154e-03
2.160640000000000130e-03
2.163200000000000105e-03
2.165760000000000081e-03
2.168320000000000056e-03
2.170880000000000032e-03
2.173440000000000007e-03
2.175999999999999983e-03
2.178559999999999958e-03
2.181119999999999934e-03
2.183679999999999909e-03
2.186239999999999885e-03
2.188799999999999860e-03
2.191359999999999836e-03
2.193920000000000245e-03
2.196480000000000220e-03
2.199040000000000196e-03
2.201600000000000171e-03
2.204160000000000147e-03
2.206720000000000122e-03
2.209280000000000098e-03
2.211840000000000073e-03
2.214400000000000049e-03
2.216960000000000024e-03
2.219520000000000000e-03
2.222079999999999975e-03
2.224639999999999951e-03
2.227199999999999926e-03
2.229759999999999902e-03
2.232319999999999877e-03
2.234879999999999853e-03
2.237440000000000262e-03
2.240000000000000237e-03
2.242560000000000213e-03
2.245120000000000188e-03
2.247680000000000164e-03
2.250240000000000139e-03
2.252800000000000115e-03
2.255360000000000090e-03
2.257920000000000066e-03
2.260480000000000041e-03
2.263040000000000017e-03
2.265599999999999992e-03
2.268159999999999968e-03
2.270719999999999943e-03
2.273279999999999919e-03
2.275839999999999894e-03
2.278399999999999870e-03
2.280959999999999845e-03
2.283520000000000254e-03
2.286080000000000230e-03
2.288640000000000205e-03
2.291200000000000181e-03
2.293760000000000156e-03
2.296320000000000132e-03
2.298880000000000107e-03
2.301440000000000083e-03
2.304000000000000058e-03
2.306560000000000034e-03
2.309120000000000009e-03
2.311679999999999985e-03
2.314239999999999960e-03
2.316799999999999936e-03
2.319359999999999911e-03
2.321919999999999887e-03
2.324479999999999862e-03
2.327039999999999838e-03
2.329600000000000247e-03
2.332160000000000222e-03
2.334720000000000198e-03
2.337280000000000173e-03
2.339840000000000149e-03
2.342400000000000124e-03
2.344960000000000100e-03
2.347520000000000075e-03
2.350080000000000051e-03
2.352640000000000026e-03
2.355200000000000002e-03
2.357759999999999977e-03
2.360319999999999953e-03
2.362879999999999928e-03
2.365439999999999904e-03
2.367999999999999879e-03
2.370559999999999855e-03
2.373120000000000264e-03
2.375680000000000239e-03
2.378240000000000215e-03
2.380800000000000190e-03
2.383360000000000166e-03
2.385920000000000141e-03
2.388480000000000117e-03
2.391040000000000092e-03
2.393600000000000068e-03
2.396160000000000043e-03
2.398720000000000019e-03
2.401279999999999994e-03
2.403839999999999970e-03
2.406399999999999945e-03
2.408959999999999921e-03
2.411519999999999896e-03
2.414079999999999872e-03
2.416639999999999847e-03
2.419200000000000256e-03
2.421760000000000232e-03
2.424320000000000207e-03
2.426880000000000183e-03
2.429440000000000158e-03
2.432000000000000134e-03
2.434560000000000109e-03
2.437120000000000085e-03
2.439680000000000060e-03
2.442240000000000036e-03
2.444800000000000011e-03
2.447359999999999987e-03
2.449919999999999962e-03
2.452479999999999938e-03
2.455039999999999913e-03
2.457599999999999889e-03
2.460159999999999864e-03
2.462719999999999840e-03
2.465280000000000249e-03
2.467840000000000224e-03
2.470400000000000200e-03
2.472960000000000175e-03
2.475520000000000151e-03
2.478080000000000126e-03
2.480640000000000102e-03
2.483200000000000077e-03
2.485760000000000053e-03
2.488320000000000028e-03
2.490880000000000004e-03
2.493439999999999979e-03
2.495999999999999955e-03
2.498559999999999930e-03
2.501119999999999906e-03
2.503679999999999881e-03
2.506239999999999857e-03
2.508800000000000266e-03
2.511360000000000241e-03
2.513920000000000217e-03
2.516480000000000192e-03
2.519040000000000168e-03
2.521600000000000143e-03
2.524160000000000119e-03
2.526720000000000094e-03
2.529280000000000070e-03
2.531840000000000045e-03
2.534400000000000021e-03
2.536959999999999996e-03
2.539519999999999972e-03
2.542079999999999947e-03
2.544639999999999923e-03
2.547199999999999898e-03
2.549759999999999874e-03
2.552319999999999849e-03
2.554880000000000258e-03
2.557440000000000234e-03
2.560000000000000209e-03
2.562560000000000185e-03
2.565120000000000160e-03
2.567680000000000136e-03
2.570240000000000111e-03
2.572800000000000087e-03
2.575360000000000062e-03
2.577920000000000038e-03
2.580480000000000013e-03
2.583039999999999989e-03
2.585599999999999964e-03
2.588159999999999940e-03
2.590719999999999915e-03
2.593279999999999891e-03
2.595839999999999866e-03
2.598399999999999842e-03
2.600960000000000251e-03
2.603520000000000226e-03
2.606080000000000202e-03
2.608640000000000177e-03
2.611200000000000153e-03
2.613760000000000128e-03
2.616320000000000104e-03
2.618880000000000079e-03
2.621440000000000055e-03
2.624000000000000030e-03
2.626560000000000006e-03
2.629119999999999981e-03
2.631679999999999957e-03
2.634239999999999932e-03
2.636799999999999908e-03
2.639359999999999883e-03
2.641919999999999859e-03
2.644480000000000268e-03
2.647040000000000243e-03
2.649600000000000219e-03
2.652160000000000194e-03
2.654720000000000170e-03
2.657280000000000145e-03
2.659840000000000121e-03
2.662400000000000096e-03
2.664960000000000072e-03
2.667520000000000047e-03
2.670080000000000023e-03
2.672639999999999998e-03
2.675199999999999974e-03
2.677759999999999949e-03
2.680319999999999925e-03
2.682879999999999900e-03
2.685439999999999876e-03
2.687999999999999851e-03
2.690560000000000260e-03
2.693120000000000236e-03
2.695680000000000211e-03
2.698240000000000187e-03
2.700800000000000162e-03
2.703360000000000138e-03
2.705920000000000113e-03
2.708480000000000089e-03
2.711040000000000064e-03
2.713600000000000040e-03
2.716160000000000015e-03
2.718719999999999991e-03
2.721279999999999966e-03
2.723839999999999942e-03
2.726399999999999917e-03
2.728959999999999893e-03
2.731519999999999868e-03
2.734079999999999844e-03
2.736640000000000253e-03
2.739200000000000228e-03
2.741760000000000204e-03
2.744320000000000179e-03
2.746880000000000155e-03
2.749440000000000130e-03
2.752000000000000106e-03
2.754560000000000081e-03
2.757120000000000057e-03
2.759680000000000032e-03
2.762240000000000008e-03
2.764799999999999983e-03
2.767359999999999959e-03
2.769919999999999934e-03
2.772479999999999910e-03
2.775039999999999885e-03
2.777599999999999861e-03
2.780160000000000270e-03
2.782720000000000245e-03
2.785280000000000221e-03
2.787840000000000196e-03
2.790400000000000172e-03
2.792960000000000147e-03
2.795520000000000123e-03
2.798080000000000098e-03
2.800640000000000074e-03
2.803200000000000049e-03
2.805760000000000025e-03
2.808320000000000000e-03
2.810879999999999976e-03
2.813439999999999951e-03
2.815999999999999927e-03
2.818559999999999902e-03
2.821119999999999878e-03
2.823679999999999853e-03
2.826240000000000262e-03
2.828800000000000238e-03
2.831360000000000213e-03
2.833920000000000189e-03
2.836480000000000164e-03
2.839040000000000140e-03
2.841600000000000115e-03
2.844160000000000091e-03
2.846720000000000066e-03
2.849280000000000042e-03
2.851840000000000017e-03
2.854399999999999993e-03
2.856959999999999968e-03
2.859519999999999944e-03
2.862079999999999919e-03
2.864639999999999895e-03
2.867199999999999870e-03
2.869759999999999846e-03
2.872320000000000255e-03
2.874880000000000230e-03
2.877440000000000206e-03
2.880000000000000181e-03
2.882560000000000157e-03
2.885120000000000132e-03
2.887680000000000108e-03
2.890240000000000083e-03
2.892800000000000059e-03
2.895360000000000034e-03
2.897920000000000010e-03
2.900479999999999985e-03
2.903039999999999961e-03
2.905599999999999936e-03
2.908159999999999912e-03
2.910719999999999887e-03
2.913279999999999863e-03
2.915840000000000272e-03
2.918400000000000247e-03
2.920960000000000223e-03
2.923520000000000198e-03
2.926080000000000174e-03
2.928640000000000149e-03
2.931200000000000125e-03
2.933760000000000100e-03
2.936320000000000076e-03
2.938880000000000051e-03
2.941440000000000027e-03
2.944000000000000002e-03
2.946559999999999978e-03
2.949119999999999953e-03
2.951679999999999929e-03
2.954239999999999904e-03
2.956799999999999880e-03
2.959359999999999855e-03
2.961920000000000264e-03
2.964480000000000240e-03
2.967040000000000215e-03
2.969600000000000191e-03
2.972160000000000166e-03
2.974720000000000142e-03
2.977280000000000117e-03
2.979840000000000093e-03
2.982400000000000068e-03
2.984960000000000044e-03
2.987520000000000019e-03
2.990079999999999995e-03
2.992639999999999970e-03
2.995199999999999946e-03
2.997759999999999921e-03
3.000319999999999897e-03
3.002879999999999872e-03
3.005439999999999848e-03
3.008000000000000257e-03
3.010560000000000232e-03
3.013120000000000208e-03
3.015680000000000183e-03
3.018240000000000159e-03
3.020800000000000134e-03
3.023360000000000110e-03
3.025920000000000085e-03
3.028480000000000061e-03
3.031040000000000036e-03
3.033600000000000012e-03
3.036159999999999987e-03
3.038719999999999963e-03
3.041279999999999938e-03
3.043839999999999914e-03
3.046399999999999889e-03
3.048959999999999865e-03
3.051520000000000274e-03
3.054080000000000249e-03
3.056640000000000225e-03
3.059200000000000200e-03
3.061760000000000176e-03
3.064320000000000151e-03
3.066880000000000127e-03
3.069440000000000102e-03
3.072000000000000078e-03
3.074560000000000053e-03
3.077120000000000029e-03
3.079680000000000004e-03
3.082239999999999980e-03
3.084799999999999955e-03
3.087359999999999931e-03
3.089919999999999906e-03
3.092479999999999882e-03
3.095039999999999857e-03
3.097600000000000266e-03
3.100160000000000242e-03
3.102720000000000217e-03
3.105280000000000193e-03
3.107840000000000168e-03
3.110400000000000144e-03
3.112960000000000119e-03
3.115520000000000095e-03
3.118080000000000070e-03
3.120640000000000046e-03
3.123200000000000021e-03
3.125759999999999997e-03
3.128319999999999972e-03
3.130879999999999948e-03
3.133439999999999923e-03
3.135999999999999899e-03
3.138559999999999874e-03
3.141119999999999850e-03
3.143680000000000259e-03
3.146240000000000234e-03
3.148800000000000210e-03
3.151360000000000185e-03
3.153920000000000161e-03
3.156480000000000136e-03
3.159040000000000112e-03
3.161600000000000087e-03
3.164160000000000063e-03
3.166720000000000038e-03
3.169280000000000014e-03
3.171839999999999989e-03
3.174399999999999965e-03
3.176959999999999940e-03
3.179519999999999916e-03
3.182079999999999891e-03
3.184639999999999867e-03
3.187200000000000276e-03
3.189760000000000251e-03
3.192320000000000227e-03
3.194880000000000202e-03
3.197440000000000178e-03
3.200000000000000153e-03
3.202560000000000129e-03
3.205120000000000104e-03
3.207680000000000080e-03
3.210240000000000055e-03
3.212800000000000031e-03
3.215360000000000006e-03
3.217919999999999982e-03
3.220479999999999957e-03
3.223039999999999933e-03
3.225599999999999908e-03
3.228159999999999884e-03
3.230719999999999859e-03
3.233280000000000268e-03
3.235840000000000244e-03
3.238400000000000219e-03
3.240960000000000195e-03
3.243520000000000170e-03
3.246080000000000146e-03
3.248640000000000121e-03
3.251200000000000097e-03
3.253760000000000072e-03
3.256320000000000048e-03
3.258880000000000023e-03
3.261439999999999999e-03
3.263999999999999974e-03
3.266559999999999950e-03
3.269119999999999925e-03
3.271679999999999901e-03
3.274239999999999876e-03
3.276799999999999852e-03
3.279360000000000261e-03
3.281920000000000236e-03
3.284480000000000212e-03
3.287040000000000187e-03
3.289600000000000163e-03
3.292160000000000138e-03
3.294720000000000114e-03
3.297280000000000089e-03
3.299840000000000065e-03
3.302400000000000040e-03
3.304960000000000016e-03
3.307519999999999991e-03
3.310079999999999967e-03
3.312639999999999942e-03
3.315199999999999918e-03
3.317759999999999893e-03
3.320319999999999869e-03
3.322880000000000278e-03
3.325440000000000253e-03
3.328000000000000229e-03
3.330560000000000204e-03
3.333120000000000180e-03
3.335680000000000155e-03
3.338240000000000131e-03
3.340800000000000106e-03
3.343360000000000082e-03
3.345920000000000057e-03
3.348480000000000033e-03
3.351040000000000008e-03
3.353599999999999984e-03
3.356159999999999959e-03
3.358719999999999935e-03
3.361279999999999910e-03
3.363839999999999886e-03
3.366399999999999861e-03
3.368960000000000270e-03
3.371520000000000246e-03
3.374080000000000221e-03
3.376640000000000197e-03
3.379200000000000172e-03
3.381760000000000148e-03
3.384320000000000123e-03
3.386880000000000099e-03
3.389440000000000074e-03
3.392000000000000050e-03
3.394560000000000025e-03
3.397120000000000001e-03
3.399679999999999976e-03
3.402239999999999952e-03
3.404799999999999927e-03
3.407359999999999903e-03
3.409919999999999878e-03
3.412480000000000287e-03
3.415040000000000263e-03
3.417600000000000238e-03
3.420160000000000214e-03
3.422720000000000189e-03
3.425280000000000165e-03
3.427840000000000140e-03
3.430400000000000116e-03
3.432960000000000091e-03
3.435520000000000067e-03
3.438080000000000042e-03
3.440640000000000018e-03
3.443199999999999993e-03
3.445759999999999969e-03
3.448319999999999944e-03
3.450879999999999920e-03
3.453439999999999895e-03
3.455999999999999871e-03
3.458560000000000280e-03
3.461120000000000255e-03
3.463680000000000231e-03
3.466240000000000206e-03
3.468800000000000182e-03
3.471360000000000157e-03
3.473920000000000133e-03
3.476480000000000108e-03
3.479040000000000084e-03
3.481600000000000059e-03
3.484160000000000035e-03
3.486720000000000010e-03
3.489279999999999986e-03
3.491839999999999961e-03
3.494399999999999937e-03
3.496959999999999912e-03
3.499519999999999888e-03
3.502079999999999863e-03
3.504640000000000272e-03
3.507200000000000248e-03
3.509760000000000223e-03
3.512320000000000199e-03
3.514880000000000174e-03
3.517440000000000150e-03
3.520000000000000125e-03
3.522560000000000101e-03
3.525120000000000076e-03
3.527680000000000052e-03
3.530240000000000027e-03
3.532800000000000003e-03
3.535359999999999978e-03
3.537919999999999954e-03
3.540479999999999929e-03
3.543039999999999905e-03
3.545599999999999880e-03
3.548160000000000289e-03
3.550720000000000265e-03
3.553280000000000240e-03
3.555840000000000216e-03
3.558400000000000191e-03
3.560960000000000167e-03
3.563520000000000142e-03
3.566080000000000118e-03
3.568640000000000093e-03
3.571200000000000069e-03
3.573760000000000044e-03
3.576320000000000020e-03
3.578879999999999995e-03
3.581439999999999971e-03
3.583999999999999946e-03
3.586559999999999922e-03
3.589119999999999897e-03
3.591679999999999873e-03
3.594240000000000282e-03
3.596800000000000257e-03
3.599360000000000233e-03
3.601920000000000208e-03
3.604480000000000184e-03
3.607040000000000159e-03
3.609600000000000135e-03
3.612160000000000110e-03
3.614720000000000086e-03
3.617280000000000061e-03
3.619840000000000037e-03
3.622400000000000012e-03
3.624959999999999988e-03
3.627519999999999963e-03
3.630079999999999939e-03
3.632639999999999914e-03
3.635199999999999890e-03
3.637759999999999865e-03
3.640320000000000274e-03
3.642880000000000250e-03
3.645440000000000225e-03
3.648000000000000201e-03
3.650560000000000176e-03
3.653120000000000152e-03
3.655680000000000127e-03
3.658240000000000103e-03
3.660800000000000078e-03
3.663360000000000054e-03
3.665920000000000029e-03
3.668480000000000005e-03
3.671039999999999980e-03
3.673599999999999956e-03
3.676159999999999931e-03
3.678719999999999907e-03
3.681279999999999882e-03
3.683840000000000291e-03
3.686400000000000267e-03
3.688960000000000242e-03
3.691520000000000218e-03
3.694080000000000193e-03
3.696640000000000169e-03
3.699200000000000144e-03
3.701760000000000120e-03
3.704320000000000095e-03
3.706880000000000071e-03
3.709440000000000046e-03
3.712000000000000022e-03
3.714559999999999997e-03
3.717119999999999973e-03
3.719679999999999948e-03
3.722239999999999924e-03
3.724799999999999899e-03
3.727359999999999875e-03
3.729920000000000284e-03
3.732480000000000259e-03
3.735040000000000235e-03
3.737600000000000210e-03
3.740160000000000186e-03
3.742720000000000161e-03
3.745280000000000137e-03
3.747840000000000112e-03
3.750400000000000088e-03
3.752960000000000063e-03
3.755520000000000039e-03
3.758080000000000014e-03
3.760639999999999990e-03
3.763199999999999965e-03
3.765759999999999941e-03
3.768319999999999916e-03
3.770879999999999892e-03
3.773439999999999867e-03
3.776000000000000276e-03
3.778560000000000252e-03
3.781120000000000227e-03
3.783680000000000203e-03
3.786240000000000178e-03
3.788800000000000154e-03
3.791360000000000129e-03
3.793920000000000105e-03
3.796480000000000080e-03
3.799040000000000056e-03
3.801600000000000031e-03
3.804160000000000007e-03
3.806719999999999982e-03
3.809279999999999958e-03
3.811839999999999933e-03
3.814399999999999909e-03
3.816959999999999884e-03
3.819520000000000293e-03
3.822080000000000269e-03
3.824640000000000244e-03
3.827200000000000220e-03
3.829760000000000195e-03
3.832320000000000171e-03
3.834880000000000146e-03
3.837440000000000122e-03
3.840000000000000097e-03
3.842560000000000073e-03
3.845120000000000048e-03
3.847680000000000024e-03
3.850239999999999999e-03
3.852799999999999975e-03
3.855359999999999950e-03
3.857919999999999926e-03
3.860479999999999901e-03
3.863039999999999877e-03
3.865600000000000286e-03
3.868160000000000261e-03
3.870720000000000237e-03
3.873280000000000212e-03
3.875840000000000188e-03
3.878400000000000163e-03
3.880960000000000139e-03
3.883520000000000114e-03
3.886080000000000090e-03
3.888640000000000065e-03
3.891200000000000041e-03
3.893760000000000016e-03
3.896319999999999992e-03
3.898879999999999967e-03
3.901439999999999943e-03
3.903999999999999918e-03
3.906559999999999894e-03
3.909120000000000303e-03
3.911679999999999845e-03
3.914240000000000254e-03
3.916799999999999796e-03
3.919360000000000205e-03
3.921919999999999747e-03
3.924480000000000156e-03
3.927039999999999698e-03
3.929600000000000107e-03
3.932160000000000516e-03
3.934720000000000058e-03
3.937280000000000467e-03
3.939840000000000009e-03
3.942400000000000418e-03
3.944959999999999960e-03
3.947520000000000369e-03
3.950079999999999911e-03
3.952640000000000320e-03
3.955199999999999862e-03
3.957760000000000271e-03
3.960319999999999813e-03
3.962880000000000222e-03
3.965439999999999764e-03
3.968000000000000173e-03
3.970559999999999715e-03
3.973120000000000124e-03
3.975679999999999666e-03
3.978240000000000075e-03
3.980800000000000484e-03
3.983360000000000026e-03
3.985920000000000435e-03
3.988479999999999977e-03
3.991040000000000386e-03
3.993599999999999928e-03
3.996160000000000337e-03
3.998719999999999879e-03
4.001280000000000288e-03
4.003839999999999830e-03
4.006400000000000239e-03
4.008959999999999781e-03
4.011520000000000190e-03
4.014079999999999732e-03
4.016640000000000141e-03
4.019199999999999683e-03
4.021760000000000092e-03
4.024320000000000501e-03
4.026880000000000043e-03
4.029440000000000452e-03
4.031999999999999994e-03
4.034560000000000403e-03
4.037119999999999945e-03
4.039680000000000354e-03
4.042239999999999896e-03
4.044800000000000305e-03
4.047359999999999847e-03
4.049920000000000256e-03
4.052479999999999798e-03
4.055040000000000207e-03
4.057599999999999749e-03
4.060160000000000158e-03
4.062719999999999700e-03
4.065280000000000109e-03
4.067840000000000518e-03
4.070400000000000060e-03
4.072960000000000469e-03
4.075520000000000011e-03
4.078080000000000420e-03
4.080639999999999962e-03
4.083200000000000371e-03
4.085759999999999913e-03
4.088320000000000322e-03
4.090879999999999864e-03
4.093440000000000273e-03
4.095999999999999815e-03
4.098560000000000224e-03
4.101119999999999766e-03
4.103680000000000175e-03
4.106239999999999717e-03
4.108800000000000126e-03
4.111359999999999668e-03
4.113920000000000077e-03
4.116480000000000486e-03
4.119040000000000028e-03
4.121600000000000437e-03
4.124159999999999979e-03
4.126720000000000388e-03
4.129279999999999930e-03
4.131840000000000339e-03
4.134399999999999881e-03
4.136960000000000290e-03
4.139519999999999832e-03
4.142080000000000241e-03
4.144639999999999783e-03
4.147200000000000192e-03
4.149759999999999734e-03
4.152320000000000143e-03
4.154879999999999685e-03
4.157440000000000094e-03
4.160000000000000503e-03
4.162560000000000045e-03
4.165120000000000454e-03
4.167679999999999996e-03
4.170240000000000405e-03
4.172799999999999947e-03
4.175360000000000356e-03
4.177919999999999898e-03
4.180480000000000307e-03
4.183039999999999849e-03
4.185600000000000258e-03
4.188159999999999800e-03
4.190720000000000209e-03
4.193279999999999751e-03
4.195840000000000160e-03
4.198399999999999702e-03
4.200960000000000111e-03
4.203520000000000520e-03
4.206080000000000062e-03
4.208640000000000471e-03
4.211200000000000013e-03
4.213760000000000422e-03
4.216319999999999964e-03
4.218880000000000373e-03
4.221439999999999915e-03
4.224000000000000324e-03
4.226559999999999866e-03
4.229120000000000275e-03
4.231679999999999817e-03
4.234240000000000226e-03
4.236799999999999768e-03
4.239360000000000177e-03
4.241919999999999719e-03
4.244480000000000128e-03
4.247039999999999670e-03
4.249600000000000079e-03
4.252160000000000488e-03
4.254720000000000030e-03
4.257280000000000439e-03
4.259839999999999981e-03
4.262400000000000390e-03
4.264959999999999932e-03
4.267520000000000341e-03
4.270079999999999883e-03
4.272640000000000292e-03
4.275199999999999834e-03
4.277760000000000243e-03
4.280319999999999785e-03
4.282880000000000194e-03
4.285439999999999736e-03
4.288000000000000145e-03
4.290559999999999687e-03
4.293120000000000096e-03
4.295680000000000505e-03
4.298240000000000047e-03
4.300800000000000456e-03
4.303359999999999998e-03
4.305920000000000407e-03
4.308479999999999949e-03
4.311040000000000358e-03
4.313599999999999900e-03
4.316160000000000309e-03
4.318719999999999851e-03
4.321280000000000260e-03
4.323839999999999802e-03
4.326400000000000211e-03
4.328959999999999753e-03
4.331520000000000162e-03
4.334079999999999704e-03
4.336640000000000113e-03
4.339200000000000522e-03
4.341760000000000064e-03
4.344320000000000473e-03
4.346880000000000015e-03
4.349440000000000424e-03
4.351999999999999966e-03
4.354560000000000375e-03
4.357119999999999917e-03
4.359680000000000326e-03
4.362239999999999868e-03
4.364800000000000277e-03
4.367359999999999819e-03
4.369920000000000228e-03
4.372479999999999770e-03
4.375040000000000179e-03
4.377599999999999721e-03
4.380160000000000130e-03
4.382719999999999672e-03
4.385280000000000081e-03
4.387840000000000490e-03
4.390400000000000032e-03
4.392960000000000441e-03
4.395519999999999983e-03
4.398080000000000392e-03
4.400639999999999934e-03
4.403200000000000343e-03
4.405759999999999885e-03
4.408320000000000294e-03
4.410879999999999836e-03
4.413440000000000245e-03
4.415999999999999787e-03
4.418560000000000196e-03
4.421119999999999738e-03
4.423680000000000147e-03
4.426239999999999689e-03
4.428800000000000098e-03
4.431360000000000507e-03
4.433920000000000049e-03
4.436480000000000458e-03
4.439040000000000000e-03
4.441600000000000409e-03
4.444159999999999951e-03
4.446720000000000360e-03
4.449279999999999902e-03
4.451840000000000311e-03
4.454399999999999853e-03
4.456960000000000262e-03
4.459519999999999804e-03
4.462080000000000213e-03
4.464639999999999755e-03
4.467200000000000164e-03
4.469759999999999706e-03
4.472320000000000115e-03
4.474880000000000524e-03
4.477440000000000066e-03
4.480000000000000475e-03
4.482560000000000017e-03
4.485120000000000426e-03
4.487679999999999968e-03
4.490240000000000377e-03
4.492799999999999919e-03
4.495360000000000328e-03
4.497919999999999870e-03
4.500480000000000279e-03
4.503039999999999821e-03
4.505600000000000230e-03
4.508159999999999772e-03
4.510720000000000181e-03
4.513279999999999723e-03
4.515840000000000132e-03
4.518399999999999674e-03
4.520960000000000083e-03
4.523520000000000492e-03
4.526080000000000034e-03
4.528640000000000443e-03
4.531199999999999985e-03
4.533760000000000394e-03
4.536319999999999936e-03
4.538880000000000345e-03
4.541439999999999887e-03
4.544000000000000296e-03
4.546559999999999838e-03
4.549120000000000247e-03
4.551679999999999789e-03
4.554240000000000198e-03
4.556799999999999740e-03
4.559360000000000149e-03
4.561919999999999691e-03
4.564480000000000100e-03
4.567040000000000509e-03
4.569600000000000051e-03
4.572160000000000460e-03
4.574720000000000002e-03
4.577280000000000411e-03
4.579839999999999953e-03
4.582400000000000362e-03
4.584959999999999904e-03
4.587520000000000313e-03
4.590079999999999855e-03
4.592640000000000264e-03
4.595199999999999806e-03
4.597760000000000215e-03
4.600319999999999757e-03
4.602880000000000166e-03
4.605439999999999708e-03
4.608000000000000117e-03
4.610560000000000526e-03
4.613120000000000068e-03
4.615680000000000477e-03
4.618240000000000019e-03
4.620800000000000428e-03
4.623359999999999970e-03
4.625920000000000379e-03
4.628479999999999921e-03
4.631040000000000330e-03
4.633599999999999872e-03
4.636160000000000281e-03
4.638719999999999823e-03
4.641280000000000232e-03
4.643839999999999774e-03
4.646400000000000183e-03
4.648959999999999725e-03
4.651520000000000134e-03
4.654079999999999676e-03
4.656640000000000085e-03
4.659200000000000494e-03
4.661760000000000036e-03
4.664320000000000445e-03
4.666879999999999987e-03
4.669440000000000396e-03
4.671999999999999938e-03
4.674560000000000347e-03
4.677119999999999889e-03
4.679680000000000298e-03
4.682239999999999840e-03
4.684800000000000249e-03
4.687359999999999791e-03
4.689920000000000200e-03
4.692479999999999742e-03
4.695040000000000151e-03
4.697599999999999693e-03
4.700160000000000102e-03
4.702720000000000511e-03
4.705280000000000053e-03
4.707840000000000462e-03
4.710400000000000004e-03
4.712960000000000413e-03
4.715519999999999955e-03
4.718080000000000364e-03
4.720639999999999906e-03
4.723200000000000315e-03
4.725759999999999857e-03
4.728320000000000266e-03
4.730879999999999808e-03
4.733440000000000217e-03
4.735999999999999759e-03
4.738560000000000168e-03
4.741119999999999710e-03
4.743680000000000119e-03
4.746240000000000528e-03
4.748800000000000070e-03
4.751360000000000479e-03
4.753920000000000021e-03
4.756480000000000430e-03
4.759039999999999972e-03
4.761600000000000381e-03
4.764159999999999923e-03
4.766720000000000332e-03
4.769279999999999874e-03
4.771840000000000283e-03
4.774399999999999825e-03
4.776960000000000234e-03
4.779519999999999776e-03
4.782080000000000185e-03
4.784639999999999727e-03
4.787200000000000136e-03
4.789759999999999678e-03
4.792320000000000087e-03
4.794880000000000496e-03
4.797440000000000038e-03
4.800000000000000447e-03
4.802559999999999989e-03
4.805120000000000398e-03
4.807679999999999940e-03
4.810240000000000349e-03
4.812799999999999891e-03
4.815360000000000300e-03
4.817919999999999842e-03
4.820480000000000251e-03
4.823039999999999793e-03
4.825600000000000202e-03
4.828159999999999744e-03
4.830720000000000153e-03
4.833279999999999695e-03
4.835840000000000104e-03
4.838400000000000513e-03
4.840960000000000055e-03
4.843520000000000464e-03
4.846080000000000006e-03
4.848640000000000415e-03
4.851199999999999957e-03
4.853760000000000366e-03
4.856319999999999908e-03
4.858880000000000317e-03
4.861439999999999859e-03
4.864000000000000268e-03
4.866559999999999810e-03
4.869120000000000219e-03
4.871679999999999761e-03
4.874240000000000170e-03
4.876799999999999712e-03
4.879360000000000121e-03
4.881920000000000530e-03
4.884480000000000072e-03
4.887040000000000481e-03
4.889600000000000023e-03
4.892160000000000432e-03
4.894719999999999974e-03
4.897280000000000383e-03
4.899839999999999925e-03
4.902400000000000334e-03
4.904959999999999876e-03
4.907520000000000285e-03
4.910079999999999827e-03
4.912640000000000236e-03
4.915199999999999778e-03
4.917760000000000187e-03
4.920319999999999729e-03
4.922880000000000138e-03
4.925439999999999680e-03
4.928000000000000089e-03
4.930560000000000498e-03
4.933120000000000040e-03
4.935680000000000449e-03
4.938239999999999991e-03
4.940800000000000400e-03
4.943359999999999942e-03
4.945920000000000351e-03
4.948479999999999893e-03
4.951040000000000302e-03
4.953599999999999844e-03
4.956160000000000253e-03
4.958719999999999795e-03
4.961280000000000204e-03
4.963839999999999746e-03
4.966400000000000155e-03
4.968959999999999697e-03
4.971520000000000106e-03
4.974080000000000515e-03
4.976640000000000057e-03
4.979200000000000466e-03
4.981760000000000008e-03
4.984320000000000417e-03
4.986879999999999959e-03
4.989440000000000368e-03
4.991999999999999910e-03
4.994560000000000319e-03
4.997119999999999861e-03
4.999680000000000270e-03
5.002239999999999812e-03
5.004800000000000221e-03
5.007359999999999763e-03
5.009920000000000172e-03
5.012479999999999714e-03
5.015040000000000123e-03
5.017600000000000532e-03
5.020160000000000074e-03
5.022720000000000483e-03
5.025280000000000025e-03
5.027840000000000434e-03
5.030399999999999976e-03
5.032960000000000385e-03
5.035519999999999927e-03
5.038080000000000336e-03
5.040639999999999878e-03
5.043200000000000287e-03
5.045759999999999829e-03
5.048320000000000238e-03
5.050879999999999780e-03
5.053440000000000189e-03
5.055999999999999731e-03
5.058560000000000140e-03
5.061119999999999682e-03
5.063680000000000091e-03
5.066240000000000500e-03
5.068800000000000042e-03
5.071360000000000451e-03
5.073919999999999993e-03
5.076480000000000402e-03
5.079039999999999944e-03
5.081600000000000353e-03
5.084159999999999895e-03
5.086720000000000304e-03
5.089279999999999846e-03
5.091840000000000255e-03
5.094399999999999797e-03
5.096960000000000206e-03
5.099519999999999748e-03
5.102080000000000157e-03
5.104639999999999699e-03
5.107200000000000108e-03
5.109760000000000517e-03
5.112320000000000059e-03
5.114880000000000468e-03
5.117440000000000010e-03
5.120000000000000419e-03
5.122559999999999961e-03
5.125120000000000370e-03
5.127679999999999912e-03
5.130240000000000321e-03
5.132799999999999863e-03
5.135360000000000272e-03
5.137919999999999814e-03
5.140480000000000223e-03
5.143039999999999765e-03
5.145600000000000174e-03
5.148159999999999716e-03
5.150720000000000125e-03
5.153280000000000534e-03
5.155840000000000076e-03
5.158400000000000485e-03
5.160960000000000027e-03
5.163520000000000436e-03
5.166079999999999978e-03
5.168640000000000387e-03
5.171199999999999929e-03
5.173760000000000338e-03
5.176319999999999880e-03
5.178880000000000289e-03
5.181439999999999831e-03
5.184000000000000240e-03
5.186559999999999782e-03
5.189120000000000191e-03
5.191679999999999733e-03
5.194240000000000142e-03
5.196799999999999684e-03
5.199360000000000093e-03
5.201920000000000502e-03
5.204480000000000044e-03
5.207040000000000453e-03
5.209599999999999995e-03
5.212160000000000404e-03
5.214719999999999946e-03
5.217280000000000355e-03
5.219839999999999897e-03
5.222400000000000306e-03
5.224959999999999848e-03
5.227520000000000257e-03
5.230079999999999799e-03
5.232640000000000208e-03
5.235199999999999750e-03
5.237760000000000159e-03
5.240319999999999701e-03
5.242880000000000110e-03
5.245440000000000519e-03
5.248000000000000061e-03
5.250560000000000470e-03
5.253120000000000012e-03
5.255680000000000421e-03
5.258239999999999963e-03
5.260800000000000372e-03
5.263359999999999914e-03
5.265920000000000323e-03
5.268479999999999865e-03
5.271040000000000274e-03
5.273599999999999816e-03
5.276160000000000225e-03
5.278719999999999767e-03
5.281280000000000176e-03
5.283839999999999718e-03
5.286400000000000127e-03
5.288960000000000536e-03
5.291520000000000078e-03
5.294080000000000487e-03
5.296640000000000029e-03
5.299200000000000438e-03
5.301759999999999980e-03
5.304320000000000389e-03
5.306879999999999931e-03
5.309440000000000340e-03
5.311999999999999882e-03
5.314560000000000291e-03
5.317119999999999833e-03
5.319680000000000242e-03
5.322239999999999784e-03
5.324800000000000193e-03
5.327359999999999735e-03
5.329920000000000144e-03
5.332479999999999686e-03
5.335040000000000095e-03
5.337600000000000504e-03
5.340160000000000046e-03
5.342720000000000455e-03
5.345279999999999997e-03
5.347840000000000406e-03
5.350399999999999948e-03
5.352960000000000357e-03
5.355519999999999899e-03
5.358080000000000308e-03
5.360639999999999850e-03
5.363200000000000259e-03
5.365759999999999801e-03
5.368320000000000210e-03
5.370879999999999752e-03
5.373440000000000161e-03
5.375999999999999703e-03
5.378560000000000112e-03
5.381120000000000521e-03
5.383680000000000063e-03
5.386240000000000472e-03
5.388800000000000014e-03
5.391360000000000423e-03
5.393919999999999965e-03
5.396480000000000374e-03
5.399039999999999916e-03
5.401600000000000325e-03
5.404159999999999867e-03
5.406720000000000276e-03
5.409279999999999818e-03
5.411840000000000227e-03
5.414399999999999769e-03
5.416960000000000178e-03
5.419519999999999720e-03
5.422080000000000129e-03
5.424640000000000538e-03
5.427200000000000080e-03
5.429760000000000489e-03
5.432320000000000031e-03
5.434880000000000440e-03
5.437439999999999982e-03
5.440000000000000391e-03
5.442559999999999933e-03
5.445120000000000342e-03
5.447679999999999884e-03
5.450240000000000293e-03
5.452799999999999835e-03
5.455360000000000244e-03
5.457919999999999786e-03
5.460480000000000195e-03
5.463039999999999737e-03
5.465600000000000146e-03
5.468159999999999688e-03
5.470720000000000097e-03
5.473280000000000506e-03
5.475840000000000048e-03
5.478400000000000457e-03
5.480959999999999999e-03
5.483520000000000408e-03
5.486079999999999950e-03
5.488640000000000359e-03
5.491199999999999901e-03
5.493760000000000310e-03
5.496319999999999852e-03
5.498880000000000261e-03
5.501439999999999803e-03
5.504000000000000212e-03
5.506559999999999754e-03
5.509120000000000163e-03
5.511679999999999705e-03
5.514240000000000114e-03
5.516800000000000523e-03
5.519360000000000065e-03
5.521920000000000474e-03
5.524480000000000016e-03
5.527040000000000425e-03
5.529599999999999967e-03
5.532160000000000376e-03
5.534719999999999918e-03
5.537280000000000327e-03
5.539839999999999869e-03
5.542400000000000278e-03
5.544959999999999820e-03
5.547520000000000229e-03
5.550079999999999771e-03
5.552640000000000180e-03
5.555199999999999722e-03
5.557760000000000131e-03
5.560320000000000540e-03
5.562880000000000082e-03
5.565440000000000491e-03
5.568000000000000033e-03
5.570560000000000442e-03
5.573119999999999984e-03
5.575680000000000393e-03
5.578239999999999935e-03
5.580800000000000344e-03
5.583359999999999886e-03
5.585920000000000295e-03
5.588479999999999837e-03
5.591040000000000246e-03
5.593599999999999788e-03
5.596160000000000197e-03
5.598719999999999739e-03
5.601280000000000148e-03
5.603839999999999689e-03
5.606400000000000099e-03
5.608960000000000508e-03
5.611520000000000050e-03
5.614080000000000459e-03
5.616640000000000001e-03
5.619200000000000410e-03
5.621759999999999952e-03
5.624320000000000361e-03
5.626879999999999903e-03
5.629440000000000312e-03
5.631999999999999854e-03
5.634560000000000263e-03
5.637119999999999805e-03
5.639680000000000214e-03
5.642239999999999756e-03
5.644800000000000165e-03
5.647359999999999706e-03
5.649920000000000116e-03
5.652480000000000525e-03
5.655040000000000067e-03
5.657600000000000476e-03
5.660160000000000018e-03
5.662720000000000427e-03
5.665279999999999969e-03
5.667840000000000378e-03
5.670399999999999920e-03
5.672960000000000329e-03
5.675519999999999871e-03
5.678080000000000280e-03
5.680639999999999822e-03
5.683200000000000231e-03
5.685759999999999773e-03
5.688320000000000182e-03
5.690879999999999724e-03
5.693440000000000133e-03
5.696000000000000542e-03
5.698560000000000084e-03
5.701120000000000493e-03
5.703680000000000035e-03
5.706240000000000444e-03
5.708799999999999986e-03
5.711360000000000395e-03
5.713919999999999937e-03
5.716480000000000346e-03
5.719039999999999888e-03
5.721600000000000297e-03
5.724159999999999839e-03
5.726720000000000248e-03
5.729279999999999790e-03
5.731840000000000199e-03
5.734399999999999741e-03
5.736960000000000150e-03
5.739519999999999691e-03
5.742080000000000101e-03
5.744640000000000510e-03
5.747200000000000052e-03
5.749760000000000461e-03
5.752320000000000003e-03
5.754880000000000412e-03
5.757439999999999954e-03
5.760000000000000363e-03
5.762559999999999905e-03
5.765120000000000314e-03
5.767679999999999856e-03
5.770240000000000265e-03
5.772799999999999807e-03
5.775360000000000216e-03
5.777919999999999758e-03
5.780480000000000167e-03
5.783039999999999708e-03
5.785600000000000118e-03
5.788160000000000527e-03
5.790720000000000069e-03
5.793280000000000478e-03
5.795840000000000020e-03
5.798400000000000429e-03
5.800959999999999971e-03
5.803520000000000380e-03
5.806079999999999922e-03
5.808640000000000331e-03
5.811199999999999873e-03
5.813760000000000282e-03
5.816319999999999824e-03
5.818880000000000233e-03
5.821439999999999775e-03
5.824000000000000184e-03
5.826559999999999725e-03
5.829120000000000135e-03
5.831680000000000544e-03
5.834240000000000086e-03
5.836800000000000495e-03
5.839360000000000037e-03
5.841920000000000446e-03
5.844479999999999988e-03
5.847040000000000397e-03
5.849599999999999939e-03
5.852160000000000348e-03
5.854719999999999890e-03
5.857280000000000299e-03
5.859839999999999841e-03
5.862400000000000250e-03
5.864959999999999792e-03
5.867520000000000201e-03
5.870079999999999742e-03
5.872640000000000152e-03
5.875199999999999693e-03
5.877760000000000103e-03
5.880320000000000512e-03
5.882880000000000054e-03
5.885440000000000463e-03
5.888000000000000005e-03
5.890560000000000414e-03
5.893119999999999956e-03
5.895680000000000365e-03
5.898239999999999907e-03
5.900800000000000316e-03
5.903359999999999858e-03
5.905920000000000267e-03
5.908479999999999809e-03
5.911040000000000218e-03
5.913599999999999760e-03
5.916160000000000169e-03
5.918719999999999710e-03
5.921280000000000120e-03
5.923840000000000529e-03
5.926400000000000071e-03
5.928960000000000480e-03
5.931520000000000022e-03
5.934080000000000431e-03
5.936639999999999973e-03
5.939200000000000382e-03
5.941759999999999924e-03
5.944320000000000333e-03
5.946879999999999875e-03
5.949440000000000284e-03
5.951999999999999826e-03
5.954560000000000235e-03
5.957119999999999777e-03
5.959680000000000186e-03
5.962239999999999727e-03
5.964800000000000137e-03
5.967360000000000546e-03
5.969920000000000088e-03
5.972480000000000497e-03
5.975040000000000039e-03
5.977600000000000448e-03
5.980159999999999990e-03
5.982720000000000399e-03
5.985279999999999941e-03
5.987840000000000350e-03
5.990399999999999892e-03
5.992960000000000301e-03
5.995519999999999843e-03
5.998080000000000252e-03
6.000639999999999794e-03
6.003200000000000203e-03
6.005759999999999744e-03
6.008320000000000154e-03
6.010879999999999695e-03
6.013440000000000105e-03
6.016000000000000514e-03
6.018560000000000056e-03
6.021120000000000465e-03
6.023680000000000007e-03
6.026240000000000416e-03
6.028799999999999958e-03
6.031360000000000367e-03
6.033919999999999909e-03
6.036480000000000318e-03
6.039039999999999860e-03
6.041600000000000269e-03
6.044159999999999811e-03
6.046720000000000220e-03
6.049279999999999761e-03
6.051840000000000171e-03
6.054399999999999712e-03
6.056960000000000122e-03
6.059520000000000531e-03
6.062080000000000073e-03
6.064640000000000482e-03
6.067200000000000024e-03
6.069760000000000433e-03
6.072319999999999975e-03
6.074880000000000384e-03
6.077439999999999926e-03
6.080000000000000335e-03
6.082559999999999877e-03
6.085120000000000286e-03
6.087679999999999828e-03
6.090240000000000237e-03
6.092799999999999778e-03
6.095360000000000188e-03
6.097919999999999729e-03
6.100480000000000139e-03
6.103040000000000548e-03
6.105600000000000090e-03
6.108160000000000499e-03
6.110720000000000041e-03
6.113280000000000450e-03
6.115839999999999992e-03
6.118400000000000401e-03
6.120959999999999943e-03
6.123520000000000352e-03
6.126079999999999894e-03
6.128640000000000303e-03
6.131199999999999845e-03
6.133760000000000254e-03
6.136319999999999796e-03
6.138880000000000205e-03
6.141439999999999746e-03
6.144000000000000156e-03
6.146559999999999697e-03
6.149120000000000107e-03
6.151680000000000516e-03
6.154240000000000058e-03
6.156800000000000467e-03
6.159360000000000009e-03
6.161920000000000418e-03
6.164479999999999960e-03
6.167040000000000369e-03
6.169599999999999911e-03
6.172160000000000320e-03
6.174719999999999862e-03
6.177280000000000271e-03
6.179839999999999813e-03
6.182400000000000222e-03
6.184959999999999763e-03
6.187520000000000173e-03
6.190079999999999714e-03
6.192640000000000124e-03
6.195200000000000533e-03
6.197760000000000075e-03
6.200320000000000484e-03
6.202880000000000026e-03
6.205440000000000435e-03
6.207999999999999977e-03
6.210560000000000386e-03
6.213119999999999928e-03
6.215680000000000337e-03
6.218239999999999879e-03
6.220800000000000288e-03
6.223359999999999830e-03
6.225920000000000239e-03
6.228479999999999780e-03
6.231040000000000190e-03
6.233599999999999731e-03
6.236160000000000141e-03
6.238720000000000550e-03
6.241280000000000092e-03
6.243840000000000501e-03
6.246400000000000043e-03
6.248960000000000452e-03
6.251519999999999994e-03
6.254080000000000403e-03
6.256639999999999945e-03
6.259200000000000354e-03
6.261759999999999896e-03
6.264320000000000305e-03
6.266879999999999847e-03
6.269440000000000256e-03
6.271999999999999797e-03
6.274560000000000207e-03
6.277119999999999748e-03
6.279680000000000158e-03
6.282239999999999699e-03
6.284800000000000109e-03
6.287360000000000518e-03
6.289920000000000060e-03
6.292480000000000469e-03
6.295040000000000011e-03
6.297600000000000420e-03
6.300159999999999962e-03
6.302720000000000371e-03
6.305279999999999913e-03
6.307840000000000322e-03
6.310399999999999864e-03
6.312960000000000273e-03
6.315519999999999814e-03
6.318080000000000224e-03
6.320639999999999765e-03
6.323200000000000175e-03
6.325759999999999716e-03
6.328320000000000126e-03
6.330880000000000535e-03
6.333440000000000077e-03
6.336000000000000486e-03
6.338560000000000028e-03
6.341120000000000437e-03
6.343679999999999979e-03
6.346240000000000388e-03
6.348799999999999930e-03
6.351360000000000339e-03
6.353919999999999881e-03
6.356480000000000290e-03
6.359039999999999832e-03
6.361600000000000241e-03
6.364159999999999782e-03
6.366720000000000192e-03
6.369279999999999733e-03
6.371840000000000143e-03
6.374400000000000552e-03
6.376960000000000094e-03
6.379520000000000503e-03
6.382080000000000045e-03
6.384640000000000454e-03
6.387199999999999996e-03
6.389760000000000405e-03
6.392319999999999947e-03
6.394880000000000356e-03
6.397439999999999898e-03
6.400000000000000307e-03
6.402559999999999849e-03
6.405120000000000258e-03
6.407679999999999799e-03
6.410240000000000209e-03
6.412799999999999750e-03
6.415360000000000160e-03
6.417919999999999701e-03
6.420480000000000111e-03
6.423040000000000520e-03
6.425600000000000062e-03
6.428160000000000471e-03
6.430720000000000013e-03
6.433280000000000422e-03
6.435839999999999964e-03
6.438400000000000373e-03
6.440959999999999915e-03
6.443520000000000324e-03
6.446079999999999866e-03
6.448640000000000275e-03
6.451199999999999816e-03
6.453760000000000226e-03
6.456319999999999767e-03
6.458880000000000177e-03
6.461439999999999718e-03
6.464000000000000128e-03
6.466560000000000537e-03
6.469120000000000079e-03
6.471680000000000488e-03
6.474240000000000030e-03
6.476800000000000439e-03
6.479359999999999981e-03
6.481920000000000390e-03
6.484479999999999932e-03
6.487040000000000341e-03
6.489599999999999883e-03
6.492160000000000292e-03
6.494719999999999833e-03
6.497280000000000243e-03
6.499839999999999784e-03
6.502400000000000194e-03
6.504959999999999735e-03
6.507520000000000145e-03
6.510080000000000554e-03
6.512640000000000096e-03
6.515200000000000505e-03
6.517760000000000047e-03
6.520320000000000456e-03
6.522879999999999998e-03
6.525440000000000407e-03
6.527999999999999949e-03
6.530560000000000358e-03
6.533119999999999900e-03
6.535680000000000309e-03
6.538239999999999850e-03
6.540800000000000260e-03
6.543359999999999801e-03
6.545920000000000211e-03
6.548479999999999752e-03
6.551040000000000162e-03
6.553599999999999703e-03
6.556160000000000113e-03
6.558720000000000522e-03
6.561280000000000064e-03
6.563840000000000473e-03
6.566400000000000015e-03
6.568960000000000424e-03
6.571519999999999966e-03
6.574080000000000375e-03
6.576639999999999917e-03
6.579200000000000326e-03
6.581759999999999868e-03
6.584320000000000277e-03
6.586879999999999818e-03
6.589440000000000228e-03
6.591999999999999769e-03
6.594560000000000179e-03
6.597119999999999720e-03
6.599680000000000130e-03
6.602240000000000539e-03
6.604800000000000081e-03
6.607360000000000490e-03
6.609920000000000032e-03
6.612480000000000441e-03
6.615039999999999983e-03
6.617600000000000392e-03
6.620159999999999934e-03
6.622720000000000343e-03
6.625279999999999885e-03
6.627840000000000294e-03
6.630399999999999835e-03
6.632960000000000245e-03
6.635519999999999786e-03
6.638080000000000196e-03
6.640639999999999737e-03
6.643200000000000147e-03
6.645760000000000556e-03
6.648320000000000098e-03
6.650880000000000507e-03
6.653440000000000049e-03
6.656000000000000458e-03
6.658560000000000000e-03
6.661120000000000409e-03
6.663679999999999951e-03
6.666240000000000360e-03
6.668799999999999902e-03
6.671360000000000311e-03
6.673919999999999852e-03
6.676480000000000262e-03
6.679039999999999803e-03
6.681600000000000213e-03
6.684159999999999754e-03
6.686720000000000164e-03
6.689280000000000573e-03
6.691840000000000115e-03
6.694400000000000524e-03
6.696960000000000066e-03
6.699520000000000475e-03
6.702080000000000017e-03
6.704640000000000426e-03
6.707199999999999968e-03
6.709760000000000377e-03
6.712319999999999919e-03
6.714880000000000328e-03
6.717439999999999869e-03
6.720000000000000279e-03
6.722559999999999820e-03
6.725120000000000230e-03
6.727679999999999771e-03
6.730240000000000181e-03
6.732799999999999722e-03
6.735360000000000132e-03
6.737920000000000541e-03
6.740480000000000083e-03
6.743040000000000492e-03
6.745600000000000034e-03
6.748160000000000443e-03
6.750719999999999985e-03
6.753280000000000394e-03
6.755839999999999936e-03
6.758400000000000345e-03
6.760959999999999886e-03
6.763520000000000296e-03
6.766079999999999837e-03
6.768640000000000247e-03
6.771199999999999788e-03
6.773760000000000198e-03
6.776319999999999739e-03
6.778880000000000149e-03
6.781440000000000558e-03
6.784000000000000100e-03
6.786560000000000509e-03
6.789120000000000051e-03
6.791680000000000460e-03
6.794240000000000002e-03
6.796800000000000411e-03
6.799359999999999953e-03
6.801920000000000362e-03
6.804479999999999904e-03
6.807040000000000313e-03
6.809599999999999854e-03
6.812160000000000264e-03
6.814719999999999805e-03
6.817280000000000215e-03
6.819839999999999756e-03
6.822400000000000166e-03
6.824960000000000575e-03
6.827520000000000117e-03
6.830080000000000526e-03
6.832640000000000068e-03
6.835200000000000477e-03
6.837760000000000019e-03
6.840320000000000428e-03
6.842879999999999970e-03
6.845440000000000379e-03
6.847999999999999921e-03
6.850560000000000330e-03
6.853119999999999871e-03
6.855680000000000281e-03
6.858239999999999822e-03
6.860800000000000232e-03
6.863359999999999773e-03
6.865920000000000183e-03
6.868479999999999724e-03
6.871040000000000134e-03
6.873600000000000543e-03
6.876160000000000085e-03
6.878720000000000494e-03
6.881280000000000036e-03
6.883840000000000445e-03
6.886399999999999987e-03
6.888960000000000396e-03
6.891519999999999938e-03
6.894080000000000347e-03
6.896639999999999888e-03
6.899200000000000298e-03
6.901759999999999839e-03
6.904320000000000249e-03
6.906879999999999790e-03
6.909440000000000200e-03
6.911999999999999741e-03
6.914560000000000151e-03
6.917120000000000560e-03
6.919680000000000102e-03
6.922240000000000511e-03
6.924800000000000053e-03
6.927360000000000462e-03
6.929920000000000004e-03
6.932480000000000413e-03
6.935039999999999955e-03
6.937600000000000364e-03
6.940159999999999905e-03
6.942720000000000315e-03
6.945279999999999856e-03
6.947840000000000266e-03
6.950399999999999807e-03
6.952960000000000217e-03
6.955519999999999758e-03
6.958080000000000168e-03
6.960640000000000577e-03
6.963200000000000119e-03
6.965760000000000528e-03
6.968320000000000070e-03
6.970880000000000479e-03
6.973440000000000021e-03
6.976000000000000430e-03
6.978559999999999972e-03
6.981120000000000381e-03
6.983679999999999922e-03
6.986240000000000332e-03
6.988799999999999873e-03
6.991360000000000283e-03
6.993919999999999824e-03
6.996480000000000234e-03
6.999039999999999775e-03
7.001600000000000185e-03
7.004159999999999726e-03
7.006720000000000136e-03
7.009280000000000545e-03
7.011840000000000087e-03
7.014400000000000496e-03
7.016960000000000038e-03
7.019520000000000447e-03
7.022079999999999989e-03
7.024640000000000398e-03
7.027199999999999940e-03
7.029760000000000349e-03
7.032319999999999890e-03
7.034880000000000300e-03
7.037439999999999841e-03
7.040000000000000251e-03
7.042559999999999792e-03
7.045120000000000202e-03
7.047679999999999743e-03
7.050240000000000153e-03
7.052800000000000562e-03
7.055360000000000104e-03
7.057920000000000513e-03
7.060480000000000055e-03
7.063040000000000464e-03
7.065600000000000006e-03
7.068160000000000415e-03
7.070719999999999957e-03
7.073280000000000366e-03
7.075839999999999907e-03
7.078400000000000317e-03
7.080959999999999858e-03
7.083520000000000268e-03
7.086079999999999809e-03
7.088640000000000219e-03
7.091199999999999760e-03
7.093760000000000170e-03
7.096320000000000579e-03
7.098880000000000121e-03
7.101440000000000530e-03
7.104000000000000072e-03
7.106560000000000481e-03
7.109120000000000023e-03
7.111680000000000432e-03
7.114239999999999974e-03
7.116800000000000383e-03
7.119359999999999924e-03
7.121920000000000334e-03
7.124479999999999875e-03
7.127040000000000285e-03
7.129599999999999826e-03
7.132160000000000236e-03
7.134719999999999777e-03
7.137280000000000187e-03
7.139839999999999728e-03
7.142400000000000138e-03
7.144960000000000547e-03
7.147520000000000089e-03
7.150080000000000498e-03
7.152640000000000040e-03
7.155200000000000449e-03
7.157759999999999991e-03
7.160320000000000400e-03
7.162879999999999941e-03
7.165440000000000351e-03
7.167999999999999892e-03
7.170560000000000302e-03
7.173119999999999843e-03
7.175680000000000253e-03
7.178239999999999794e-03
7.180800000000000204e-03
7.183359999999999745e-03
7.185920000000000155e-03
7.188480000000000564e-03
7.191040000000000106e-03
7.193600000000000515e-03
7.196160000000000057e-03
7.198720000000000466e-03
7.201280000000000008e-03
7.203840000000000417e-03
7.206399999999999958e-03
7.208960000000000368e-03
7.211519999999999909e-03
7.214080000000000319e-03
7.216639999999999860e-03
7.219200000000000270e-03
7.221759999999999811e-03
7.224320000000000221e-03
7.226879999999999762e-03
7.229440000000000172e-03
7.232000000000000581e-03
7.234560000000000123e-03
7.237120000000000532e-03
7.239680000000000074e-03
7.242240000000000483e-03
7.244800000000000025e-03
7.247360000000000434e-03
7.249919999999999976e-03
7.252480000000000385e-03
7.255039999999999926e-03
7.257600000000000336e-03
7.260159999999999877e-03
7.262720000000000287e-03
7.265279999999999828e-03
7.267840000000000238e-03
7.270399999999999779e-03
7.272960000000000189e-03
7.275519999999999730e-03
7.278080000000000140e-03
7.280640000000000549e-03
7.283200000000000091e-03
7.285760000000000500e-03
7.288320000000000042e-03
7.290880000000000451e-03
7.293439999999999993e-03
7.296000000000000402e-03
7.298559999999999943e-03
7.301120000000000353e-03
7.303679999999999894e-03
7.306240000000000304e-03
7.308799999999999845e-03
7.311360000000000255e-03
7.313919999999999796e-03
7.316480000000000206e-03
7.319039999999999747e-03
7.321600000000000157e-03
7.324160000000000566e-03
7.326720000000000108e-03
7.329280000000000517e-03
7.331840000000000059e-03
7.334400000000000468e-03
7.336960000000000010e-03
7.339520000000000419e-03
7.342079999999999960e-03
7.344640000000000370e-03
7.347199999999999911e-03
7.349760000000000321e-03
7.352319999999999862e-03
7.354880000000000272e-03
7.357439999999999813e-03
7.360000000000000223e-03
7.362559999999999764e-03
7.365120000000000174e-03
7.367680000000000583e-03
7.370240000000000125e-03
7.372800000000000534e-03
7.375360000000000076e-03
7.377920000000000485e-03
7.380480000000000027e-03
7.383040000000000436e-03
7.385599999999999977e-03
7.388160000000000387e-03
7.390719999999999928e-03
7.393280000000000338e-03
7.395839999999999879e-03
7.398400000000000289e-03
7.400959999999999830e-03
7.403520000000000240e-03
7.406079999999999781e-03
7.408640000000000191e-03
7.411199999999999732e-03
7.413760000000000142e-03
7.416320000000000551e-03
7.418880000000000093e-03
7.421440000000000502e-03
7.424000000000000044e-03
7.426560000000000453e-03
7.429119999999999994e-03
7.431680000000000404e-03
7.434239999999999945e-03
7.436800000000000355e-03
7.439359999999999896e-03
7.441920000000000306e-03
7.444479999999999847e-03
7.447040000000000257e-03
7.449599999999999798e-03
7.452160000000000208e-03
7.454719999999999749e-03
7.457280000000000159e-03
7.459840000000000568e-03
7.462400000000000110e-03
7.464960000000000519e-03
7.467520000000000061e-03
7.470080000000000470e-03
7.472640000000000012e-03
7.475200000000000421e-03
7.477759999999999962e-03
7.480320000000000372e-03
7.482879999999999913e-03
7.485440000000000323e-03
7.487999999999999864e-03
7.490560000000000274e-03
7.493119999999999815e-03
7.495680000000000225e-03
7.498239999999999766e-03
7.500800000000000176e-03
7.503360000000000585e-03
7.505920000000000127e-03
7.508480000000000536e-03
7.511040000000000078e-03
7.513600000000000487e-03
7.516160000000000029e-03
7.518720000000000438e-03
7.521279999999999979e-03
7.523840000000000389e-03
7.526399999999999930e-03
7.528960000000000340e-03
7.531519999999999881e-03
7.534080000000000291e-03
7.536639999999999832e-03
7.539200000000000242e-03
7.541759999999999783e-03
7.544320000000000193e-03
7.546879999999999734e-03
7.549440000000000144e-03
7.552000000000000553e-03
7.554560000000000095e-03
7.557120000000000504e-03
7.559680000000000046e-03
7.562240000000000455e-03
7.564799999999999996e-03
7.567360000000000406e-03
7.569919999999999947e-03
7.572480000000000357e-03
7.575039999999999898e-03
7.577600000000000308e-03
7.580159999999999849e-03
7.582720000000000259e-03
7.585279999999999800e-03
7.587840000000000210e-03
7.590399999999999751e-03
7.592960000000000161e-03
7.595520000000000570e-03
7.598080000000000112e-03
7.600640000000000521e-03
7.603200000000000063e-03
7.605760000000000472e-03
7.608320000000000013e-03
7.610880000000000423e-03
7.613439999999999964e-03
7.616000000000000374e-03
7.618559999999999915e-03
7.621120000000000325e-03
7.623679999999999866e-03
7.626240000000000276e-03
7.628799999999999817e-03
7.631360000000000227e-03
7.633919999999999768e-03
7.636480000000000178e-03
7.639040000000000587e-03
7.641600000000000129e-03
7.644160000000000538e-03
7.646720000000000080e-03
7.649280000000000489e-03
7.651840000000000031e-03
7.654400000000000440e-03
7.656959999999999981e-03
7.659520000000000391e-03
7.662079999999999932e-03
7.664640000000000342e-03
7.667199999999999883e-03
7.669760000000000293e-03
7.672319999999999834e-03
7.674880000000000244e-03
7.677439999999999785e-03
7.680000000000000195e-03
7.682559999999999736e-03
7.685120000000000146e-03
7.687680000000000555e-03
7.690240000000000097e-03
7.692800000000000506e-03
7.695360000000000048e-03
7.697920000000000457e-03
7.700479999999999998e-03
7.703040000000000408e-03
7.705599999999999949e-03
7.708160000000000359e-03
7.710719999999999900e-03
7.713280000000000310e-03
7.715839999999999851e-03
7.718400000000000261e-03
7.720959999999999802e-03
7.723520000000000212e-03
7.726079999999999753e-03
7.728640000000000163e-03
7.731200000000000572e-03
7.733760000000000114e-03
7.736320000000000523e-03
7.738880000000000065e-03
7.741440000000000474e-03
7.744000000000000015e-03
7.746560000000000425e-03
7.749119999999999966e-03
7.751680000000000376e-03
7.754239999999999917e-03
7.756800000000000327e-03
7.759359999999999868e-03
7.761920000000000278e-03
7.764479999999999819e-03
7.767040000000000229e-03
7.769599999999999770e-03
7.772160000000000180e-03
7.774720000000000589e-03
7.777280000000000131e-03
7.779840000000000540e-03
7.782400000000000082e-03
7.784960000000000491e-03
7.787520000000000032e-03
7.790080000000000442e-03
7.792639999999999983e-03
7.795200000000000393e-03
7.797759999999999934e-03
7.800320000000000344e-03
7.802879999999999885e-03
7.805440000000000295e-03
7.807999999999999836e-03
7.810560000000000246e-03
7.813119999999999787e-03
7.815680000000000197e-03
7.818240000000000606e-03
7.820800000000001015e-03
7.823359999999999689e-03
7.825920000000000099e-03
7.828480000000000508e-03
7.831040000000000917e-03
7.833599999999999591e-03
7.836160000000000000e-03
7.838720000000000410e-03
7.841280000000000819e-03
7.843839999999999493e-03
7.846399999999999902e-03
7.848960000000000312e-03
7.851520000000000721e-03
7.854079999999999395e-03
7.856639999999999804e-03
7.859200000000000214e-03
7.861760000000000623e-03
7.864320000000001032e-03
7.866879999999999706e-03
7.869440000000000116e-03
7.872000000000000525e-03
7.874560000000000934e-03
7.877119999999999608e-03
7.879680000000000017e-03
7.882240000000000427e-03
7.884800000000000836e-03
7.887359999999999510e-03
7.889919999999999919e-03
7.892480000000000329e-03
7.895040000000000738e-03
7.897599999999999412e-03
7.900159999999999821e-03
7.902720000000000231e-03
7.905280000000000640e-03
7.907839999999999314e-03
7.910399999999999723e-03
7.912960000000000133e-03
7.915520000000000542e-03
7.918080000000000951e-03
7.920639999999999625e-03
7.923200000000000034e-03
7.925760000000000444e-03
7.928320000000000853e-03
7.930879999999999527e-03
7.933439999999999936e-03
7.936000000000000346e-03
7.938560000000000755e-03
7.941119999999999429e-03
7.943679999999999838e-03
7.946240000000000248e-03
7.948800000000000657e-03
7.951359999999999331e-03
7.953919999999999740e-03
7.956480000000000150e-03
7.959040000000000559e-03
7.961600000000000968e-03
7.964159999999999642e-03
7.966720000000000051e-03
7.969280000000000461e-03
7.971840000000000870e-03
7.974399999999999544e-03
7.976959999999999953e-03
7.979520000000000363e-03
7.982080000000000772e-03
7.984639999999999446e-03
7.987199999999999855e-03
7.989760000000000265e-03
7.992320000000000674e-03
7.994879999999999348e-03
7.997439999999999757e-03
8.000000000000000167e-03
8.002560000000000576e-03
8.005120000000000985e-03
8.007679999999999659e-03
8.010240000000000068e-03
8.012800000000000478e-03
8.015360000000000887e-03
8.017919999999999561e-03
8.020479999999999970e-03
8.023040000000000380e-03
8.025600000000000789e-03
8.028159999999999463e-03
8.030719999999999872e-03
8.033280000000000282e-03
8.035840000000000691e-03
8.038399999999999365e-03
8.040959999999999774e-03
8.043520000000000184e-03
8.046080000000000593e-03
8.048640000000001002e-03
8.051199999999999676e-03
8.053760000000000085e-03
8.056320000000000495e-03
8.058880000000000904e-03
8.061439999999999578e-03
8.063999999999999987e-03
8.066560000000000397e-03
8.069120000000000806e-03
8.071679999999999480e-03
8.074239999999999889e-03
8.076800000000000299e-03
8.079360000000000708e-03
8.081919999999999382e-03
8.084479999999999791e-03
8.087040000000000201e-03
8.089600000000000610e-03
8.092160000000001019e-03
8.094719999999999693e-03
8.097280000000000103e-03
8.099840000000000512e-03
8.102400000000000921e-03
8.104959999999999595e-03
8.107520000000000004e-03
8.110080000000000414e-03
8.112640000000000823e-03
8.115199999999999497e-03
8.117759999999999906e-03
8.120320000000000316e-03
8.122880000000000725e-03
8.125439999999999399e-03
8.127999999999999808e-03
8.130560000000000218e-03
8.133120000000000627e-03
8.135680000000001036e-03
8.138239999999999710e-03
8.140800000000000120e-03
8.143360000000000529e-03
8.145920000000000938e-03
8.148479999999999612e-03
8.151040000000000021e-03
8.153600000000000431e-03
8.156160000000000840e-03
8.158719999999999514e-03
8.161279999999999923e-03
8.163840000000000333e-03
8.166400000000000742e-03
8.168959999999999416e-03
8.171519999999999825e-03
8.174080000000000235e-03
8.176640000000000644e-03
8.179199999999999318e-03
8.181759999999999727e-03
8.184320000000000137e-03
8.186880000000000546e-03
8.189440000000000955e-03
8.191999999999999629e-03
8.194560000000000038e-03
8.197120000000000448e-03
8.199680000000000857e-03
8.202239999999999531e-03
8.204799999999999940e-03
8.207360000000000350e-03
8.209920000000000759e-03
8.212479999999999433e-03
8.215039999999999842e-03
8.217600000000000252e-03
8.220160000000000661e-03
8.222719999999999335e-03
8.225279999999999744e-03
8.227840000000000154e-03
8.230400000000000563e-03
8.232960000000000972e-03
8.235519999999999646e-03
8.238080000000000055e-03
8.240640000000000465e-03
8.243200000000000874e-03
8.245759999999999548e-03
8.248319999999999957e-03
8.250880000000000367e-03
8.253440000000000776e-03
8.255999999999999450e-03
8.258559999999999859e-03
8.261120000000000269e-03
8.263680000000000678e-03
8.266239999999999352e-03
8.268799999999999761e-03
8.271360000000000171e-03
8.273920000000000580e-03
8.276480000000000989e-03
8.279039999999999663e-03
8.281600000000000072e-03
8.284160000000000482e-03
8.286720000000000891e-03
8.289279999999999565e-03
8.291839999999999974e-03
8.294400000000000384e-03
8.296960000000000793e-03
8.299519999999999467e-03
8.302079999999999876e-03
8.304640000000000286e-03
8.307200000000000695e-03
8.309759999999999369e-03
8.312319999999999778e-03
8.314880000000000188e-03
8.317440000000000597e-03
8.320000000000001006e-03
8.322559999999999680e-03
8.325120000000000089e-03
8.327680000000000499e-03
8.330240000000000908e-03
8.332799999999999582e-03
8.335359999999999991e-03
8.337920000000000401e-03
8.340480000000000810e-03
8.343039999999999484e-03
8.345599999999999893e-03
8.348160000000000303e-03
8.350720000000000712e-03
8.353279999999999386e-03
8.355839999999999795e-03
8.358400000000000205e-03
8.360960000000000614e-03
8.363520000000001023e-03
8.366079999999999697e-03
8.368640000000000106e-03
8.371200000000000516e-03
8.373760000000000925e-03
8.376319999999999599e-03
8.378880000000000008e-03
8.381440000000000418e-03
8.384000000000000827e-03
8.386559999999999501e-03
8.389119999999999910e-03
8.391680000000000320e-03
8.394240000000000729e-03
8.396799999999999403e-03
8.399359999999999812e-03
8.401920000000000222e-03
8.404480000000000631e-03
8.407040000000001040e-03
8.409599999999999714e-03
8.412160000000000123e-03
8.414720000000000533e-03
8.417280000000000942e-03
8.419839999999999616e-03
8.422400000000000025e-03
8.424960000000000435e-03
8.427520000000000844e-03
8.430079999999999518e-03
8.432639999999999927e-03
8.435200000000000337e-03
8.437760000000000746e-03
8.440319999999999420e-03
8.442879999999999829e-03
8.445440000000000239e-03
8.448000000000000648e-03
8.450559999999999322e-03
8.453119999999999731e-03
8.455680000000000140e-03
8.458240000000000550e-03
8.460800000000000959e-03
8.463359999999999633e-03
8.465920000000000042e-03
8.468480000000000452e-03
8.471040000000000861e-03
8.473599999999999535e-03
8.476159999999999944e-03
8.478720000000000354e-03
8.481280000000000763e-03
8.483839999999999437e-03
8.486399999999999846e-03
8.488960000000000256e-03
8.491520000000000665e-03
8.494079999999999339e-03
8.496639999999999748e-03
8.499200000000000157e-03
8.501760000000000567e-03
8.504320000000000976e-03
8.506879999999999650e-03
8.509440000000000059e-03
8.512000000000000469e-03
8.514560000000000878e-03
8.517119999999999552e-03
8.519679999999999961e-03
8.522240000000000371e-03
8.524800000000000780e-03
8.527359999999999454e-03
8.529919999999999863e-03
8.532480000000000273e-03
8.535040000000000682e-03
8.537599999999999356e-03
8.540159999999999765e-03
8.542720000000000175e-03
8.545280000000000584e-03
8.547840000000000993e-03
8.550399999999999667e-03
8.552960000000000076e-03
8.555520000000000486e-03
8.558080000000000895e-03
8.560639999999999569e-03
8.563199999999999978e-03
8.565760000000000388e-03
8.568320000000000797e-03
8.570879999999999471e-03
8.573439999999999880e-03
8.576000000000000290e-03
8.578560000000000699e-03
8.581119999999999373e-03
8.583679999999999782e-03
8.586240000000000192e-03
8.588800000000000601e-03
8.591360000000001010e-03
8.593919999999999684e-03
8.596480000000000093e-03
8.599040000000000503e-03
8.601600000000000912e-03
8.604159999999999586e-03
8.606719999999999995e-03
8.609280000000000405e-03
8.611840000000000814e-03
8.614399999999999488e-03
8.616959999999999897e-03
8.619520000000000307e-03
8.622080000000000716e-03
8.624639999999999390e-03
8.627199999999999799e-03
8.629760000000000209e-03
8.632320000000000618e-03
8.634880000000001027e-03
8.637439999999999701e-03
8.640000000000000110e-03
8.642560000000000520e-03
8.645120000000000929e-03
8.647679999999999603e-03
8.650240000000000012e-03
8.652800000000000422e-03
8.655360000000000831e-03
8.657919999999999505e-03
8.660479999999999914e-03
8.663040000000000324e-03
8.665600000000000733e-03
8.668159999999999407e-03
8.670719999999999816e-03
8.673280000000000226e-03
8.675840000000000635e-03
8.678400000000001044e-03
8.680959999999999718e-03
8.683520000000000127e-03
8.686080000000000537e-03
8.688640000000000946e-03
8.691199999999999620e-03
8.693760000000000029e-03
8.696320000000000439e-03
8.698880000000000848e-03
8.701439999999999522e-03
8.703999999999999931e-03
8.706560000000000341e-03
8.709120000000000750e-03
8.711679999999999424e-03
8.714239999999999833e-03
8.716800000000000243e-03
8.719360000000000652e-03
8.721919999999999326e-03
8.724479999999999735e-03
8.727040000000000144e-03
8.729600000000000554e-03
8.732160000000000963e-03
8.734719999999999637e-03
8.737280000000000046e-03
8.739840000000000456e-03
8.742400000000000865e-03
8.744959999999999539e-03
8.747519999999999948e-03
8.750080000000000358e-03
8.752640000000000767e-03
8.755199999999999441e-03
8.757759999999999850e-03
8.760320000000000260e-03
8.762880000000000669e-03
8.765439999999999343e-03
8.767999999999999752e-03
8.770560000000000161e-03
8.773120000000000571e-03
8.775680000000000980e-03
8.778239999999999654e-03
8.780800000000000063e-03
8.783360000000000473e-03
8.785920000000000882e-03
8.788479999999999556e-03
8.791039999999999965e-03
8.793600000000000375e-03
8.796160000000000784e-03
8.798719999999999458e-03
8.801279999999999867e-03
8.803840000000000277e-03
8.806400000000000686e-03
8.808959999999999360e-03
8.811519999999999769e-03
8.814080000000000178e-03
8.816640000000000588e-03
8.819200000000000997e-03
8.821759999999999671e-03
8.824320000000000080e-03
8.826880000000000490e-03
8.829440000000000899e-03
8.831999999999999573e-03
8.834559999999999982e-03
8.837120000000000392e-03
8.839680000000000801e-03
8.842239999999999475e-03
8.844799999999999884e-03
8.847360000000000294e-03
8.849920000000000703e-03
8.852479999999999377e-03
8.855039999999999786e-03
8.857600000000000195e-03
8.860160000000000605e-03
8.862720000000001014e-03
8.865279999999999688e-03
8.867840000000000097e-03
8.870400000000000507e-03
8.872960000000000916e-03
8.875519999999999590e-03
8.878079999999999999e-03
8.880640000000000409e-03
8.883200000000000818e-03
8.885759999999999492e-03
8.888319999999999901e-03
8.890880000000000311e-03
8.893440000000000720e-03
8.895999999999999394e-03
8.898559999999999803e-03
8.901120000000000212e-03
8.903680000000000622e-03
8.906240000000001031e-03
8.908799999999999705e-03
8.911360000000000114e-03
8.913920000000000524e-03
8.916480000000000933e-03
8.919039999999999607e-03
8.921600000000000016e-03
8.924160000000000426e-03
8.926720000000000835e-03
8.929279999999999509e-03
8.931839999999999918e-03
8.934400000000000328e-03
8.936960000000000737e-03
8.939519999999999411e-03
8.942079999999999820e-03
8.944640000000000229e-03
8.947200000000000639e-03
8.949760000000001048e-03
8.952319999999999722e-03
8.954880000000000131e-03
8.957440000000000541e-03
8.960000000000000950e-03
8.962559999999999624e-03
8.965120000000000033e-03
8.967680000000000443e-03
8.970240000000000852e-03
8.972799999999999526e-03
8.975359999999999935e-03
8.977920000000000345e-03
8.980480000000000754e-03
8.983039999999999428e-03
8.985599999999999837e-03
8.988160000000000247e-03
8.990720000000000656e-03
8.993279999999999330e-03
8.995839999999999739e-03
8.998400000000000148e-03
9.000960000000000558e-03
9.003520000000000967e-03
9.006079999999999641e-03
9.008640000000000050e-03
9.011200000000000460e-03
9.013760000000000869e-03
9.016319999999999543e-03
9.018879999999999952e-03
9.021440000000000362e-03
9.024000000000000771e-03
9.026559999999999445e-03
9.029119999999999854e-03
9.031680000000000264e-03
9.034240000000000673e-03
9.036799999999999347e-03
9.039359999999999756e-03
9.041920000000000165e-03
9.044480000000000575e-03
9.047040000000000984e-03
9.049599999999999658e-03
9.052160000000000067e-03
9.054720000000000477e-03
9.057280000000000886e-03
9.059839999999999560e-03
9.062399999999999969e-03
9.064960000000000379e-03
9.067520000000000788e-03
9.070079999999999462e-03
9.072639999999999871e-03
9.075200000000000281e-03
9.077760000000000690e-03
9.080319999999999364e-03
9.082879999999999773e-03
9.085440000000000182e-03
9.088000000000000592e-03
9.090560000000001001e-03
9.093119999999999675e-03
9.095680000000000084e-03
9.098240000000000494e-03
9.100800000000000903e-03
9.103359999999999577e-03
9.105919999999999986e-03
9.108480000000000396e-03
9.111040000000000805e-03
9.113599999999999479e-03
9.116159999999999888e-03
9.118720000000000298e-03
9.121280000000000707e-03
9.123839999999999381e-03
9.126399999999999790e-03
9.128960000000000199e-03
9.131520000000000609e-03
9.134080000000001018e-03
9.136639999999999692e-03
9.139200000000000101e-03
9.141760000000000511e-03
9.144320000000000920e-03
9.146879999999999594e-03
9.149440000000000003e-03
9.152000000000000413e-03
9.154560000000000822e-03
9.157119999999999496e-03
9.159679999999999905e-03
9.162240000000000315e-03
9.164800000000000724e-03
9.167359999999999398e-03
9.169919999999999807e-03
9.172480000000000216e-03
9.175040000000000626e-03
9.177600000000001035e-03
9.180159999999999709e-03
9.182720000000000118e-03
9.185280000000000528e-03
9.187840000000000937e-03
9.190399999999999611e-03
9.192960000000000020e-03
9.195520000000000430e-03
9.198080000000000839e-03
9.200639999999999513e-03
9.203199999999999922e-03
9.205760000000000332e-03
9.208320000000000741e-03
9.210879999999999415e-03
9.213439999999999824e-03
9.216000000000000233e-03
9.218560000000000643e-03
9.221120000000001052e-03
9.223679999999999726e-03
9.226240000000000135e-03
9.228800000000000545e-03
9.231360000000000954e-03
9.233919999999999628e-03
9.236480000000000037e-03
9.239040000000000447e-03
9.241600000000000856e-03
9.244159999999999530e-03
9.246719999999999939e-03
9.249280000000000349e-03
9.251840000000000758e-03
9.254399999999999432e-03
9.256959999999999841e-03
9.259520000000000250e-03
9.262080000000000660e-03
9.264639999999999334e-03
9.267199999999999743e-03
9.269760000000000152e-03
9.272320000000000562e-03
9.274880000000000971e-03
9.277439999999999645e-03
9.280000000000000054e-03
9.282560000000000464e-03
9.285120000000000873e-03
9.287679999999999547e-03
9.290239999999999956e-03
9.292800000000000366e-03
9.295360000000000775e-03
9.297919999999999449e-03
9.300479999999999858e-03
9.303040000000000267e-03
9.305600000000000677e-03
9.308159999999999351e-03
9.310719999999999760e-03
9.313280000000000169e-03
9.315840000000000579e-03
9.318400000000000988e-03
9.320959999999999662e-03
9.323520000000000071e-03
9.326080000000000481e-03
9.328640000000000890e-03
9.331199999999999564e-03
9.333759999999999973e-03
9.336320000000000383e-03
9.338880000000000792e-03
9.341439999999999466e-03
9.343999999999999875e-03
9.346560000000000284e-03
9.349120000000000694e-03
9.351679999999999368e-03
9.354239999999999777e-03
9.356800000000000186e-03
9.359360000000000596e-03
9.361920000000001005e-03
9.364479999999999679e-03
9.367040000000000088e-03
9.369600000000000498e-03
9.372160000000000907e-03
9.374719999999999581e-03
9.377279999999999990e-03
9.379840000000000400e-03
9.382400000000000809e-03
9.384959999999999483e-03
9.387519999999999892e-03
9.390080000000000301e-03
9.392640000000000711e-03
9.395199999999999385e-03
9.397759999999999794e-03
9.400320000000000203e-03
9.402880000000000613e-03
9.405440000000001022e-03
9.407999999999999696e-03
9.410560000000000105e-03
9.413120000000000515e-03
9.415680000000000924e-03
9.418239999999999598e-03
9.420800000000000007e-03
9.423360000000000417e-03
9.425920000000000826e-03
9.428479999999999500e-03
9.431039999999999909e-03
9.433600000000000319e-03
9.436160000000000728e-03
9.438719999999999402e-03
9.441279999999999811e-03
9.443840000000000220e-03
9.446400000000000630e-03
9.448960000000001039e-03
9.451519999999999713e-03
9.454080000000000122e-03
9.456640000000000532e-03
9.459200000000000941e-03
9.461759999999999615e-03
9.464320000000000024e-03
9.466880000000000434e-03
9.469440000000000843e-03
9.471999999999999517e-03
9.474559999999999926e-03
9.477120000000000336e-03
9.479680000000000745e-03
9.482239999999999419e-03
9.484799999999999828e-03
9.487360000000000237e-03
9.489920000000000647e-03
9.492480000000001056e-03
9.495039999999999730e-03
9.497600000000000139e-03
9.500160000000000549e-03
9.502720000000000958e-03
9.505279999999999632e-03
9.507840000000000041e-03
9.510400000000000451e-03
9.512960000000000860e-03
9.515519999999999534e-03
9.518079999999999943e-03
9.520640000000000353e-03
9.523200000000000762e-03
9.525759999999999436e-03
9.528319999999999845e-03
9.530880000000000254e-03
9.533440000000000664e-03
9.535999999999999338e-03
9.538559999999999747e-03
9.541120000000000156e-03
9.543680000000000566e-03
9.546240000000000975e-03
9.548799999999999649e-03
9.551360000000000058e-03
9.553920000000000468e-03
9.556480000000000877e-03
9.559039999999999551e-03
9.561599999999999960e-03
9.564160000000000370e-03
9.566720000000000779e-03
9.569279999999999453e-03
9.571839999999999862e-03
9.574400000000000271e-03
9.576960000000000681e-03
9.579519999999999355e-03
9.582079999999999764e-03
9.584640000000000173e-03
9.587200000000000583e-03
9.589760000000000992e-03
9.592319999999999666e-03
9.594880000000000075e-03
9.597440000000000485e-03
9.600000000000000894e-03
9.602559999999999568e-03
9.605119999999999977e-03
9.607680000000000387e-03
9.610240000000000796e-03
9.612799999999999470e-03
9.615359999999999879e-03
9.617920000000000288e-03
9.620480000000000698e-03
9.623039999999999372e-03
9.625599999999999781e-03
9.628160000000000190e-03
9.630720000000000600e-03
9.633280000000001009e-03
9.635839999999999683e-03
9.638400000000000092e-03
9.640960000000000502e-03
9.643520000000000911e-03
9.646079999999999585e-03
9.648639999999999994e-03
9.651200000000000404e-03
9.653760000000000813e-03
9.656319999999999487e-03
9.658879999999999896e-03
9.661440000000000305e-03
9.664000000000000715e-03
9.666559999999999389e-03
9.669119999999999798e-03
9.671680000000000207e-03
9.674240000000000617e-03
9.676800000000001026e-03
9.679359999999999700e-03
9.681920000000000109e-03
9.684480000000000519e-03
9.687040000000000928e-03
9.689599999999999602e-03
9.692160000000000011e-03
9.694720000000000421e-03
9.697280000000000830e-03
9.699839999999999504e-03
9.702399999999999913e-03
9.704960000000000322e-03
9.707520000000000732e-03
9.710079999999999406e-03
9.712639999999999815e-03
9.715200000000000224e-03
9.717760000000000634e-03
9.720320000000001043e-03
9.722879999999999717e-03
9.725440000000000126e-03
9.728000000000000536e-03
9.730560000000000945e-03
9.733119999999999619e-03
9.735680000000000028e-03
9.738240000000000438e-03
9.740800000000000847e-03
9.743359999999999521e-03
9.745919999999999930e-03
9.748480000000000339e-03
9.751040000000000749e-03
9.753599999999999423e-03
9.756159999999999832e-03
9.758720000000000241e-03
9.761280000000000651e-03
9.763840000000001060e-03
9.766399999999999734e-03
9.768960000000000143e-03
9.771520000000000553e-03
9.774080000000000962e-03
9.776639999999999636e-03
9.779200000000000045e-03
9.781760000000000455e-03
9.784320000000000864e-03
9.786879999999999538e-03
9.789439999999999947e-03
9.792000000000000356e-03
9.794560000000000766e-03
9.797119999999999440e-03
9.799679999999999849e-03
9.802240000000000258e-03
9.804800000000000668e-03
9.807359999999999342e-03
9.809919999999999751e-03
9.812480000000000160e-03
9.815040000000000570e-03
9.817600000000000979e-03
9.820159999999999653e-03
9.822720000000000062e-03
9.825280000000000472e-03
9.827840000000000881e-03
9.830399999999999555e-03
9.832959999999999964e-03
9.835520000000000373e-03
9.838080000000000783e-03
9.840639999999999457e-03
9.843199999999999866e-03
9.845760000000000275e-03
9.848320000000000685e-03
9.850879999999999359e-03
9.853439999999999768e-03
9.856000000000000177e-03
9.858560000000000587e-03
9.861120000000000996e-03
9.863679999999999670e-03
9.866240000000000079e-03
9.868800000000000489e-03
9.871360000000000898e-03
9.873919999999999572e-03
9.876479999999999981e-03
9.879040000000000391e-03
9.881600000000000800e-03
9.884159999999999474e-03
9.886719999999999883e-03
9.889280000000000292e-03
9.891840000000000702e-03
9.894399999999999376e-03
9.896959999999999785e-03
9.899520000000000194e-03
9.902080000000000604e-03
9.904640000000001013e-03
9.907199999999999687e-03
9.909760000000000096e-03
9.912320000000000506e-03
9.914880000000000915e-03
9.917439999999999589e-03
9.919999999999999998e-03
9.922560000000000408e-03
9.925120000000000817e-03
9.927679999999999491e-03
9.930239999999999900e-03
9.932800000000000309e-03
9.935360000000000719e-03
9.937919999999999393e-03
9.940479999999999802e-03
9.943040000000000211e-03
9.945600000000000621e-03
9.948160000000001030e-03
9.950719999999999704e-03
9.953280000000000113e-03
9.955840000000000523e-03
9.958400000000000932e-03
9.960959999999999606e-03
9.963520000000000015e-03
9.966080000000000425e-03
9.968640000000000834e-03
9.971199999999999508e-03
9.973759999999999917e-03
9.976320000000000326e-03
9.978880000000000736e-03
9.981439999999999410e-03
9.983999999999999819e-03
9.986560000000000228e-03
9.989120000000000638e-03
9.991680000000001047e-03
9.994239999999999721e-03
9.996800000000000130e-03
9.999360000000000540e-03
1.000192000000000095e-02
1.000447999999999962e-02
1.000704000000000003e-02
1.000960000000000044e-02
1.001216000000000085e-02
1.001471999999999953e-02
1.001727999999999993e-02
1.001984000000000034e-02
1.002240000000000075e-02
1.002495999999999943e-02
1.002751999999999984e-02
1.003008000000000025e-02
1.003264000000000065e-02
1.003520000000000106e-02
1.003775999999999974e-02
1.004032000000000015e-02
1.004288000000000056e-02
1.004544000000000097e-02
1.004799999999999964e-02
1.005056000000000005e-02
1.005312000000000046e-02
1.005568000000000087e-02
1.005823999999999954e-02
1.006079999999999995e-02
1.006336000000000036e-02
1.006592000000000077e-02
1.006847999999999944e-02
1.007103999999999985e-02
1.007360000000000026e-02
1.007616000000000067e-02
1.007871999999999935e-02
1.008127999999999976e-02
1.008384000000000016e-02
1.008640000000000057e-02
1.008896000000000098e-02
1.009151999999999966e-02
1.009408000000000007e-02
1.009664000000000048e-02
1.009920000000000088e-02
1.010175999999999956e-02
1.010431999999999997e-02
1.010688000000000038e-02
1.010944000000000079e-02
1.011199999999999946e-02
1.011455999999999987e-02
1.011712000000000028e-02
1.011968000000000069e-02
1.012223999999999936e-02
1.012479999999999977e-02
1.012736000000000018e-02
1.012992000000000059e-02
1.013248000000000100e-02
1.013503999999999967e-02
1.013760000000000008e-02
1.014016000000000049e-02
1.014272000000000090e-02
1.014527999999999958e-02
1.014783999999999999e-02
1.015040000000000039e-02
1.015296000000000080e-02
1.015551999999999948e-02
