0.000000000000000000e+00
1.638400000000000034e-04
3.276800000000000069e-04
4.915200000000000645e-04
6.553600000000000137e-04
8.191999999999999629e-04
9.830400000000001290e-04
1.146880000000000078e-03
1.310720000000000027e-03
1.474559999999999977e-03
1.638399999999999926e-03
1.802240000000000092e-03
1.966080000000000258e-03
2.129919999999999990e-03
2.293760000000000156e-03
2.457599999999999889e-03
2.621440000000000055e-03
2.785280000000000221e-03
2.949119999999999953e-03
3.112960000000000119e-03
3.276799999999999852e-03
3.440640000000000018e-03
3.604480000000000184e-03
3.768319999999999916e-03
3.932160000000000516e-03
4.095999999999999815e-03
4.259839999999999981e-03
4.423680000000000147e-03
4.587520000000000313e-03
4.751360000000000479e-03
4.915199999999999778e-03
5.079039999999999944e-03
5.242880000000000110e-03
5.406720000000000276e-03
5.570560000000000442e-03
5.734399999999999741e-03
5.898239999999999907e-03
6.062080000000000073e-03
6.225920000000000239e-03
6.389760000000000405e-03
6.553599999999999703e-03
6.717439999999999869e-03
6.881280000000000036e-03
7.045120000000000202e-03
7.208960000000000368e-03
7.372800000000000534e-03
7.536639999999999832e-03
7.700479999999999998e-03
7.864320000000001032e-03
8.028159999999999463e-03
8.191999999999999629e-03
8.355839999999999795e-03
8.519679999999999961e-03
8.683520000000000127e-03
8.847360000000000294e-03
9.011200000000000460e-03
9.175040000000000626e-03
9.338880000000000792e-03
9.502720000000000958e-03
9.666559999999999389e-03
9.830399999999999555e-03
9.994239999999999721e-03
1.015807999999999989e-02
1.032192000000000005e-02
1.048576000000000022e-02
1.064960000000000039e-02
1.081344000000000055e-02
1.097728000000000072e-02
1.114112000000000088e-02
1.130496000000000105e-02
1.146879999999999948e-02
1.163263999999999965e-02
1.179647999999999981e-02
1.196031999999999998e-02
1.212416000000000015e-02
1.228800000000000031e-02
1.245184000000000048e-02
1.261568000000000064e-02
1.277952000000000081e-02
1.294336000000000098e-02
1.310719999999999941e-02
1.327103999999999957e-02
1.343487999999999974e-02
1.359871999999999991e-02
1.376256000000000007e-02
1.392640000000000024e-02
1.409024000000000040e-02
1.425408000000000057e-02
1.441792000000000074e-02
1.458176000000000090e-02
1.474560000000000107e-02
1.490943999999999950e-02
1.507327999999999966e-02
1.523711999999999983e-02
1.540096000000000000e-02
1.556480000000000016e-02
1.572864000000000206e-02
1.589248000000000050e-02
1.605631999999999893e-02
1.622016000000000083e-02
1.638399999999999926e-02
1.654784000000000116e-02
1.671167999999999959e-02
1.687552000000000149e-02
1.703935999999999992e-02
1.720320000000000182e-02
1.736704000000000025e-02
1.753087999999999869e-02
1.769472000000000059e-02
1.785855999999999902e-02
1.802240000000000092e-02
1.818623999999999935e-02
1.835008000000000125e-02
1.851391999999999968e-02
1.867776000000000158e-02
1.884160000000000001e-02
1.900544000000000192e-02
1.916928000000000035e-02
1.933311999999999878e-02
1.949696000000000068e-02
1.966079999999999911e-02
1.982464000000000101e-02
1.998847999999999944e-02
2.015232000000000134e-02
2.031615999999999977e-02
2.048000000000000168e-02
2.064384000000000011e-02
2.080768000000000201e-02
2.097152000000000044e-02
2.113535999999999887e-02
2.129920000000000077e-02
2.146303999999999920e-02
2.162688000000000110e-02
2.179071999999999953e-02
2.195456000000000144e-02
2.211839999999999987e-02
2.228224000000000177e-02
2.244608000000000020e-02
2.260992000000000210e-02
2.277376000000000053e-02
2.293759999999999896e-02
2.310144000000000086e-02
2.326527999999999929e-02
2.342912000000000119e-02
2.359295999999999963e-02
2.375680000000000153e-02
2.392063999999999996e-02
2.408448000000000186e-02
2.424832000000000029e-02
2.441216000000000219e-02
2.457600000000000062e-02
2.473983999999999905e-02
2.490368000000000095e-02
2.506751999999999939e-02
2.523136000000000129e-02
2.539519999999999972e-02
2.555904000000000162e-02
2.572288000000000005e-02
2.588672000000000195e-02
2.605056000000000038e-02
2.621439999999999881e-02
2.637824000000000071e-02
2.654207999999999915e-02
2.670592000000000105e-02
2.686975999999999948e-02
2.703360000000000138e-02
2.719743999999999981e-02
2.736128000000000171e-02
2.752512000000000014e-02
2.768896000000000204e-02
2.785280000000000047e-02
2.801663999999999891e-02
2.818048000000000081e-02
2.834431999999999924e-02
2.850816000000000114e-02
2.867199999999999957e-02
2.883584000000000147e-02
2.899967999999999990e-02
2.916352000000000180e-02
2.932736000000000023e-02
2.949120000000000213e-02
2.965504000000000057e-02
2.981887999999999900e-02
2.998272000000000090e-02
3.014655999999999933e-02
3.031040000000000123e-02
3.047423999999999966e-02
3.063808000000000156e-02
3.080191999999999999e-02
3.096576000000000189e-02
3.112960000000000033e-02
3.129343999999999876e-02
3.145728000000000413e-02
3.162112000000000256e-02
3.178496000000000099e-02
3.194879999999999942e-02
3.211263999999999785e-02
3.227648000000000322e-02
3.244032000000000165e-02
3.260416000000000009e-02
3.276799999999999852e-02
3.293184000000000389e-02
3.309568000000000232e-02
3.325952000000000075e-02
3.342335999999999918e-02
3.358719999999999761e-02
3.375104000000000298e-02
3.391488000000000141e-02
3.407871999999999985e-02
3.424255999999999828e-02
3.440640000000000365e-02
3.457024000000000208e-02
3.473408000000000051e-02
3.489791999999999894e-02
3.506175999999999737e-02
3.522560000000000274e-02
3.538944000000000117e-02
3.555327999999999961e-02
3.571711999999999804e-02
3.588096000000000341e-02
3.604480000000000184e-02
3.620864000000000027e-02
3.637247999999999870e-02
3.653632000000000407e-02
3.670016000000000250e-02
3.686400000000000093e-02
3.702783999999999937e-02
3.719167999999999780e-02
3.735552000000000317e-02
3.751936000000000160e-02
3.768320000000000003e-02
3.784703999999999846e-02
3.801088000000000383e-02
3.817472000000000226e-02
3.833856000000000069e-02
3.850239999999999913e-02
3.866623999999999756e-02
3.883008000000000293e-02
3.899392000000000136e-02
3.915775999999999979e-02
3.932159999999999822e-02
3.948544000000000359e-02
3.964928000000000202e-02
3.981312000000000045e-02
3.997695999999999888e-02
4.014080000000000426e-02
4.030464000000000269e-02
4.046848000000000112e-02
4.063231999999999955e-02
4.079615999999999798e-02
4.096000000000000335e-02
4.112384000000000178e-02
4.128768000000000021e-02
4.145151999999999864e-02
4.161536000000000401e-02
4.177920000000000245e-02
4.194304000000000088e-02
4.210687999999999931e-02
4.227071999999999774e-02
4.243456000000000311e-02
4.259840000000000154e-02
4.276223999999999997e-02
4.292607999999999840e-02
4.308992000000000377e-02
4.325376000000000221e-02
4.341760000000000064e-02
4.358143999999999907e-02
4.374527999999999750e-02
4.390912000000000287e-02
4.407296000000000130e-02
4.423679999999999973e-02
4.440063999999999816e-02
4.456448000000000353e-02
4.472832000000000197e-02
4.489216000000000040e-02
4.505599999999999883e-02
4.521984000000000420e-02
4.538368000000000263e-02
4.554752000000000106e-02
4.571135999999999949e-02
4.587519999999999792e-02
4.603904000000000329e-02
4.620288000000000173e-02
4.636672000000000016e-02
4.653055999999999859e-02
4.669440000000000396e-02
4.685824000000000239e-02
4.702208000000000082e-02
4.718591999999999925e-02
4.734975999999999768e-02
4.751360000000000305e-02
4.767744000000000149e-02
4.784127999999999992e-02
4.800511999999999835e-02
4.816896000000000372e-02
4.833280000000000215e-02
4.849664000000000058e-02
4.866047999999999901e-02
4.882432000000000438e-02
4.898816000000000281e-02
4.915200000000000125e-02
4.931583999999999968e-02
4.947967999999999811e-02
4.964352000000000348e-02
4.980736000000000191e-02
4.997120000000000034e-02
5.013503999999999877e-02
5.029888000000000414e-02
5.046272000000000257e-02
5.062656000000000101e-02
5.079039999999999944e-02
5.095423999999999787e-02
5.111808000000000324e-02
5.128192000000000167e-02
5.144576000000000010e-02
5.160959999999999853e-02
5.177344000000000390e-02
5.193728000000000233e-02
5.210112000000000076e-02
5.226495999999999920e-02
5.242879999999999763e-02
5.259264000000000300e-02
5.275648000000000143e-02
5.292031999999999986e-02
5.308415999999999829e-02
5.324800000000000366e-02
5.341184000000000209e-02
5.357568000000000052e-02
5.373951999999999896e-02
5.390336000000000433e-02
5.406720000000000276e-02
5.423104000000000119e-02
5.439487999999999962e-02
5.455871999999999805e-02
5.472256000000000342e-02
5.488640000000000185e-02
5.505024000000000028e-02
5.521407999999999872e-02
5.537792000000000409e-02
5.554176000000000252e-02
5.570560000000000095e-02
5.586943999999999938e-02
5.603327999999999781e-02
5.619712000000000318e-02
5.636096000000000161e-02
5.652480000000000004e-02
5.668863999999999848e-02
5.685248000000000385e-02
5.701632000000000228e-02
5.718016000000000071e-02
5.734399999999999914e-02
5.750784000000000451e-02
5.767168000000000294e-02
5.783552000000000137e-02
5.799935999999999980e-02
5.816319999999999824e-02
5.832704000000000361e-02
5.849088000000000204e-02
5.865472000000000047e-02
5.881855999999999890e-02
5.898240000000000427e-02
5.914624000000000270e-02
5.931008000000000113e-02
5.947391999999999956e-02
5.963775999999999800e-02
5.980160000000000337e-02
5.996544000000000180e-02
6.012928000000000023e-02
6.029311999999999866e-02
6.045696000000000403e-02
6.062080000000000246e-02
6.078464000000000089e-02
6.094847999999999932e-02
6.111232000000000469e-02
6.127616000000000313e-02
6.144000000000000156e-02
6.160383999999999999e-02
6.176767999999999842e-02
6.193152000000000379e-02
6.209536000000000222e-02
6.225920000000000065e-02
6.242303999999999908e-02
6.258687999999999751e-02
6.275071999999999595e-02
6.291456000000000826e-02
6.307840000000000669e-02
6.324224000000000512e-02
6.340608000000000355e-02
6.356992000000000198e-02
6.373376000000000041e-02
6.389759999999999884e-02
6.406143999999999727e-02
6.422527999999999571e-02
6.438912000000000802e-02
6.455296000000000645e-02
6.471680000000000488e-02
6.488064000000000331e-02
6.504448000000000174e-02
6.520832000000000017e-02
6.537215999999999860e-02
6.553599999999999703e-02
6.569983999999999547e-02
6.586368000000000777e-02
6.602752000000000621e-02
6.619136000000000464e-02
6.635520000000000307e-02
6.651904000000000150e-02
6.668287999999999993e-02
6.684671999999999836e-02
6.701055999999999679e-02
6.717439999999999523e-02
6.733824000000000753e-02
6.750208000000000597e-02
6.766592000000000440e-02
6.782976000000000283e-02
6.799360000000000126e-02
6.815743999999999969e-02
6.832127999999999812e-02
6.848511999999999655e-02
6.864895999999999499e-02
6.881280000000000729e-02
6.897664000000000573e-02
6.914048000000000416e-02
6.930432000000000259e-02
6.946816000000000102e-02
6.963199999999999945e-02
6.979583999999999788e-02
6.995967999999999631e-02
7.012351999999999475e-02
7.028736000000000705e-02
7.045120000000000549e-02
7.061504000000000392e-02
7.077888000000000235e-02
7.094272000000000078e-02
7.110655999999999921e-02
7.127039999999999764e-02
7.143423999999999607e-02
7.159808000000000838e-02
7.176192000000000681e-02
7.192576000000000525e-02
7.208960000000000368e-02
7.225344000000000211e-02
7.241728000000000054e-02
7.258111999999999897e-02
7.274495999999999740e-02
7.290879999999999583e-02
7.307264000000000814e-02
7.323648000000000657e-02
7.340032000000000501e-02
7.356416000000000344e-02
7.372800000000000187e-02
7.389184000000000030e-02
7.405567999999999873e-02
7.421951999999999716e-02
7.438335999999999559e-02
7.454720000000000790e-02
7.471104000000000633e-02
7.487488000000000476e-02
7.503872000000000320e-02
7.520256000000000163e-02
7.536640000000000006e-02
7.553023999999999849e-02
7.569407999999999692e-02
7.585791999999999535e-02
7.602176000000000766e-02
7.618560000000000609e-02
7.634944000000000452e-02
7.651328000000000296e-02
7.667712000000000139e-02
7.684095999999999982e-02
7.700479999999999825e-02
7.716863999999999668e-02
7.733247999999999511e-02
7.749632000000000742e-02
7.766016000000000585e-02
7.782400000000000428e-02
7.798784000000000272e-02
7.815168000000000115e-02
7.831551999999999958e-02
7.847935999999999801e-02
7.864319999999999644e-02
7.880703999999999487e-02
7.897088000000000718e-02
7.913472000000000561e-02
7.929856000000000404e-02
7.946240000000000248e-02
7.962624000000000091e-02
7.979007999999999934e-02
7.995391999999999777e-02
8.011775999999999620e-02
8.028160000000000851e-02
8.044544000000000694e-02
8.060928000000000537e-02
8.077312000000000380e-02
8.093696000000000224e-02
8.110080000000000067e-02
8.126463999999999910e-02
8.142847999999999753e-02
8.159231999999999596e-02
8.175616000000000827e-02
8.192000000000000670e-02
8.208384000000000513e-02
8.224768000000000356e-02
8.241152000000000200e-02
8.257536000000000043e-02
8.273919999999999886e-02
8.290303999999999729e-02
8.306687999999999572e-02
8.323072000000000803e-02
8.339456000000000646e-02
8.355840000000000489e-02
8.372224000000000332e-02
8.388608000000000176e-02
8.404992000000000019e-02
8.421375999999999862e-02
8.437759999999999705e-02
8.454143999999999548e-02
8.470528000000000779e-02
8.486912000000000622e-02
8.503296000000000465e-02
8.519680000000000308e-02
8.536064000000000151e-02
8.552447999999999995e-02
8.568831999999999838e-02
8.585215999999999681e-02
8.601599999999999524e-02
8.617984000000000755e-02
8.634368000000000598e-02
8.650752000000000441e-02
8.667136000000000284e-02
8.683520000000000127e-02
8.699903999999999971e-02
8.716287999999999814e-02
8.732671999999999657e-02
8.749055999999999500e-02
8.765440000000000731e-02
8.781824000000000574e-02
8.798208000000000417e-02
8.814592000000000260e-02
8.830976000000000103e-02
8.847359999999999947e-02
8.863743999999999790e-02
8.880127999999999633e-02
8.896512000000000864e-02
8.912896000000000707e-02
8.929280000000000550e-02
8.945664000000000393e-02
8.962048000000000236e-02
8.978432000000000079e-02
8.994815999999999923e-02
9.011199999999999766e-02
9.027583999999999609e-02
9.043968000000000840e-02
9.060352000000000683e-02
9.076736000000000526e-02
9.093120000000000369e-02
9.109504000000000212e-02
9.125888000000000055e-02
9.142271999999999899e-02
9.158655999999999742e-02
9.175039999999999585e-02
9.191424000000000816e-02
9.207808000000000659e-02
9.224192000000000502e-02
9.240576000000000345e-02
9.256960000000000188e-02
9.273344000000000031e-02
9.289727999999999875e-02
9.306111999999999718e-02
9.322495999999999561e-02
9.338880000000000792e-02
9.355264000000000635e-02
9.371648000000000478e-02
9.388032000000000321e-02
9.404416000000000164e-02
9.420800000000000007e-02
9.437183999999999851e-02
9.453567999999999694e-02
9.469951999999999537e-02
9.486336000000000768e-02
9.502720000000000611e-02
9.519104000000000454e-02
9.535488000000000297e-02
9.551872000000000140e-02
9.568255999999999983e-02
9.584639999999999826e-02
9.601023999999999670e-02
9.617407999999999513e-02
9.633792000000000744e-02
9.650176000000000587e-02
9.666560000000000430e-02
9.682944000000000273e-02
9.699328000000000116e-02
9.715711999999999959e-02
9.732095999999999802e-02
9.748479999999999646e-02
9.764864000000000877e-02
9.781248000000000720e-02
9.797632000000000563e-02
9.814016000000000406e-02
9.830400000000000249e-02
9.846784000000000092e-02
9.863167999999999935e-02
9.879551999999999778e-02
9.895935999999999622e-02
9.912320000000000852e-02
9.928704000000000696e-02
9.945088000000000539e-02
9.961472000000000382e-02
9.977856000000000225e-02
9.994240000000000068e-02
1.001062399999999991e-01
1.002700799999999975e-01
1.004339199999999960e-01
1.005977600000000083e-01
1.007616000000000067e-01
1.009254400000000051e-01
1.010892800000000036e-01
1.012531200000000020e-01
1.014169600000000004e-01
1.015807999999999989e-01
1.017446399999999973e-01
1.019084799999999957e-01
1.020723200000000080e-01
1.022361600000000065e-01
1.024000000000000049e-01
1.025638400000000033e-01
1.027276800000000018e-01
1.028915200000000002e-01
1.030553599999999986e-01
1.032191999999999971e-01
1.033830399999999955e-01
1.035468800000000078e-01
1.037107200000000062e-01
1.038745600000000047e-01
1.040384000000000031e-01
1.042022400000000015e-01
1.043660800000000000e-01
1.045299199999999984e-01
1.046937599999999968e-01
1.048575999999999953e-01
1.050214400000000076e-01
1.051852800000000060e-01
1.053491200000000044e-01
1.055129600000000029e-01
1.056768000000000013e-01
1.058406399999999997e-01
1.060044799999999982e-01
1.061683199999999966e-01
1.063321600000000089e-01
1.064960000000000073e-01
1.066598400000000058e-01
1.068236800000000042e-01
1.069875200000000026e-01
1.071513600000000010e-01
1.073151999999999995e-01
1.074790399999999979e-01
1.076428799999999963e-01
1.078067200000000087e-01
1.079705600000000071e-01
1.081344000000000055e-01
1.082982400000000039e-01
1.084620800000000024e-01
1.086259200000000008e-01
1.087897599999999992e-01
1.089535999999999977e-01
1.091174399999999961e-01
1.092812800000000084e-01
1.094451200000000068e-01
1.096089600000000053e-01
1.097728000000000037e-01
1.099366400000000021e-01
1.101004800000000006e-01
1.102643199999999990e-01
1.104281599999999974e-01
1.105919999999999959e-01
1.107558400000000082e-01
1.109196800000000066e-01
1.110835200000000050e-01
1.112473600000000035e-01
1.114112000000000019e-01
1.115750400000000003e-01
1.117388799999999988e-01
1.119027199999999972e-01
1.120665599999999956e-01
1.122304000000000079e-01
1.123942400000000064e-01
1.125580800000000048e-01
1.127219200000000032e-01
1.128857600000000017e-01
1.130496000000000001e-01
1.132134399999999985e-01
1.133772799999999970e-01
1.135411200000000093e-01
1.137049600000000077e-01
1.138688000000000061e-01
1.140326400000000046e-01
1.141964800000000030e-01
1.143603200000000014e-01
1.145241599999999998e-01
1.146879999999999983e-01
1.148518399999999967e-01
1.150156800000000090e-01
1.151795200000000075e-01
1.153433600000000059e-01
1.155072000000000043e-01
1.156710400000000027e-01
1.158348800000000012e-01
1.159987199999999996e-01
1.161625599999999980e-01
1.163263999999999965e-01
1.164902400000000088e-01
1.166540800000000072e-01
1.168179200000000056e-01
1.169817600000000041e-01
1.171456000000000025e-01
1.173094400000000009e-01
1.174732799999999994e-01
1.176371199999999978e-01
1.178009599999999962e-01
1.179648000000000085e-01
1.181286400000000070e-01
1.182924800000000054e-01
1.184563200000000038e-01
1.186201600000000023e-01
1.187840000000000007e-01
1.189478399999999991e-01
1.191116799999999976e-01
1.192755199999999960e-01
1.194393600000000083e-01
1.196032000000000067e-01
1.197670400000000052e-01
1.199308800000000036e-01
1.200947200000000020e-01
1.202585600000000005e-01
1.204223999999999989e-01
1.205862399999999973e-01
1.207500799999999958e-01
1.209139200000000081e-01
1.210777600000000065e-01
1.212416000000000049e-01
1.214054400000000034e-01
1.215692800000000018e-01
1.217331200000000002e-01
1.218969599999999986e-01
1.220607999999999971e-01
1.222246400000000094e-01
1.223884800000000078e-01
1.225523200000000063e-01
1.227161600000000047e-01
1.228800000000000031e-01
1.230438400000000015e-01
1.232076800000000000e-01
1.233715199999999984e-01
1.235353599999999968e-01
1.236992000000000091e-01
1.238630400000000076e-01
1.240268800000000060e-01
1.241907200000000044e-01
1.243545600000000029e-01
1.245184000000000013e-01
1.246822399999999997e-01
1.248460799999999982e-01
1.250099199999999966e-01
1.251737599999999950e-01
1.253375999999999935e-01
1.255014399999999919e-01
1.256652799999999903e-01
1.258291200000000165e-01
1.259929600000000149e-01
1.261568000000000134e-01
1.263206400000000118e-01
1.264844800000000102e-01
1.266483200000000087e-01
1.268121600000000071e-01
1.269760000000000055e-01
1.271398400000000040e-01
1.273036800000000024e-01
1.274675200000000008e-01
1.276313599999999993e-01
1.277951999999999977e-01
1.279590399999999961e-01
1.281228799999999945e-01
1.282867199999999930e-01
1.284505599999999914e-01
1.286143999999999898e-01
1.287782400000000160e-01
1.289420800000000145e-01
1.291059200000000129e-01
1.292697600000000113e-01
1.294336000000000098e-01
1.295974400000000082e-01
1.297612800000000066e-01
1.299251200000000050e-01
1.300889600000000035e-01
1.302528000000000019e-01
1.304166400000000003e-01
1.305804799999999988e-01
1.307443199999999972e-01
1.309081599999999956e-01
1.310719999999999941e-01
1.312358399999999925e-01
1.313996799999999909e-01
1.315635199999999894e-01
1.317273600000000155e-01
1.318912000000000140e-01
1.320550400000000124e-01
1.322188800000000108e-01
1.323827200000000093e-01
1.325465600000000077e-01
1.327104000000000061e-01
1.328742400000000046e-01
1.330380800000000030e-01
1.332019200000000014e-01
1.333657599999999999e-01
1.335295999999999983e-01
1.336934399999999967e-01
1.338572799999999952e-01
1.340211199999999936e-01
1.341849599999999920e-01
1.343487999999999905e-01
1.345126400000000166e-01
1.346764800000000151e-01
1.348403200000000135e-01
1.350041600000000119e-01
1.351680000000000104e-01
1.353318400000000088e-01
1.354956800000000072e-01
1.356595200000000057e-01
1.358233600000000041e-01
1.359872000000000025e-01
1.361510400000000010e-01
1.363148799999999994e-01
1.364787199999999978e-01
1.366425599999999962e-01
1.368063999999999947e-01
1.369702399999999931e-01
1.371340799999999915e-01
1.372979199999999900e-01
1.374617600000000162e-01
1.376256000000000146e-01
1.377894400000000130e-01
1.379532800000000115e-01
1.381171200000000099e-01
1.382809600000000083e-01
1.384448000000000067e-01
1.386086400000000052e-01
1.387724800000000036e-01
1.389363200000000020e-01
1.391001600000000005e-01
1.392639999999999989e-01
1.394278399999999973e-01
1.395916799999999958e-01
1.397555199999999942e-01
1.399193599999999926e-01
1.400831999999999911e-01
1.402470399999999895e-01
1.404108800000000157e-01
1.405747200000000141e-01
1.407385600000000125e-01
1.409024000000000110e-01
1.410662400000000094e-01
1.412300800000000078e-01
1.413939200000000063e-01
1.415577600000000047e-01
1.417216000000000031e-01
1.418854400000000016e-01
1.420492800000000000e-01
1.422131199999999984e-01
1.423769599999999969e-01
1.425407999999999953e-01
1.427046399999999937e-01
1.428684799999999921e-01
1.430323199999999906e-01
1.431961600000000168e-01
1.433600000000000152e-01
1.435238400000000136e-01
1.436876800000000121e-01
1.438515200000000105e-01
1.440153600000000089e-01
1.441792000000000074e-01
1.443430400000000058e-01
1.445068800000000042e-01
1.446707200000000026e-01
1.448345600000000011e-01
1.449983999999999995e-01
1.451622399999999979e-01
1.453260799999999964e-01
1.454899199999999948e-01
1.456537599999999932e-01
1.458175999999999917e-01
1.459814399999999901e-01
1.461452800000000163e-01
1.463091200000000147e-01
1.464729600000000131e-01
1.466368000000000116e-01
1.468006400000000100e-01
1.469644800000000084e-01
1.471283200000000069e-01
1.472921600000000053e-01
1.474560000000000037e-01
1.476198400000000022e-01
1.477836800000000006e-01
1.479475199999999990e-01
1.481113599999999975e-01
1.482751999999999959e-01
1.484390399999999943e-01
1.486028799999999928e-01
1.487667199999999912e-01
1.489305599999999896e-01
1.490944000000000158e-01
1.492582400000000142e-01
1.494220800000000127e-01
1.495859200000000111e-01
1.497497600000000095e-01
1.499136000000000080e-01
1.500774400000000064e-01
1.502412800000000048e-01
1.504051200000000033e-01
1.505689600000000017e-01
1.507328000000000001e-01
1.508966399999999985e-01
1.510604799999999970e-01
1.512243199999999954e-01
1.513881599999999938e-01
1.515519999999999923e-01
1.517158399999999907e-01
1.518796800000000169e-01
1.520435200000000153e-01
1.522073600000000138e-01
1.523712000000000122e-01
1.525350400000000106e-01
1.526988800000000090e-01
1.528627200000000075e-01
1.530265600000000059e-01
1.531904000000000043e-01
1.533542400000000028e-01
1.535180800000000012e-01
1.536819199999999996e-01
1.538457599999999981e-01
1.540095999999999965e-01
1.541734399999999949e-01
1.543372799999999934e-01
1.545011199999999918e-01
1.546649599999999902e-01
1.548288000000000164e-01
1.549926400000000148e-01
1.551564800000000133e-01
1.553203200000000117e-01
1.554841600000000101e-01
1.556480000000000086e-01
1.558118400000000070e-01
1.559756800000000054e-01
1.561395200000000039e-01
1.563033600000000023e-01
1.564672000000000007e-01
1.566310399999999992e-01
1.567948799999999976e-01
1.569587199999999960e-01
1.571225599999999945e-01
1.572863999999999929e-01
1.574502399999999913e-01
1.576140799999999897e-01
1.577779200000000159e-01
1.579417600000000144e-01
1.581056000000000128e-01
1.582694400000000112e-01
1.584332800000000097e-01
1.585971200000000081e-01
1.587609600000000065e-01
1.589248000000000050e-01
1.590886400000000034e-01
1.592524800000000018e-01
1.594163200000000002e-01
1.595801599999999987e-01
1.597439999999999971e-01
1.599078399999999955e-01
1.600716799999999940e-01
1.602355199999999924e-01
1.603993599999999908e-01
1.605632000000000170e-01
1.607270400000000155e-01
1.608908800000000139e-01
1.610547200000000123e-01
1.612185600000000107e-01
1.613824000000000092e-01
1.615462400000000076e-01
1.617100800000000060e-01
1.618739200000000045e-01
1.620377600000000029e-01
1.622016000000000013e-01
1.623654399999999998e-01
1.625292799999999982e-01
1.626931199999999966e-01
1.628569599999999951e-01
1.630207999999999935e-01
1.631846399999999919e-01
1.633484799999999904e-01
1.635123200000000165e-01
1.636761600000000150e-01
1.638400000000000134e-01
1.640038400000000118e-01
1.641676800000000103e-01
1.643315200000000087e-01
1.644953600000000071e-01
1.646592000000000056e-01
1.648230400000000040e-01
1.649868800000000024e-01
1.651507200000000009e-01
1.653145599999999993e-01
1.654783999999999977e-01
1.656422399999999961e-01
1.658060799999999946e-01
1.659699199999999930e-01
1.661337599999999914e-01
1.662975999999999899e-01
1.664614400000000161e-01
1.666252800000000145e-01
1.667891200000000129e-01
1.669529600000000114e-01
1.671168000000000098e-01
1.672806400000000082e-01
1.674444800000000066e-01
1.676083200000000051e-01
1.677721600000000035e-01
1.679360000000000019e-01
1.680998400000000004e-01
1.682636799999999988e-01
1.684275199999999972e-01
1.685913599999999957e-01
1.687551999999999941e-01
1.689190399999999925e-01
1.690828799999999910e-01
1.692467200000000171e-01
1.694105600000000156e-01
1.695744000000000140e-01
1.697382400000000124e-01
1.699020800000000109e-01
1.700659200000000093e-01
1.702297600000000077e-01
1.703936000000000062e-01
1.705574400000000046e-01
1.707212800000000030e-01
1.708851200000000015e-01
1.710489599999999999e-01
1.712127999999999983e-01
1.713766399999999968e-01
1.715404799999999952e-01
1.717043199999999936e-01
1.718681599999999920e-01
1.720319999999999905e-01
1.721958400000000167e-01
1.723596800000000151e-01
1.725235200000000135e-01
1.726873600000000120e-01
1.728512000000000104e-01
1.730150400000000088e-01
1.731788800000000073e-01
1.733427200000000057e-01
1.735065600000000041e-01
1.736704000000000025e-01
1.738342400000000010e-01
1.739980799999999994e-01
1.741619199999999978e-01
1.743257599999999963e-01
1.744895999999999947e-01
1.746534399999999931e-01
1.748172799999999916e-01
1.749811199999999900e-01
1.751449600000000162e-01
1.753088000000000146e-01
1.754726400000000130e-01
1.756364800000000115e-01
1.758003200000000099e-01
1.759641600000000083e-01
1.761280000000000068e-01
1.762918400000000052e-01
1.764556800000000036e-01
1.766195200000000021e-01
1.767833600000000005e-01
1.769471999999999989e-01
1.771110399999999974e-01
1.772748799999999958e-01
1.774387199999999942e-01
1.776025599999999927e-01
1.777663999999999911e-01
1.779302400000000173e-01
1.780940800000000157e-01
1.782579200000000141e-01
1.784217600000000126e-01
1.785856000000000110e-01
1.787494400000000094e-01
1.789132800000000079e-01
1.790771200000000063e-01
1.792409600000000047e-01
1.794048000000000032e-01
1.795686400000000016e-01
1.797324800000000000e-01
1.798963199999999985e-01
1.800601599999999969e-01
1.802239999999999953e-01
1.803878399999999937e-01
1.805516799999999922e-01
1.807155199999999906e-01
1.808793600000000168e-01
1.810432000000000152e-01
1.812070400000000137e-01
1.813708800000000121e-01
1.815347200000000105e-01
1.816985600000000090e-01
1.818624000000000074e-01
1.820262400000000058e-01
1.821900800000000042e-01
1.823539200000000027e-01
1.825177600000000011e-01
1.826815999999999995e-01
1.828454399999999980e-01
1.830092799999999964e-01
1.831731199999999948e-01
1.833369599999999933e-01
1.835007999999999917e-01
1.836646399999999901e-01
1.838284800000000163e-01
1.839923200000000147e-01
1.841561600000000132e-01
1.843200000000000116e-01
1.844838400000000100e-01
1.846476800000000085e-01
1.848115200000000069e-01
1.849753600000000053e-01
1.851392000000000038e-01
1.853030400000000022e-01
1.854668800000000006e-01
1.856307199999999991e-01
1.857945599999999975e-01
1.859583999999999959e-01
1.861222399999999944e-01
1.862860799999999928e-01
1.864499199999999912e-01
1.866137600000000174e-01
1.867776000000000158e-01
1.869414400000000143e-01
1.871052800000000127e-01
1.872691200000000111e-01
1.874329600000000096e-01
1.875968000000000080e-01
1.877606400000000064e-01
1.879244800000000049e-01
1.880883200000000033e-01
1.882521600000000017e-01
1.884160000000000001e-01
1.885798399999999986e-01
1.887436799999999970e-01
1.889075199999999954e-01
1.890713599999999939e-01
1.892351999999999923e-01
1.893990399999999907e-01
1.895628800000000169e-01
1.897267200000000154e-01
1.898905600000000138e-01
1.900544000000000122e-01
1.902182400000000106e-01
1.903820800000000091e-01
1.905459200000000075e-01
1.907097600000000059e-01
1.908736000000000044e-01
1.910374400000000028e-01
1.912012800000000012e-01
1.913651199999999997e-01
1.915289599999999981e-01
1.916927999999999965e-01
1.918566399999999950e-01
1.920204799999999934e-01
1.921843199999999918e-01
1.923481599999999903e-01
1.925120000000000164e-01
1.926758400000000149e-01
1.928396800000000133e-01
1.930035200000000117e-01
1.931673600000000102e-01
1.933312000000000086e-01
1.934950400000000070e-01
1.936588800000000055e-01
1.938227200000000039e-01
1.939865600000000023e-01
1.941504000000000008e-01
1.943142399999999992e-01
1.944780799999999976e-01
1.946419199999999960e-01
1.948057599999999945e-01
1.949695999999999929e-01
1.951334399999999913e-01
1.952972800000000175e-01
1.954611200000000160e-01
1.956249600000000144e-01
1.957888000000000128e-01
1.959526400000000113e-01
1.961164800000000097e-01
1.962803200000000081e-01
1.964441600000000065e-01
1.966080000000000050e-01
1.967718400000000034e-01
1.969356800000000018e-01
1.970995200000000003e-01
1.972633599999999987e-01
1.974271999999999971e-01
1.975910399999999956e-01
1.977548799999999940e-01
1.979187199999999924e-01
1.980825599999999909e-01
1.982464000000000170e-01
1.984102400000000155e-01
1.985740800000000139e-01
1.987379200000000123e-01
1.989017600000000108e-01
1.990656000000000092e-01
1.992294400000000076e-01
1.993932800000000061e-01
1.995571200000000045e-01
1.997209600000000029e-01
1.998848000000000014e-01
2.000486399999999998e-01
2.002124799999999982e-01
2.003763199999999967e-01
2.005401599999999951e-01
2.007039999999999935e-01
2.008678399999999920e-01
2.010316799999999904e-01
2.011955200000000166e-01
2.013593600000000150e-01
2.015232000000000134e-01
2.016870400000000119e-01
2.018508800000000103e-01
2.020147200000000087e-01
2.021785600000000072e-01
2.023424000000000056e-01
2.025062400000000040e-01
2.026700800000000025e-01
2.028339200000000009e-01
2.029977599999999993e-01
2.031615999999999977e-01
2.033254399999999962e-01
2.034892799999999946e-01
2.036531199999999930e-01
2.038169599999999915e-01
2.039808000000000177e-01
2.041446400000000161e-01
2.043084800000000145e-01
2.044723200000000130e-01
2.046361600000000114e-01
2.048000000000000098e-01
2.049638400000000082e-01
2.051276800000000067e-01
2.052915200000000051e-01
2.054553600000000035e-01
2.056192000000000020e-01
2.057830400000000004e-01
2.059468799999999988e-01
2.061107199999999973e-01
2.062745599999999957e-01
2.064383999999999941e-01
2.066022399999999926e-01
2.067660799999999910e-01
2.069299200000000172e-01
2.070937600000000156e-01
2.072576000000000140e-01
2.074214400000000125e-01
2.075852800000000109e-01
2.077491200000000093e-01
2.079129600000000078e-01
2.080768000000000062e-01
2.082406400000000046e-01
2.084044800000000031e-01
2.085683200000000015e-01
2.087321599999999999e-01
2.088959999999999984e-01
2.090598399999999968e-01
2.092236799999999952e-01
2.093875199999999936e-01
2.095513599999999921e-01
2.097151999999999905e-01
2.098790400000000167e-01
2.100428800000000151e-01
2.102067200000000136e-01
2.103705600000000120e-01
2.105344000000000104e-01
2.106982400000000089e-01
2.108620800000000073e-01
2.110259200000000057e-01
2.111897600000000041e-01
2.113536000000000026e-01
2.115174400000000010e-01
2.116812799999999994e-01
2.118451199999999979e-01
2.120089599999999963e-01
2.121727999999999947e-01
2.123366399999999932e-01
2.125004799999999916e-01
2.126643200000000178e-01
2.128281600000000162e-01
2.129920000000000146e-01
2.131558400000000131e-01
2.133196800000000115e-01
2.134835200000000099e-01
2.136473600000000084e-01
2.138112000000000068e-01
2.139750400000000052e-01
2.141388800000000037e-01
2.143027200000000021e-01
2.144665600000000005e-01
2.146303999999999990e-01
2.147942399999999974e-01
2.149580799999999958e-01
2.151219199999999943e-01
2.152857599999999927e-01
2.154495999999999911e-01
2.156134400000000173e-01
2.157772800000000157e-01
2.159411200000000142e-01
2.161049600000000126e-01
2.162688000000000110e-01
2.164326400000000095e-01
2.165964800000000079e-01
2.167603200000000063e-01
2.169241600000000048e-01
2.170880000000000032e-01
2.172518400000000016e-01
2.174156800000000000e-01
2.175795199999999985e-01
2.177433599999999969e-01
2.179071999999999953e-01
2.180710399999999938e-01
2.182348799999999922e-01
2.183987200000000184e-01
2.185625600000000168e-01
2.187264000000000153e-01
2.188902400000000137e-01
2.190540800000000121e-01
2.192179200000000105e-01
2.193817600000000090e-01
2.195456000000000074e-01
2.197094400000000058e-01
2.198732800000000043e-01
2.200371200000000027e-01
2.202009600000000011e-01
2.203647999999999996e-01
2.205286399999999980e-01
2.206924799999999964e-01
2.208563199999999949e-01
2.210201599999999933e-01
2.211839999999999917e-01
2.213478400000000179e-01
2.215116800000000163e-01
2.216755200000000148e-01
2.218393600000000132e-01
2.220032000000000116e-01
2.221670400000000101e-01
2.223308800000000085e-01
2.224947200000000069e-01
2.226585600000000054e-01
2.228224000000000038e-01
2.229862400000000022e-01
2.231500800000000007e-01
2.233139199999999991e-01
2.234777599999999975e-01
2.236415999999999960e-01
2.238054399999999944e-01
2.239692799999999928e-01
2.241331199999999912e-01
2.242969600000000174e-01
2.244608000000000159e-01
2.246246400000000143e-01
2.247884800000000127e-01
2.249523200000000112e-01
2.251161600000000096e-01
2.252800000000000080e-01
2.254438400000000065e-01
2.256076800000000049e-01
2.257715200000000033e-01
2.259353600000000017e-01
2.260992000000000002e-01
2.262630399999999986e-01
2.264268799999999970e-01
2.265907199999999955e-01
2.267545599999999939e-01
2.269183999999999923e-01
2.270822400000000185e-01
2.272460800000000170e-01
2.274099200000000154e-01
2.275737600000000138e-01
2.277376000000000122e-01
2.279014400000000107e-01
2.280652800000000091e-01
2.282291200000000075e-01
2.283929600000000060e-01
2.285568000000000044e-01
2.287206400000000028e-01
2.288844800000000013e-01
2.290483199999999997e-01
2.292121599999999981e-01
2.293759999999999966e-01
2.295398399999999950e-01
2.297036799999999934e-01
2.298675199999999919e-01
2.300313600000000180e-01
2.301952000000000165e-01
2.303590400000000149e-01
2.305228800000000133e-01
2.306867200000000118e-01
2.308505600000000102e-01
2.310144000000000086e-01
2.311782400000000071e-01
2.313420800000000055e-01
2.315059200000000039e-01
2.316697600000000024e-01
2.318336000000000008e-01
2.319974399999999992e-01
2.321612799999999976e-01
2.323251199999999961e-01
2.324889599999999945e-01
2.326527999999999929e-01
2.328166399999999914e-01
2.329804800000000176e-01
2.331443200000000160e-01
2.333081600000000144e-01
2.334720000000000129e-01
2.336358400000000113e-01
2.337996800000000097e-01
2.339635200000000081e-01
2.341273600000000066e-01
2.342912000000000050e-01
2.344550400000000034e-01
2.346188800000000019e-01
2.347827200000000003e-01
2.349465599999999987e-01
2.351103999999999972e-01
2.352742399999999956e-01
2.354380799999999940e-01
2.356019199999999925e-01
2.357657600000000186e-01
2.359296000000000171e-01
2.360934400000000155e-01
2.362572800000000139e-01
2.364211200000000124e-01
2.365849600000000108e-01
2.367488000000000092e-01
2.369126400000000077e-01
2.370764800000000061e-01
2.372403200000000045e-01
2.374041600000000030e-01
2.375680000000000014e-01
2.377318399999999998e-01
2.378956799999999983e-01
2.380595199999999967e-01
2.382233599999999951e-01
2.383871999999999935e-01
2.385510399999999920e-01
2.387148800000000182e-01
2.388787200000000166e-01
2.390425600000000150e-01
2.392064000000000135e-01
2.393702400000000119e-01
2.395340800000000103e-01
2.396979200000000088e-01
2.398617600000000072e-01
2.400256000000000056e-01
2.401894400000000040e-01
2.403532800000000025e-01
2.405171200000000009e-01
2.406809599999999993e-01
2.408447999999999978e-01
2.410086399999999962e-01
2.411724799999999946e-01
2.413363199999999931e-01
2.415001599999999915e-01
2.416640000000000177e-01
2.418278400000000161e-01
2.419916800000000145e-01
2.421555200000000130e-01
2.423193600000000114e-01
2.424832000000000098e-01
2.426470400000000083e-01
2.428108800000000067e-01
2.429747200000000051e-01
2.431385600000000036e-01
2.433024000000000020e-01
2.434662400000000004e-01
2.436300799999999989e-01
2.437939199999999973e-01
2.439577599999999957e-01
2.441215999999999942e-01
2.442854399999999926e-01
2.444492800000000188e-01
2.446131200000000172e-01
2.447769600000000156e-01
2.449408000000000141e-01
2.451046400000000125e-01
2.452684800000000109e-01
2.454323200000000094e-01
2.455961600000000078e-01
2.457600000000000062e-01
2.459238400000000047e-01
2.460876800000000031e-01
2.462515200000000015e-01
2.464153600000000000e-01
2.465791999999999984e-01
2.467430399999999968e-01
2.469068799999999952e-01
2.470707199999999937e-01
2.472345599999999921e-01
2.473984000000000183e-01
2.475622400000000167e-01
2.477260800000000152e-01
2.478899200000000136e-01
2.480537600000000120e-01
2.482176000000000105e-01
2.483814400000000089e-01
2.485452800000000073e-01
2.487091200000000057e-01
2.488729600000000042e-01
2.490368000000000026e-01
2.492006400000000010e-01
2.493644799999999995e-01
2.495283199999999979e-01
2.496921599999999963e-01
2.498559999999999948e-01
2.500198399999999932e-01
2.501836800000000194e-01
2.503475199999999901e-01
2.505113600000000162e-01
2.506751999999999869e-01
2.508390400000000131e-01
2.510028799999999838e-01
2.511667200000000100e-01
2.513305599999999806e-01
2.514944000000000068e-01
2.516582400000000330e-01
2.518220800000000037e-01
2.519859200000000299e-01
2.521497600000000006e-01
2.523136000000000267e-01
2.524774399999999974e-01
2.526412800000000236e-01
2.528051199999999943e-01
2.529689600000000205e-01
2.531327999999999911e-01
2.532966400000000173e-01
2.534604799999999880e-01
2.536243200000000142e-01
2.537881599999999849e-01
2.539520000000000111e-01
2.541158399999999817e-01
2.542796800000000079e-01
2.544435199999999786e-01
2.546073600000000048e-01
2.547712000000000310e-01
2.549350400000000016e-01
2.550988800000000278e-01
2.552627199999999985e-01
2.554265600000000247e-01
2.555903999999999954e-01
2.557542400000000216e-01
2.559180799999999922e-01
2.560819200000000184e-01
2.562457599999999891e-01
2.564096000000000153e-01
2.565734399999999860e-01
2.567372800000000121e-01
2.569011199999999828e-01
2.570649600000000090e-01
2.572287999999999797e-01
2.573926400000000059e-01
2.575564800000000321e-01
2.577203200000000027e-01
2.578841600000000289e-01
2.580479999999999996e-01
2.582118400000000258e-01
2.583756799999999965e-01
2.585395200000000226e-01
2.587033599999999933e-01
2.588672000000000195e-01
2.590310399999999902e-01
2.591948800000000164e-01
2.593587199999999870e-01
2.595225600000000132e-01
2.596863999999999839e-01
2.598502400000000101e-01
2.600140799999999808e-01
2.601779200000000070e-01
2.603417600000000331e-01
2.605056000000000038e-01
2.606694400000000300e-01
2.608332800000000007e-01
2.609971200000000269e-01
2.611609599999999975e-01
2.613248000000000237e-01
2.614886399999999944e-01
2.616524800000000206e-01
2.618163199999999913e-01
2.619801600000000175e-01
2.621439999999999881e-01
2.623078400000000143e-01
2.624716799999999850e-01
2.626355200000000112e-01
2.627993599999999819e-01
2.629632000000000080e-01
2.631270399999999787e-01
2.632908800000000049e-01
2.634547200000000311e-01
2.636185600000000018e-01
2.637824000000000280e-01
2.639462399999999986e-01
2.641100800000000248e-01
2.642739199999999955e-01
2.644377600000000217e-01
2.646015999999999924e-01
2.647654400000000185e-01
2.649292799999999892e-01
2.650931200000000154e-01
2.652569599999999861e-01
2.654208000000000123e-01
2.655846399999999830e-01
2.657484800000000091e-01
2.659123199999999798e-01
2.660761600000000060e-01
2.662400000000000322e-01
2.664038400000000029e-01
2.665676800000000291e-01
2.667315199999999997e-01
2.668953600000000259e-01
2.670591999999999966e-01
2.672230400000000228e-01
2.673868799999999935e-01
2.675507200000000196e-01
2.677145599999999903e-01
2.678784000000000165e-01
2.680422399999999872e-01
2.682060800000000134e-01
2.683699199999999840e-01
2.685337600000000102e-01
2.686975999999999809e-01
2.688614400000000071e-01
2.690252800000000333e-01
2.691891200000000040e-01
2.693529600000000301e-01
2.695168000000000008e-01
2.696806400000000270e-01
2.698444799999999977e-01
2.700083200000000239e-01
2.701721599999999945e-01
2.703360000000000207e-01
2.704998399999999914e-01
2.706636800000000176e-01
2.708275199999999883e-01
2.709913600000000145e-01
2.711551999999999851e-01
2.713190400000000113e-01
2.714828799999999820e-01
2.716467200000000082e-01
2.718105599999999789e-01
2.719744000000000050e-01
2.721382400000000312e-01
2.723020800000000019e-01
2.724659200000000281e-01
2.726297599999999988e-01
2.727936000000000250e-01
2.729574399999999956e-01
2.731212800000000218e-01
2.732851199999999925e-01
2.734489600000000187e-01
2.736127999999999894e-01
2.737766400000000155e-01
2.739404799999999862e-01
2.741043200000000124e-01
2.742681599999999831e-01
2.744320000000000093e-01
2.745958399999999799e-01
2.747596800000000061e-01
2.749235200000000323e-01
2.750873600000000030e-01
2.752512000000000292e-01
2.754150399999999999e-01
2.755788800000000260e-01
2.757427199999999967e-01
2.759065600000000229e-01
2.760703999999999936e-01
2.762342400000000198e-01
2.763980799999999904e-01
2.765619200000000166e-01
2.767257599999999873e-01
2.768896000000000135e-01
2.770534399999999842e-01
2.772172800000000104e-01
2.773811199999999810e-01
2.775449600000000072e-01
2.777088000000000334e-01
2.778726400000000041e-01
2.780364800000000303e-01
2.782003200000000009e-01
2.783641600000000271e-01
2.785279999999999978e-01
2.786918400000000240e-01
2.788556799999999947e-01
2.790195200000000209e-01
2.791833599999999915e-01
2.793472000000000177e-01
2.795110399999999884e-01
2.796748800000000146e-01
2.798387199999999853e-01
2.800025600000000114e-01
2.801663999999999821e-01
2.803302400000000083e-01
2.804940799999999790e-01
2.806579200000000052e-01
2.808217600000000314e-01
2.809856000000000020e-01
2.811494400000000282e-01
2.813132799999999989e-01
2.814771200000000251e-01
2.816409599999999958e-01
2.818048000000000219e-01
2.819686399999999926e-01
2.821324800000000188e-01
2.822963199999999895e-01
2.824601600000000157e-01
2.826239999999999863e-01
2.827878400000000125e-01
2.829516799999999832e-01
2.831155200000000094e-01
2.832793599999999801e-01
2.834432000000000063e-01
2.836070400000000324e-01
2.837708800000000031e-01
2.839347200000000293e-01
2.840985600000000000e-01
2.842624000000000262e-01
2.844262399999999968e-01
2.845900800000000230e-01
2.847539199999999937e-01
2.849177600000000199e-01
2.850815999999999906e-01
2.852454400000000168e-01
2.854092799999999874e-01
2.855731200000000136e-01
2.857369599999999843e-01
2.859008000000000105e-01
2.860646399999999812e-01
2.862284800000000073e-01
2.863923200000000335e-01
2.865561600000000042e-01
2.867200000000000304e-01
2.868838400000000011e-01
2.870476800000000273e-01
2.872115199999999979e-01
2.873753600000000241e-01
2.875391999999999948e-01
2.877030400000000210e-01
2.878668799999999917e-01
2.880307200000000178e-01
2.881945599999999885e-01
2.883584000000000147e-01
2.885222399999999854e-01
2.886860800000000116e-01
2.888499199999999822e-01
2.890137600000000084e-01
2.891775999999999791e-01
2.893414400000000053e-01
2.895052800000000315e-01
2.896691200000000022e-01
2.898329600000000283e-01
2.899967999999999990e-01
2.901606400000000252e-01
2.903244799999999959e-01
2.904883200000000221e-01
2.906521599999999927e-01
2.908160000000000189e-01
2.909798399999999896e-01
2.911436800000000158e-01
2.913075199999999865e-01
2.914713600000000127e-01
2.916351999999999833e-01
2.917990400000000095e-01
2.919628799999999802e-01
2.921267200000000064e-01
2.922905600000000326e-01
2.924544000000000032e-01
2.926182400000000294e-01
2.927820800000000001e-01
2.929459200000000263e-01
2.931097599999999970e-01
2.932736000000000232e-01
2.934374399999999938e-01
2.936012800000000200e-01
2.937651199999999907e-01
2.939289600000000169e-01
2.940927999999999876e-01
2.942566400000000137e-01
2.944204799999999844e-01
2.945843200000000106e-01
2.947481599999999813e-01
2.949120000000000075e-01
2.950758400000000337e-01
2.952396800000000043e-01
2.954035200000000305e-01
2.955673600000000012e-01
2.957312000000000274e-01
2.958950399999999981e-01
2.960588800000000242e-01
2.962227199999999949e-01
2.963865600000000211e-01
2.965503999999999918e-01
2.967142400000000180e-01
2.968780799999999886e-01
2.970419200000000148e-01
2.972057599999999855e-01
2.973696000000000117e-01
2.975334399999999824e-01
2.976972800000000086e-01
2.978611199999999792e-01
2.980249600000000054e-01
2.981888000000000316e-01
2.983526400000000023e-01
2.985164800000000285e-01
2.986803199999999991e-01
2.988441600000000253e-01
2.990079999999999960e-01
2.991718400000000222e-01
2.993356799999999929e-01
2.994995200000000191e-01
2.996633599999999897e-01
2.998272000000000159e-01
2.999910399999999866e-01
3.001548800000000128e-01
3.003187199999999835e-01
3.004825600000000096e-01
3.006463999999999803e-01
3.008102400000000065e-01
3.009740800000000327e-01
3.011379200000000034e-01
3.013017600000000296e-01
3.014656000000000002e-01
3.016294400000000264e-01
3.017932799999999971e-01
3.019571200000000233e-01
3.021209599999999940e-01
3.022848000000000201e-01
3.024486399999999908e-01
3.026124800000000170e-01
3.027763199999999877e-01
3.029401600000000139e-01
3.031039999999999845e-01
3.032678400000000107e-01
3.034316799999999814e-01
3.035955200000000076e-01
3.037593600000000338e-01
3.039232000000000045e-01
3.040870400000000306e-01
3.042508800000000013e-01
3.044147200000000275e-01
3.045785599999999982e-01
3.047424000000000244e-01
3.049062399999999950e-01
3.050700800000000212e-01
3.052339199999999919e-01
3.053977600000000181e-01
3.055615999999999888e-01
3.057254400000000150e-01
3.058892799999999856e-01
3.060531200000000118e-01
3.062169599999999825e-01
3.063808000000000087e-01
3.065446399999999794e-01
3.067084800000000055e-01
3.068723200000000317e-01
3.070361600000000024e-01
3.072000000000000286e-01
3.073638399999999993e-01
3.075276800000000255e-01
3.076915199999999961e-01
3.078553600000000223e-01
3.080191999999999930e-01
3.081830400000000192e-01
3.083468799999999899e-01
3.085107200000000161e-01
3.086745599999999867e-01
3.088384000000000129e-01
3.090022399999999836e-01
3.091660800000000098e-01
3.093299199999999805e-01
3.094937600000000066e-01
3.096576000000000328e-01
3.098214400000000035e-01
3.099852800000000297e-01
3.101491200000000004e-01
3.103129600000000266e-01
3.104767999999999972e-01
3.106406400000000234e-01
3.108044799999999941e-01
3.109683200000000203e-01
3.111321599999999910e-01
3.112960000000000171e-01
3.114598399999999878e-01
3.116236800000000140e-01
3.117875199999999847e-01
3.119513600000000109e-01
3.121151999999999815e-01
3.122790400000000077e-01
3.124428800000000339e-01
3.126067200000000046e-01
3.127705600000000308e-01
3.129344000000000015e-01
3.130982400000000276e-01
3.132620799999999983e-01
3.134259200000000245e-01
3.135897599999999952e-01
3.137536000000000214e-01
3.139174399999999920e-01
3.140812800000000182e-01
3.142451199999999889e-01
3.144089600000000151e-01
3.145727999999999858e-01
3.147366400000000120e-01
3.149004799999999826e-01
3.150643200000000088e-01
3.152281599999999795e-01
3.153920000000000057e-01
3.155558400000000319e-01
3.157196800000000025e-01
3.158835200000000287e-01
3.160473599999999994e-01
3.162112000000000256e-01
3.163750399999999963e-01
3.165388800000000225e-01
3.167027199999999931e-01
3.168665600000000193e-01
3.170303999999999900e-01
3.171942400000000162e-01
3.173580799999999869e-01
3.175219200000000130e-01
3.176857599999999837e-01
3.178496000000000099e-01
3.180134399999999806e-01
3.181772800000000068e-01
3.183411200000000330e-01
3.185049600000000036e-01
3.186688000000000298e-01
3.188326400000000005e-01
3.189964800000000267e-01
3.191603199999999974e-01
3.193241600000000235e-01
3.194879999999999942e-01
3.196518400000000204e-01
3.198156799999999911e-01
3.199795200000000173e-01
3.201433599999999879e-01
3.203072000000000141e-01
3.204710399999999848e-01
3.206348800000000110e-01
3.207987199999999817e-01
3.209625600000000079e-01
3.211264000000000340e-01
3.212902400000000047e-01
3.214540800000000309e-01
3.216179200000000016e-01
3.217817600000000278e-01
3.219455999999999984e-01
3.221094400000000246e-01
3.222732799999999953e-01
3.224371200000000215e-01
3.226009599999999922e-01
3.227648000000000184e-01
3.229286399999999890e-01
3.230924800000000152e-01
3.232563199999999859e-01
3.234201600000000121e-01
3.235839999999999828e-01
3.237478400000000089e-01
3.239116799999999796e-01
3.240755200000000058e-01
3.242393600000000320e-01
3.244032000000000027e-01
3.245670400000000289e-01
3.247308799999999995e-01
3.248947200000000257e-01
3.250585599999999964e-01
3.252224000000000226e-01
3.253862399999999933e-01
3.255500800000000194e-01
3.257139199999999901e-01
3.258777600000000163e-01
3.260415999999999870e-01
3.262054400000000132e-01
3.263692799999999838e-01
3.265331200000000100e-01
3.266969599999999807e-01
3.268608000000000069e-01
3.270246400000000331e-01
3.271884800000000038e-01
3.273523200000000299e-01
3.275161600000000006e-01
3.276800000000000268e-01
3.278438399999999975e-01
3.280076800000000237e-01
3.281715199999999943e-01
3.283353600000000205e-01
3.284991999999999912e-01
3.286630400000000174e-01
3.288268799999999881e-01
3.289907200000000143e-01
3.291545599999999849e-01
3.293184000000000111e-01
3.294822399999999818e-01
3.296460800000000080e-01
3.298099200000000342e-01
3.299737600000000048e-01
3.301376000000000310e-01
3.303014400000000017e-01
3.304652800000000279e-01
3.306291199999999986e-01
3.307929600000000248e-01
3.309567999999999954e-01
3.311206400000000216e-01
3.312844799999999923e-01
3.314483200000000185e-01
3.316121599999999892e-01
3.317760000000000153e-01
3.319398399999999860e-01
3.321036800000000122e-01
3.322675199999999829e-01
3.324313600000000091e-01
3.325951999999999797e-01
3.327590400000000059e-01
3.329228800000000321e-01
3.330867200000000028e-01
3.332505600000000290e-01
3.334143999999999997e-01
3.335782400000000258e-01
3.337420799999999965e-01
3.339059200000000227e-01
3.340697599999999934e-01
3.342336000000000196e-01
3.343974399999999902e-01
3.345612800000000164e-01
3.347251199999999871e-01
3.348889600000000133e-01
3.350527999999999840e-01
3.352166400000000102e-01
3.353804799999999808e-01
3.355443200000000070e-01
3.357081600000000332e-01
3.358720000000000039e-01
3.360358400000000301e-01
3.361996800000000007e-01
3.363635200000000269e-01
3.365273599999999976e-01
3.366912000000000238e-01
3.368550399999999945e-01
3.370188800000000207e-01
3.371827199999999913e-01
3.373465600000000175e-01
3.375103999999999882e-01
3.376742400000000144e-01
3.378380799999999851e-01
3.380019200000000112e-01
3.381657599999999819e-01
3.383296000000000081e-01
3.384934400000000343e-01
3.386572800000000050e-01
3.388211200000000312e-01
3.389849600000000018e-01
3.391488000000000280e-01
3.393126399999999987e-01
3.394764800000000249e-01
3.396403199999999956e-01
3.398041600000000217e-01
3.399679999999999924e-01
3.401318400000000186e-01
3.402956799999999893e-01
3.404595200000000155e-01
3.406233599999999861e-01
3.407872000000000123e-01
3.409510399999999830e-01
3.411148800000000092e-01
3.412787199999999799e-01
3.414425600000000061e-01
3.416064000000000322e-01
3.417702400000000029e-01
3.419340800000000291e-01
3.420979199999999998e-01
3.422617600000000260e-01
3.424255999999999966e-01
3.425894400000000228e-01
3.427532799999999935e-01
3.429171200000000197e-01
3.430809599999999904e-01
3.432448000000000166e-01
3.434086399999999872e-01
3.435724800000000134e-01
3.437363199999999841e-01
3.439001600000000103e-01
3.440639999999999810e-01
3.442278400000000071e-01
3.443916800000000333e-01
3.445555200000000040e-01
3.447193600000000302e-01
3.448832000000000009e-01
3.450470400000000271e-01
3.452108799999999977e-01
3.453747200000000239e-01
3.455385599999999946e-01
3.457024000000000208e-01
3.458662399999999915e-01
3.460300800000000176e-01
3.461939199999999883e-01
3.463577600000000145e-01
3.465215999999999852e-01
3.466854400000000114e-01
3.468492799999999820e-01
3.470131200000000082e-01
3.471769600000000344e-01
3.473408000000000051e-01
3.475046400000000313e-01
3.476684800000000020e-01
3.478323200000000281e-01
3.479961599999999988e-01
3.481600000000000250e-01
3.483238399999999957e-01
3.484876800000000219e-01
3.486515199999999925e-01
3.488153600000000187e-01
3.489791999999999894e-01
3.491430400000000156e-01
3.493068799999999863e-01
3.494707200000000125e-01
3.496345599999999831e-01
3.497984000000000093e-01
3.499622399999999800e-01
3.501260800000000062e-01
3.502899200000000324e-01
3.504537600000000030e-01
3.506176000000000292e-01
3.507814399999999999e-01
3.509452800000000261e-01
3.511091199999999968e-01
3.512729600000000230e-01
3.514367999999999936e-01
3.516006400000000198e-01
3.517644799999999905e-01
3.519283200000000167e-01
3.520921599999999874e-01
3.522560000000000136e-01
3.524198399999999842e-01
3.525836800000000104e-01
3.527475199999999811e-01
3.529113600000000073e-01
3.530752000000000335e-01
3.532390400000000041e-01
3.534028800000000303e-01
3.535667200000000010e-01
3.537305600000000272e-01
3.538943999999999979e-01
3.540582400000000241e-01
3.542220799999999947e-01
3.543859200000000209e-01
3.545497599999999916e-01
3.547136000000000178e-01
3.548774399999999885e-01
3.550412800000000146e-01
3.552051199999999853e-01
3.553689600000000115e-01
3.555327999999999822e-01
3.556966400000000084e-01
3.558604800000000346e-01
3.560243200000000052e-01
3.561881600000000314e-01
3.563520000000000021e-01
3.565158400000000283e-01
3.566796799999999990e-01
3.568435200000000251e-01
3.570073599999999958e-01
3.571712000000000220e-01
3.573350399999999927e-01
3.574988800000000189e-01
3.576627199999999895e-01
3.578265600000000157e-01
3.579903999999999864e-01
3.581542400000000126e-01
3.583180799999999833e-01
3.584819200000000095e-01
3.586457599999999801e-01
3.588096000000000063e-01
3.589734400000000325e-01
3.591372800000000032e-01
3.593011200000000294e-01
3.594649600000000000e-01
3.596288000000000262e-01
3.597926399999999969e-01
3.599564800000000231e-01
3.601203199999999938e-01
3.602841600000000200e-01
3.604479999999999906e-01
3.606118400000000168e-01
3.607756799999999875e-01
3.609395200000000137e-01
3.611033599999999844e-01
3.612672000000000105e-01
3.614310399999999812e-01
3.615948800000000074e-01
3.617587200000000336e-01
3.619225600000000043e-01
3.620864000000000305e-01
3.622502400000000011e-01
3.624140800000000273e-01
3.625779199999999980e-01
3.627417600000000242e-01
3.629055999999999949e-01
3.630694400000000210e-01
3.632332799999999917e-01
3.633971200000000179e-01
3.635609599999999886e-01
3.637248000000000148e-01
3.638886399999999854e-01
3.640524800000000116e-01
3.642163199999999823e-01
3.643801600000000085e-01
3.645440000000000347e-01
3.647078400000000054e-01
3.648716800000000315e-01
3.650355200000000022e-01
3.651993600000000284e-01
3.653631999999999991e-01
3.655270400000000253e-01
3.656908799999999959e-01
3.658547200000000221e-01
3.660185599999999928e-01
3.661824000000000190e-01
3.663462399999999897e-01
3.665100800000000159e-01
3.666739199999999865e-01
3.668377600000000127e-01
3.670015999999999834e-01
3.671654400000000096e-01
3.673292799999999803e-01
3.674931200000000064e-01
3.676569600000000326e-01
3.678208000000000033e-01
3.679846400000000295e-01
3.681484800000000002e-01
3.683123200000000264e-01
3.684761599999999970e-01
3.686400000000000232e-01
3.688038399999999939e-01
3.689676800000000201e-01
3.691315199999999908e-01
3.692953600000000169e-01
3.694591999999999876e-01
3.696230400000000138e-01
3.697868799999999845e-01
3.699507200000000107e-01
3.701145599999999813e-01
3.702784000000000075e-01
3.704422400000000337e-01
3.706060800000000044e-01
3.707699200000000306e-01
3.709337600000000013e-01
3.710976000000000274e-01
3.712614399999999981e-01
3.714252800000000243e-01
3.715891199999999950e-01
3.717529600000000212e-01
3.719167999999999918e-01
3.720806400000000180e-01
3.722444799999999887e-01
3.724083200000000149e-01
3.725721599999999856e-01
3.727360000000000118e-01
3.728998399999999824e-01
3.730636800000000086e-01
3.732275200000000348e-01
3.733913600000000055e-01
3.735552000000000317e-01
3.737190400000000023e-01
3.738828800000000285e-01
3.740467199999999992e-01
3.742105600000000254e-01
3.743743999999999961e-01
3.745382400000000223e-01
3.747020799999999929e-01
3.748659200000000191e-01
3.750297599999999898e-01
3.751936000000000160e-01
3.753574399999999867e-01
3.755212800000000128e-01
3.756851199999999835e-01
3.758489600000000097e-01
3.760127999999999804e-01
3.761766400000000066e-01
3.763404800000000328e-01
3.765043200000000034e-01
3.766681600000000296e-01
3.768320000000000003e-01
3.769958400000000265e-01
3.771596799999999972e-01
3.773235200000000233e-01
3.774873599999999940e-01
3.776512000000000202e-01
3.778150399999999909e-01
3.779788800000000171e-01
3.781427199999999877e-01
3.783065600000000139e-01
3.784703999999999846e-01
3.786342400000000108e-01
3.787980799999999815e-01
3.789619200000000077e-01
3.791257600000000338e-01
3.792896000000000045e-01
3.794534400000000307e-01
3.796172800000000014e-01
3.797811200000000276e-01
3.799449599999999982e-01
3.801088000000000244e-01
3.802726399999999951e-01
3.804364800000000213e-01
3.806003199999999920e-01
3.807641600000000182e-01
3.809279999999999888e-01
3.810918400000000150e-01
3.812556799999999857e-01
3.814195200000000119e-01
3.815833599999999826e-01
3.817472000000000087e-01
3.819110400000000349e-01
3.820748800000000056e-01
3.822387200000000318e-01
3.824025600000000025e-01
3.825664000000000287e-01
3.827302399999999993e-01
3.828940800000000255e-01
3.830579199999999962e-01
3.832217600000000224e-01
3.833855999999999931e-01
3.835494400000000192e-01
3.837132799999999899e-01
3.838771200000000161e-01
3.840409599999999868e-01
3.842048000000000130e-01
3.843686399999999836e-01
3.845324800000000098e-01
3.846963199999999805e-01
3.848601600000000067e-01
3.850240000000000329e-01
3.851878400000000036e-01
3.853516800000000297e-01
3.855155200000000004e-01
3.856793600000000266e-01
3.858431999999999973e-01
3.860070400000000235e-01
3.861708799999999941e-01
3.863347200000000203e-01
3.864985599999999910e-01
3.866624000000000172e-01
3.868262399999999879e-01
3.869900800000000141e-01
3.871539199999999847e-01
3.873177600000000109e-01
3.874815999999999816e-01
3.876454400000000078e-01
3.878092800000000340e-01
3.879731200000000046e-01
3.881369600000000308e-01
3.883008000000000015e-01
3.884646400000000277e-01
3.886284799999999984e-01
3.887923200000000246e-01
3.889561599999999952e-01
3.891200000000000214e-01
3.892838399999999921e-01
3.894476800000000183e-01
3.896115199999999890e-01
3.897753600000000151e-01
3.899391999999999858e-01
3.901030400000000120e-01
3.902668799999999827e-01
3.904307200000000089e-01
3.905945600000000351e-01
3.907584000000000057e-01
3.909222400000000319e-01
3.910860800000000026e-01
3.912499200000000288e-01
3.914137599999999995e-01
3.915776000000000256e-01
3.917414399999999963e-01
3.919052800000000225e-01
3.920691199999999932e-01
3.922329600000000194e-01
3.923967999999999900e-01
3.925606400000000162e-01
3.927244799999999869e-01
3.928883200000000131e-01
3.930521599999999838e-01
3.932160000000000100e-01
3.933798399999999806e-01
3.935436800000000068e-01
3.937075200000000330e-01
3.938713600000000037e-01
3.940352000000000299e-01
3.941990400000000005e-01
3.943628800000000267e-01
3.945267199999999974e-01
3.946905600000000236e-01
3.948543999999999943e-01
3.950182400000000205e-01
3.951820799999999911e-01
3.953459200000000173e-01
3.955097599999999880e-01
3.956736000000000142e-01
3.958374399999999849e-01
3.960012800000000111e-01
3.961651199999999817e-01
3.963289600000000079e-01
3.964928000000000341e-01
3.966566400000000048e-01
3.968204800000000310e-01
3.969843200000000016e-01
3.971481600000000278e-01
3.973119999999999985e-01
3.974758400000000247e-01
3.976396799999999954e-01
3.978035200000000216e-01
3.979673599999999922e-01
3.981312000000000184e-01
3.982950399999999891e-01
3.984588800000000153e-01
3.986227199999999860e-01
3.987865600000000121e-01
3.989503999999999828e-01
3.991142400000000090e-01
3.992780800000000352e-01
3.994419200000000059e-01
3.996057600000000321e-01
3.997696000000000027e-01
3.999334400000000289e-01
4.000972799999999996e-01
4.002611200000000258e-01
4.004249599999999965e-01
4.005888000000000226e-01
4.007526399999999933e-01
4.009164800000000195e-01
4.010803199999999902e-01
4.012441600000000164e-01
4.014079999999999870e-01
4.015718400000000132e-01
4.017356799999999839e-01
4.018995200000000101e-01
4.020633599999999808e-01
4.022272000000000070e-01
4.023910400000000331e-01
4.025548800000000038e-01
4.027187200000000300e-01
4.028825600000000007e-01
4.030464000000000269e-01
4.032102399999999975e-01
4.033740800000000237e-01
4.035379199999999944e-01
4.037017600000000206e-01
4.038655999999999913e-01
4.040294400000000175e-01
4.041932799999999881e-01
4.043571200000000143e-01
4.045209599999999850e-01
4.046848000000000112e-01
4.048486399999999819e-01
4.050124800000000080e-01
4.051763200000000342e-01
4.053401600000000049e-01
4.055040000000000311e-01
4.056678400000000018e-01
4.058316800000000280e-01
4.059955199999999986e-01
4.061593600000000248e-01
4.063231999999999955e-01
4.064870400000000217e-01
4.066508799999999924e-01
4.068147200000000185e-01
4.069785599999999892e-01
4.071424000000000154e-01
4.073062399999999861e-01
4.074700800000000123e-01
4.076339199999999829e-01
4.077977600000000091e-01
4.079616000000000353e-01
4.081254400000000060e-01
4.082892800000000322e-01
4.084531200000000029e-01
4.086169600000000290e-01
4.087807999999999997e-01
4.089446400000000259e-01
4.091084799999999966e-01
4.092723200000000228e-01
4.094361599999999934e-01
4.096000000000000196e-01
4.097638399999999903e-01
4.099276800000000165e-01
4.100915199999999872e-01
4.102553600000000134e-01
4.104191999999999840e-01
4.105830400000000102e-01
4.107468799999999809e-01
4.109107200000000071e-01
4.110745600000000333e-01
4.112384000000000039e-01
4.114022400000000301e-01
4.115660800000000008e-01
4.117299200000000270e-01
4.118937599999999977e-01
4.120576000000000239e-01
4.122214399999999945e-01
4.123852800000000207e-01
4.125491199999999914e-01
4.127129600000000176e-01
4.128767999999999883e-01
4.130406400000000144e-01
4.132044799999999851e-01
4.133683200000000113e-01
4.135321599999999820e-01
4.136960000000000082e-01
4.138598400000000344e-01
4.140236800000000050e-01
4.141875200000000312e-01
4.143513600000000019e-01
4.145152000000000281e-01
4.146790399999999988e-01
4.148428800000000249e-01
4.150067199999999956e-01
4.151705600000000218e-01
4.153343999999999925e-01
4.154982400000000187e-01
4.156620799999999893e-01
4.158259200000000155e-01
4.159897599999999862e-01
4.161536000000000124e-01
4.163174399999999831e-01
4.164812800000000093e-01
4.166451200000000354e-01
4.168089600000000061e-01
4.169728000000000323e-01
4.171366400000000030e-01
4.173004800000000292e-01
4.174643199999999998e-01
4.176281600000000260e-01
4.177919999999999967e-01
4.179558400000000229e-01
4.181196799999999936e-01
4.182835200000000198e-01
4.184473599999999904e-01
4.186112000000000166e-01
4.187750399999999873e-01
4.189388800000000135e-01
4.191027199999999842e-01
4.192665600000000103e-01
4.194303999999999810e-01
4.195942400000000072e-01
4.197580800000000334e-01
4.199219200000000041e-01
4.200857600000000303e-01
4.202496000000000009e-01
4.204134400000000271e-01
4.205772799999999978e-01
4.207411200000000240e-01
4.209049599999999947e-01
4.210688000000000208e-01
4.212326399999999915e-01
4.213964800000000177e-01
4.215603199999999884e-01
4.217241600000000146e-01
4.218879999999999852e-01
4.220518400000000114e-01
4.222156799999999821e-01
4.223795200000000083e-01
4.225433600000000345e-01
4.227072000000000052e-01
4.228710400000000313e-01
4.230348800000000020e-01
4.231987200000000282e-01
4.233625599999999989e-01
4.235264000000000251e-01
4.236902399999999957e-01
4.238540800000000219e-01
4.240179199999999926e-01
4.241817600000000188e-01
4.243455999999999895e-01
4.245094400000000157e-01
4.246732799999999863e-01
4.248371200000000125e-01
4.250009599999999832e-01
4.251648000000000094e-01
4.253286400000000356e-01
4.254924800000000062e-01
4.256563200000000324e-01
4.258201600000000031e-01
4.259840000000000293e-01
4.261478400000000000e-01
4.263116800000000262e-01
4.264755199999999968e-01
4.266393600000000230e-01
4.268031999999999937e-01
4.269670400000000199e-01
4.271308799999999906e-01
4.272947200000000167e-01
4.274585599999999874e-01
4.276224000000000136e-01
4.277862399999999843e-01
4.279500800000000105e-01
4.281139200000000367e-01
4.282777600000000073e-01
4.284416000000000335e-01
4.286054400000000042e-01
4.287692800000000304e-01
4.289331200000000011e-01
4.290969600000000272e-01
4.292607999999999979e-01
4.294246400000000241e-01
4.295884799999999948e-01
4.297523200000000210e-01
4.299161599999999916e-01
4.300800000000000178e-01
4.302438399999999885e-01
4.304076800000000147e-01
4.305715199999999854e-01
4.307353600000000116e-01
4.308991999999999822e-01
4.310630400000000084e-01
4.312268800000000346e-01
4.313907200000000053e-01
4.315545600000000315e-01
4.317184000000000021e-01
4.318822400000000283e-01
4.320460799999999990e-01
4.322099200000000252e-01
4.323737599999999959e-01
4.325376000000000221e-01
4.327014399999999927e-01
4.328652800000000189e-01
4.330291199999999896e-01
4.331929600000000158e-01
4.333567999999999865e-01
4.335206400000000126e-01
4.336844799999999833e-01
4.338483200000000095e-01
4.340121600000000357e-01
4.341760000000000064e-01
4.343398400000000326e-01
4.345036800000000032e-01
4.346675200000000294e-01
4.348313600000000001e-01
4.349952000000000263e-01
4.351590399999999970e-01
4.353228800000000231e-01
4.354867199999999938e-01
4.356505600000000200e-01
4.358143999999999907e-01
4.359782400000000169e-01
4.361420799999999875e-01
4.363059200000000137e-01
4.364697599999999844e-01
4.366336000000000106e-01
4.367974400000000368e-01
4.369612800000000075e-01
4.371251200000000336e-01
4.372889600000000043e-01
4.374528000000000305e-01
4.376166400000000012e-01
4.377804800000000274e-01
4.379443199999999980e-01
4.381081600000000242e-01
4.382719999999999949e-01
4.384358400000000211e-01
4.385996799999999918e-01
4.387635200000000180e-01
4.389273599999999886e-01
4.390912000000000148e-01
4.392550399999999855e-01
4.394188800000000117e-01
4.395827199999999824e-01
4.397465600000000086e-01
4.399104000000000347e-01
4.400742400000000054e-01
4.402380800000000316e-01
4.404019200000000023e-01
4.405657600000000285e-01
4.407295999999999991e-01
4.408934400000000253e-01
4.410572799999999960e-01
4.412211200000000222e-01
4.413849599999999929e-01
4.415488000000000191e-01
4.417126399999999897e-01
4.418764800000000159e-01
4.420403199999999866e-01
4.422041600000000128e-01
4.423679999999999835e-01
4.425318400000000096e-01
4.426956800000000358e-01
4.428595200000000065e-01
4.430233600000000327e-01
4.431872000000000034e-01
4.433510400000000296e-01
4.435148800000000002e-01
4.436787200000000264e-01
4.438425599999999971e-01
4.440064000000000233e-01
4.441702399999999940e-01
4.443340800000000201e-01
4.444979199999999908e-01
4.446617600000000170e-01
4.448255999999999877e-01
4.449894400000000139e-01
4.451532799999999845e-01
4.453171200000000107e-01
4.454809600000000369e-01
4.456448000000000076e-01
4.458086400000000338e-01
4.459724800000000045e-01
4.461363200000000306e-01
4.463001600000000013e-01
4.464640000000000275e-01
4.466278399999999982e-01
4.467916800000000244e-01
4.469555199999999950e-01
4.471193600000000212e-01
4.472831999999999919e-01
4.474470400000000181e-01
4.476108799999999888e-01
4.477747200000000150e-01
4.479385599999999856e-01
4.481024000000000118e-01
4.482662399999999825e-01
4.484300800000000087e-01
4.485939200000000349e-01
4.487577600000000055e-01
4.489216000000000317e-01
4.490854400000000024e-01
4.492492800000000286e-01
4.494131199999999993e-01
4.495769600000000255e-01
4.497407999999999961e-01
4.499046400000000223e-01
4.500684799999999930e-01
4.502323200000000192e-01
4.503961599999999899e-01
4.505600000000000160e-01
4.507238399999999867e-01
4.508876800000000129e-01
4.510515199999999836e-01
4.512153600000000098e-01
4.513792000000000360e-01
4.515430400000000066e-01
4.517068800000000328e-01
4.518707200000000035e-01
4.520345600000000297e-01
4.521984000000000004e-01
4.523622400000000265e-01
4.525260799999999972e-01
4.526899200000000234e-01
4.528537599999999941e-01
4.530176000000000203e-01
4.531814399999999909e-01
4.533452800000000171e-01
4.535091199999999878e-01
4.536729600000000140e-01
4.538367999999999847e-01
4.540006400000000109e-01
4.541644800000000370e-01
4.543283200000000077e-01
4.544921600000000339e-01
4.546560000000000046e-01
4.548198400000000308e-01
4.549836800000000014e-01
4.551475200000000276e-01
4.553113599999999983e-01
4.554752000000000245e-01
4.556390399999999952e-01
4.558028800000000214e-01
4.559667199999999920e-01
4.561305600000000182e-01
4.562943999999999889e-01
4.564582400000000151e-01
4.566220799999999858e-01
4.567859200000000119e-01
4.569497599999999826e-01
4.571136000000000088e-01
4.572774400000000350e-01
4.574412800000000057e-01
4.576051200000000319e-01
4.577689600000000025e-01
4.579328000000000287e-01
4.580966399999999994e-01
4.582604800000000256e-01
4.584243199999999963e-01
4.585881600000000224e-01
4.587519999999999931e-01
4.589158400000000193e-01
4.590796799999999900e-01
4.592435200000000162e-01
4.594073599999999868e-01
4.595712000000000130e-01
4.597350399999999837e-01
4.598988800000000099e-01
4.600627200000000361e-01
4.602265600000000068e-01
4.603904000000000329e-01
4.605542400000000036e-01
4.607180800000000298e-01
4.608819200000000005e-01
4.610457600000000267e-01
4.612095999999999973e-01
4.613734400000000235e-01
4.615372799999999942e-01
4.617011200000000204e-01
4.618649599999999911e-01
4.620288000000000173e-01
4.621926399999999879e-01
4.623564800000000141e-01
4.625203199999999848e-01
4.626841600000000110e-01
4.628480000000000372e-01
4.630118400000000078e-01
4.631756800000000340e-01
4.633395200000000047e-01
4.635033600000000309e-01
4.636672000000000016e-01
4.638310400000000278e-01
4.639948799999999984e-01
4.641587200000000246e-01
4.643225599999999953e-01
4.644864000000000215e-01
4.646502399999999922e-01
4.648140800000000183e-01
4.649779199999999890e-01
4.651417600000000152e-01
4.653055999999999859e-01
4.654694400000000121e-01
4.656332799999999827e-01
4.657971200000000089e-01
4.659609600000000351e-01
4.661248000000000058e-01
4.662886400000000320e-01
4.664524800000000027e-01
4.666163200000000288e-01
4.667801599999999995e-01
4.669440000000000257e-01
4.671078399999999964e-01
4.672716800000000226e-01
4.674355199999999932e-01
4.675993600000000194e-01
4.677631999999999901e-01
4.679270400000000163e-01
4.680908799999999870e-01
4.682547200000000132e-01
4.684185599999999838e-01
4.685824000000000100e-01
4.687462400000000362e-01
4.689100800000000069e-01
4.690739200000000331e-01
4.692377600000000037e-01
4.694016000000000299e-01
4.695654400000000006e-01
4.697292800000000268e-01
4.698931199999999975e-01
4.700569600000000237e-01
4.702207999999999943e-01
4.703846400000000205e-01
4.705484799999999912e-01
4.707123200000000174e-01
4.708761599999999881e-01
4.710400000000000142e-01
4.712038399999999849e-01
4.713676800000000111e-01
4.715315200000000373e-01
4.716953600000000080e-01
4.718592000000000342e-01
4.720230400000000048e-01
4.721868800000000310e-01
4.723507200000000017e-01
4.725145600000000279e-01
4.726783999999999986e-01
4.728422400000000247e-01
4.730060799999999954e-01
4.731699200000000216e-01
4.733337599999999923e-01
4.734976000000000185e-01
4.736614399999999891e-01
4.738252800000000153e-01
4.739891199999999860e-01
4.741529600000000122e-01
4.743167999999999829e-01
4.744806400000000091e-01
4.746444800000000352e-01
4.748083200000000059e-01
4.749721600000000321e-01
4.751360000000000028e-01
4.752998400000000290e-01
4.754636799999999996e-01
4.756275200000000258e-01
4.757913599999999965e-01
4.759552000000000227e-01
4.761190399999999934e-01
4.762828800000000196e-01
4.764467199999999902e-01
4.766105600000000164e-01
4.767743999999999871e-01
4.769382400000000133e-01
4.771020799999999840e-01
4.772659200000000101e-01
4.774297600000000363e-01
4.775936000000000070e-01
4.777574400000000332e-01
4.779212800000000039e-01
4.780851200000000301e-01
4.782489600000000007e-01
4.784128000000000269e-01
4.785766399999999976e-01
4.787404800000000238e-01
4.789043199999999945e-01
4.790681600000000206e-01
4.792319999999999913e-01
4.793958400000000175e-01
4.795596799999999882e-01
4.797235200000000144e-01
4.798873599999999850e-01
4.800512000000000112e-01
4.802150400000000374e-01
4.803788800000000081e-01
4.805427200000000343e-01
4.807065600000000050e-01
4.808704000000000311e-01
4.810342400000000018e-01
4.811980800000000280e-01
4.813619199999999987e-01
4.815257600000000249e-01
4.816895999999999955e-01
4.818534400000000217e-01
4.820172799999999924e-01
4.821811200000000186e-01
4.823449599999999893e-01
4.825088000000000155e-01
4.826726399999999861e-01
4.828364800000000123e-01
4.830003199999999830e-01
4.831641600000000092e-01
4.833280000000000354e-01
4.834918400000000061e-01
4.836556800000000322e-01
4.838195200000000029e-01
4.839833600000000291e-01
4.841471999999999998e-01
4.843110400000000260e-01
4.844748799999999966e-01
4.846387200000000228e-01
4.848025599999999935e-01
4.849664000000000197e-01
4.851302399999999904e-01
4.852940800000000166e-01
4.854579199999999872e-01
4.856217600000000134e-01
4.857855999999999841e-01
4.859494400000000103e-01
4.861132800000000365e-01
4.862771200000000071e-01
4.864409600000000333e-01
4.866048000000000040e-01
4.867686400000000302e-01
4.869324800000000009e-01
4.870963200000000271e-01
4.872601599999999977e-01
4.874240000000000239e-01
4.875878399999999946e-01
4.877516800000000208e-01
4.879155199999999915e-01
4.880793600000000176e-01
4.882431999999999883e-01
4.884070400000000145e-01
4.885708799999999852e-01
4.887347200000000114e-01
4.888985600000000376e-01
4.890624000000000082e-01
4.892262400000000344e-01
4.893900800000000051e-01
4.895539200000000313e-01
4.897177600000000020e-01
4.898816000000000281e-01
4.900454399999999988e-01
4.902092800000000250e-01
4.903731199999999957e-01
4.905369600000000219e-01
4.907007999999999925e-01
4.908646400000000187e-01
4.910284799999999894e-01
4.911923200000000156e-01
4.913561599999999863e-01
4.915200000000000125e-01
4.916838399999999831e-01
4.918476800000000093e-01
4.920115200000000355e-01
4.921753600000000062e-01
4.923392000000000324e-01
4.925030400000000030e-01
4.926668800000000292e-01
4.928307199999999999e-01
4.929945600000000261e-01
4.931583999999999968e-01
4.933222400000000230e-01
4.934860799999999936e-01
4.936499200000000198e-01
4.938137599999999905e-01
4.939776000000000167e-01
4.941414399999999874e-01
4.943052800000000135e-01
4.944691199999999842e-01
4.946329600000000104e-01
4.947968000000000366e-01
4.949606400000000073e-01
4.951244800000000335e-01
4.952883200000000041e-01
4.954521600000000303e-01
4.956160000000000010e-01
4.957798400000000272e-01
4.959436799999999979e-01
4.961075200000000240e-01
4.962713599999999947e-01
4.964352000000000209e-01
4.965990399999999916e-01
4.967628800000000178e-01
4.969267199999999884e-01
4.970905600000000146e-01
4.972543999999999853e-01
4.974182400000000115e-01
4.975820800000000377e-01
4.977459200000000084e-01
4.979097600000000345e-01
4.980736000000000052e-01
4.982374400000000314e-01
4.984012800000000021e-01
4.985651200000000283e-01
4.987289599999999989e-01
4.988928000000000251e-01
4.990566399999999958e-01
4.992204800000000220e-01
4.993843199999999927e-01
4.995481600000000189e-01
4.997119999999999895e-01
4.998758400000000157e-01
5.000396799999999864e-01
5.002035200000000126e-01
5.003673600000000388e-01
5.005312000000000650e-01
5.006950399999999801e-01
5.008588800000000063e-01
5.010227200000000325e-01
5.011865600000000587e-01
5.013503999999999738e-01
5.015142400000000000e-01
5.016780800000000262e-01
5.018419200000000524e-01
5.020057599999999676e-01
5.021695999999999938e-01
5.023334400000000199e-01
5.024972800000000461e-01
5.026611199999999613e-01
5.028249599999999875e-01
5.029888000000000137e-01
5.031526400000000399e-01
5.033164800000000660e-01
5.034803199999999812e-01
5.036441600000000074e-01
5.038080000000000336e-01
5.039718400000000598e-01
5.041356799999999749e-01
5.042995200000000011e-01
5.044633600000000273e-01
5.046272000000000535e-01
5.047910399999999687e-01
5.049548799999999948e-01
5.051187200000000210e-01
5.052825600000000472e-01
5.054463999999999624e-01
5.056102399999999886e-01
5.057740800000000148e-01
5.059379200000000409e-01
5.061017599999999561e-01
5.062655999999999823e-01
5.064294400000000085e-01
5.065932800000000347e-01
5.067571200000000609e-01
5.069209599999999760e-01
5.070848000000000022e-01
5.072486400000000284e-01
5.074124800000000546e-01
5.075763199999999697e-01
5.077401599999999959e-01
5.079040000000000221e-01
5.080678400000000483e-01
5.082316799999999635e-01
5.083955199999999897e-01
5.085593600000000158e-01
5.087232000000000420e-01
5.088870399999999572e-01
5.090508799999999834e-01
5.092147200000000096e-01
5.093785600000000358e-01
5.095424000000000619e-01
5.097062399999999771e-01
5.098700800000000033e-01
5.100339200000000295e-01
5.101977600000000557e-01
5.103615999999999708e-01
5.105254399999999970e-01
5.106892800000000232e-01
5.108531200000000494e-01
5.110169599999999646e-01
5.111807999999999907e-01
5.113446400000000169e-01
5.115084800000000431e-01
5.116723199999999583e-01
5.118361599999999845e-01
5.120000000000000107e-01
5.121638400000000368e-01
5.123276800000000630e-01
5.124915199999999782e-01
5.126553600000000044e-01
5.128192000000000306e-01
5.129830400000000568e-01
5.131468799999999719e-01
5.133107199999999981e-01
5.134745600000000243e-01
5.136384000000000505e-01
5.138022399999999656e-01
5.139660799999999918e-01
5.141299200000000180e-01
5.142937600000000442e-01
5.144575999999999594e-01
5.146214399999999856e-01
5.147852800000000117e-01
5.149491200000000379e-01
5.151129600000000641e-01
5.152767999999999793e-01
5.154406400000000055e-01
5.156044800000000317e-01
5.157683200000000578e-01
5.159321599999999730e-01
5.160959999999999992e-01
5.162598400000000254e-01
5.164236800000000516e-01
5.165875199999999667e-01
5.167513599999999929e-01
5.169152000000000191e-01
5.170790400000000453e-01
5.172428799999999605e-01
5.174067199999999866e-01
5.175705600000000128e-01
5.177344000000000390e-01
5.178982400000000652e-01
5.180620799999999804e-01
5.182259200000000066e-01
5.183897600000000327e-01
5.185536000000000589e-01
5.187174399999999741e-01
5.188812800000000003e-01
5.190451200000000265e-01
5.192089600000000527e-01
5.193727999999999678e-01
5.195366399999999940e-01
5.197004800000000202e-01
5.198643200000000464e-01
5.200281599999999615e-01
5.201919999999999877e-01
5.203558400000000139e-01
5.205196800000000401e-01
5.206835200000000663e-01
5.208473599999999815e-01
5.210112000000000076e-01
5.211750400000000338e-01
5.213388800000000600e-01
5.215027199999999752e-01
5.216665600000000014e-01
5.218304000000000276e-01
5.219942400000000537e-01
5.221580799999999689e-01
5.223219199999999951e-01
5.224857600000000213e-01
5.226496000000000475e-01
5.228134399999999626e-01
5.229772799999999888e-01
5.231411200000000150e-01
5.233049600000000412e-01
5.234687999999999564e-01
5.236326399999999825e-01
5.237964800000000087e-01
5.239603200000000349e-01
5.241241600000000611e-01
5.242879999999999763e-01
5.244518400000000025e-01
5.246156800000000286e-01
5.247795200000000548e-01
5.249433599999999700e-01
5.251071999999999962e-01
5.252710400000000224e-01
5.254348800000000486e-01
5.255987199999999637e-01
5.257625599999999899e-01
5.259264000000000161e-01
5.260902400000000423e-01
5.262540799999999575e-01
5.264179199999999836e-01
5.265817600000000098e-01
5.267456000000000360e-01
5.269094400000000622e-01
5.270732799999999774e-01
5.272371200000000036e-01
5.274009600000000297e-01
5.275648000000000559e-01
5.277286399999999711e-01
5.278924799999999973e-01
5.280563200000000235e-01
5.282201600000000496e-01
5.283839999999999648e-01
5.285478399999999910e-01
5.287116800000000172e-01
5.288755200000000434e-01
5.290393599999999585e-01
5.292031999999999847e-01
5.293670400000000109e-01
5.295308800000000371e-01
5.296947200000000633e-01
5.298585599999999785e-01
5.300224000000000046e-01
5.301862400000000308e-01
5.303500800000000570e-01
5.305139199999999722e-01
5.306777599999999984e-01
5.308416000000000246e-01
5.310054400000000507e-01
5.311692799999999659e-01
5.313331199999999921e-01
5.314969600000000183e-01
5.316608000000000445e-01
5.318246399999999596e-01
5.319884799999999858e-01
5.321523200000000120e-01
5.323161600000000382e-01
5.324800000000000644e-01
5.326438399999999795e-01
5.328076800000000057e-01
5.329715200000000319e-01
5.331353600000000581e-01
5.332991999999999733e-01
5.334630399999999995e-01
5.336268800000000256e-01
5.337907200000000518e-01
5.339545599999999670e-01
5.341183999999999932e-01
5.342822400000000194e-01
5.344460800000000456e-01
5.346099199999999607e-01
5.347737599999999869e-01
5.349376000000000131e-01
5.351014400000000393e-01
5.352652800000000655e-01
5.354291199999999806e-01
5.355929600000000068e-01
5.357568000000000330e-01
5.359206400000000592e-01
5.360844799999999744e-01
5.362483200000000005e-01
5.364121600000000267e-01
5.365760000000000529e-01
5.367398399999999681e-01
5.369036799999999943e-01
5.370675200000000205e-01
5.372313600000000466e-01
5.373951999999999618e-01
5.375590399999999880e-01
5.377228800000000142e-01
5.378867200000000404e-01
5.380505600000000666e-01
5.382143999999999817e-01
5.383782400000000079e-01
5.385420800000000341e-01
5.387059200000000603e-01
5.388697599999999754e-01
5.390336000000000016e-01
5.391974400000000278e-01
5.393612800000000540e-01
5.395251199999999692e-01
5.396889599999999954e-01
5.398528000000000215e-01
5.400166400000000477e-01
5.401804799999999629e-01
5.403443199999999891e-01
5.405081600000000153e-01
5.406720000000000415e-01
5.408358399999999566e-01
5.409996799999999828e-01
5.411635200000000090e-01
5.413273600000000352e-01
5.414912000000000614e-01
5.416550399999999765e-01
5.418188800000000027e-01
5.419827200000000289e-01
5.421465600000000551e-01
5.423103999999999703e-01
5.424742399999999964e-01
5.426380800000000226e-01
5.428019200000000488e-01
5.429657599999999640e-01
5.431295999999999902e-01
5.432934400000000164e-01
5.434572800000000425e-01
5.436211199999999577e-01
5.437849599999999839e-01
5.439488000000000101e-01
5.441126400000000363e-01
5.442764800000000625e-01
5.444403199999999776e-01
5.446041600000000038e-01
5.447680000000000300e-01
5.449318400000000562e-01
5.450956799999999713e-01
5.452595199999999975e-01
5.454233600000000237e-01
5.455872000000000499e-01
5.457510399999999651e-01
5.459148799999999913e-01
5.460787200000000174e-01
5.462425600000000436e-01
5.464063999999999588e-01
5.465702399999999850e-01
5.467340800000000112e-01
5.468979200000000374e-01
5.470617600000000635e-01
5.472255999999999787e-01
5.473894400000000049e-01
5.475532800000000311e-01
5.477171200000000573e-01
5.478809599999999724e-01
5.480447999999999986e-01
5.482086400000000248e-01
5.483724800000000510e-01
5.485363199999999662e-01
5.487001599999999923e-01
5.488640000000000185e-01
5.490278400000000447e-01
5.491916799999999599e-01
5.493555199999999861e-01
5.495193600000000123e-01
5.496832000000000384e-01
5.498470400000000646e-01
5.500108799999999798e-01
5.501747200000000060e-01
5.503385600000000322e-01
5.505024000000000584e-01
5.506662399999999735e-01
5.508300799999999997e-01
5.509939200000000259e-01
5.511577600000000521e-01
5.513215999999999672e-01
5.514854399999999934e-01
5.516492800000000196e-01
5.518131200000000458e-01
5.519769599999999610e-01
5.521407999999999872e-01
5.523046400000000133e-01
5.524684800000000395e-01
5.526323200000000657e-01
5.527961599999999809e-01
5.529600000000000071e-01
5.531238400000000333e-01
5.532876800000000594e-01
5.534515199999999746e-01
5.536153600000000008e-01
5.537792000000000270e-01
5.539430400000000532e-01
5.541068799999999683e-01
5.542707199999999945e-01
5.544345600000000207e-01
5.545984000000000469e-01
5.547622399999999621e-01
5.549260799999999882e-01
5.550899200000000144e-01
5.552537600000000406e-01
5.554176000000000668e-01
5.555814399999999820e-01
5.557452800000000082e-01
5.559091200000000343e-01
5.560729600000000605e-01
5.562367999999999757e-01
5.564006400000000019e-01
5.565644800000000281e-01
5.567283200000000543e-01
5.568921599999999694e-01
5.570559999999999956e-01
5.572198400000000218e-01
5.573836800000000480e-01
5.575475199999999631e-01
5.577113599999999893e-01
5.578752000000000155e-01
5.580390400000000417e-01
5.582028799999999569e-01
5.583667199999999831e-01
5.585305600000000092e-01
5.586944000000000354e-01
5.588582400000000616e-01
5.590220799999999768e-01
5.591859200000000030e-01
5.593497600000000292e-01
5.595136000000000553e-01
5.596774399999999705e-01
5.598412799999999967e-01
5.600051200000000229e-01
5.601689600000000491e-01
5.603327999999999642e-01
5.604966399999999904e-01
5.606604800000000166e-01
5.608243200000000428e-01
5.609881599999999580e-01
5.611519999999999841e-01
5.613158400000000103e-01
5.614796800000000365e-01
5.616435200000000627e-01
5.618073599999999779e-01
5.619712000000000041e-01
5.621350400000000302e-01
5.622988800000000564e-01
5.624627199999999716e-01
5.626265599999999978e-01
5.627904000000000240e-01
5.629542400000000502e-01
5.631180799999999653e-01
5.632819199999999915e-01
5.634457600000000177e-01
5.636096000000000439e-01
5.637734399999999590e-01
5.639372799999999852e-01
5.641011200000000114e-01
5.642649600000000376e-01
5.644288000000000638e-01
5.645926399999999790e-01
5.647564800000000051e-01
5.649203200000000313e-01
5.650841600000000575e-01
5.652479999999999727e-01
5.654118399999999989e-01
5.655756800000000251e-01
5.657395200000000512e-01
5.659033599999999664e-01
5.660671999999999926e-01
5.662310400000000188e-01
5.663948800000000450e-01
5.665587199999999601e-01
5.667225599999999863e-01
5.668864000000000125e-01
5.670502400000000387e-01
5.672140800000000649e-01
5.673779199999999800e-01
5.675417600000000062e-01
5.677056000000000324e-01
5.678694400000000586e-01
5.680332799999999738e-01
5.681971200000000000e-01
5.683609600000000261e-01
5.685248000000000523e-01
5.686886399999999675e-01
5.688524799999999937e-01
5.690163200000000199e-01
5.691801600000000461e-01
5.693439999999999612e-01
5.695078399999999874e-01
5.696716800000000136e-01
5.698355200000000398e-01
5.699993600000000660e-01
5.701631999999999811e-01
5.703270400000000073e-01
5.704908800000000335e-01
5.706547200000000597e-01
5.708185599999999749e-01
5.709824000000000011e-01
5.711462400000000272e-01
5.713100800000000534e-01
5.714739199999999686e-01
5.716377599999999948e-01
5.718016000000000210e-01
5.719654400000000471e-01
5.721292799999999623e-01
5.722931199999999885e-01
5.724569600000000147e-01
5.726208000000000409e-01
5.727846400000000671e-01
5.729484799999999822e-01
5.731123200000000084e-01
5.732761600000000346e-01
5.734400000000000608e-01
5.736038399999999760e-01
5.737676800000000021e-01
5.739315200000000283e-01
5.740953600000000545e-01
5.742591999999999697e-01
5.744230399999999959e-01
5.745868800000000221e-01
5.747507200000000482e-01
5.749145599999999634e-01
5.750783999999999896e-01
5.752422400000000158e-01
5.754060800000000420e-01
5.755699199999999571e-01
5.757337599999999833e-01
5.758976000000000095e-01
5.760614400000000357e-01
5.762252800000000619e-01
5.763891199999999770e-01
5.765529600000000032e-01
5.767168000000000294e-01
5.768806400000000556e-01
5.770444799999999708e-01
5.772083199999999970e-01
5.773721600000000231e-01
5.775360000000000493e-01
5.776998399999999645e-01
5.778636799999999907e-01
5.780275200000000169e-01
5.781913600000000431e-01
5.783551999999999582e-01
5.785190399999999844e-01
5.786828800000000106e-01
5.788467200000000368e-01
5.790105600000000630e-01
5.791743999999999781e-01
5.793382400000000043e-01
5.795020800000000305e-01
5.796659200000000567e-01
5.798297599999999719e-01
5.799935999999999980e-01
5.801574400000000242e-01
5.803212800000000504e-01
5.804851199999999656e-01
5.806489599999999918e-01
5.808128000000000180e-01
5.809766400000000441e-01
5.811404799999999593e-01
5.813043199999999855e-01
5.814681600000000117e-01
5.816320000000000379e-01
5.817958400000000641e-01
5.819596799999999792e-01
5.821235200000000054e-01
5.822873600000000316e-01
5.824512000000000578e-01
5.826150399999999729e-01
5.827788799999999991e-01
5.829427200000000253e-01
5.831065600000000515e-01
5.832703999999999667e-01
5.834342399999999929e-01
5.835980800000000190e-01
5.837619200000000452e-01
5.839257599999999604e-01
5.840895999999999866e-01
5.842534400000000128e-01
5.844172800000000390e-01
5.845811200000000651e-01
5.847449599999999803e-01
5.849088000000000065e-01
5.850726400000000327e-01
5.852364800000000589e-01
5.854003199999999740e-01
5.855641600000000002e-01
5.857280000000000264e-01
5.858918400000000526e-01
5.860556799999999678e-01
5.862195199999999939e-01
5.863833600000000201e-01
5.865472000000000463e-01
5.867110399999999615e-01
5.868748799999999877e-01
5.870387200000000139e-01
5.872025600000000400e-01
5.873664000000000662e-01
5.875302399999999814e-01
5.876940800000000076e-01
5.878579200000000338e-01
5.880217600000000600e-01
5.881855999999999751e-01
5.883494400000000013e-01
5.885132800000000275e-01
5.886771200000000537e-01
5.888409599999999688e-01
5.890047999999999950e-01
5.891686400000000212e-01
5.893324800000000474e-01
5.894963199999999626e-01
5.896601599999999888e-01
5.898240000000000149e-01
5.899878400000000411e-01
5.901516800000000673e-01
5.903155199999999825e-01
5.904793600000000087e-01
5.906432000000000349e-01
5.908070400000000610e-01
5.909708799999999762e-01
5.911347200000000024e-01
5.912985600000000286e-01
5.914624000000000548e-01
5.916262399999999699e-01
5.917900799999999961e-01
5.919539200000000223e-01
5.921177600000000485e-01
5.922815999999999637e-01
5.924454399999999898e-01
5.926092800000000160e-01
5.927731200000000422e-01
5.929369599999999574e-01
5.931007999999999836e-01
5.932646400000000098e-01
5.934284800000000359e-01
5.935923200000000621e-01
5.937561599999999773e-01
5.939200000000000035e-01
5.940838400000000297e-01
5.942476800000000559e-01
5.944115199999999710e-01
5.945753599999999972e-01
5.947392000000000234e-01
5.949030400000000496e-01
5.950668799999999647e-01
5.952307199999999909e-01
5.953945600000000171e-01
5.955584000000000433e-01
5.957222399999999585e-01
5.958860799999999847e-01
5.960499200000000108e-01
5.962137600000000370e-01
5.963776000000000632e-01
5.965414399999999784e-01
5.967052800000000046e-01
5.968691200000000308e-01
5.970329600000000569e-01
5.971967999999999721e-01
5.973606399999999983e-01
5.975244800000000245e-01
5.976883200000000507e-01
5.978521599999999658e-01
5.980159999999999920e-01
5.981798400000000182e-01
5.983436800000000444e-01
5.985075199999999596e-01
5.986713599999999857e-01
5.988352000000000119e-01
5.989990400000000381e-01
5.991628800000000643e-01
5.993267199999999795e-01
5.994905600000000057e-01
5.996544000000000318e-01
5.998182400000000580e-01
5.999820799999999732e-01
6.001459199999999994e-01
6.003097600000000256e-01
6.004736000000000518e-01
6.006374399999999669e-01
6.008012799999999931e-01
6.009651200000000193e-01
6.011289600000000455e-01
6.012927999999999606e-01
6.014566399999999868e-01
6.016204800000000130e-01
6.017843200000000392e-01
6.019481600000000654e-01
6.021119999999999806e-01
6.022758400000000067e-01
6.024396800000000329e-01
6.026035200000000591e-01
6.027673599999999743e-01
6.029312000000000005e-01
6.030950400000000267e-01
6.032588800000000528e-01
6.034227199999999680e-01
6.035865599999999942e-01
6.037504000000000204e-01
6.039142400000000466e-01
6.040780799999999617e-01
6.042419199999999879e-01
6.044057600000000141e-01
6.045696000000000403e-01
6.047334400000000665e-01
6.048972799999999816e-01
6.050611200000000078e-01
6.052249600000000340e-01
6.053888000000000602e-01
6.055526399999999754e-01
6.057164800000000016e-01
6.058803200000000277e-01
6.060441600000000539e-01
6.062079999999999691e-01
6.063718399999999953e-01
6.065356800000000215e-01
6.066995200000000477e-01
6.068633599999999628e-01
6.070271999999999890e-01
6.071910400000000152e-01
6.073548800000000414e-01
6.075187200000000676e-01
6.076825599999999827e-01
6.078464000000000089e-01
6.080102400000000351e-01
6.081740800000000613e-01
6.083379199999999765e-01
6.085017600000000026e-01
6.086656000000000288e-01
6.088294400000000550e-01
6.089932799999999702e-01
6.091571199999999964e-01
6.093209600000000226e-01
6.094848000000000487e-01
6.096486399999999639e-01
6.098124799999999901e-01
6.099763200000000163e-01
6.101401600000000425e-01
6.103039999999999576e-01
6.104678399999999838e-01
6.106316800000000100e-01
6.107955200000000362e-01
6.109593600000000624e-01
6.111231999999999775e-01
6.112870400000000037e-01
6.114508800000000299e-01
6.116147200000000561e-01
6.117785599999999713e-01
6.119423999999999975e-01
6.121062400000000236e-01
6.122700800000000498e-01
6.124339199999999650e-01
6.125977599999999912e-01
6.127616000000000174e-01
6.129254400000000436e-01
6.130892799999999587e-01
6.132531199999999849e-01
6.134169600000000111e-01
6.135808000000000373e-01
6.137446400000000635e-01
6.139084799999999786e-01
6.140723200000000048e-01
6.142361600000000310e-01
6.144000000000000572e-01
6.145638399999999724e-01
6.147276799999999986e-01
6.148915200000000247e-01
6.150553600000000509e-01
6.152191999999999661e-01
6.153830399999999923e-01
6.155468800000000185e-01
6.157107200000000446e-01
6.158745599999999598e-01
6.160383999999999860e-01
6.162022400000000122e-01
6.163660800000000384e-01
6.165299200000000646e-01
6.166937599999999797e-01
6.168576000000000059e-01
6.170214400000000321e-01
6.171852800000000583e-01
6.173491199999999735e-01
6.175129599999999996e-01
6.176768000000000258e-01
6.178406400000000520e-01
6.180044799999999672e-01
6.181683199999999934e-01
6.183321600000000196e-01
6.184960000000000457e-01
6.186598399999999609e-01
6.188236799999999871e-01
6.189875200000000133e-01
6.191513600000000395e-01
6.193152000000000656e-01
6.194790399999999808e-01
6.196428800000000070e-01
6.198067200000000332e-01
6.199705600000000594e-01
6.201343999999999745e-01
6.202982400000000007e-01
6.204620800000000269e-01
6.206259200000000531e-01
6.207897599999999683e-01
6.209535999999999945e-01
6.211174400000000206e-01
6.212812800000000468e-01
6.214451199999999620e-01
6.216089599999999882e-01
6.217728000000000144e-01
6.219366400000000406e-01
6.221004800000000667e-01
6.222643199999999819e-01
6.224281600000000081e-01
6.225920000000000343e-01
6.227558400000000605e-01
6.229196799999999756e-01
6.230835200000000018e-01
6.232473600000000280e-01
6.234112000000000542e-01
6.235750399999999694e-01
6.237388799999999955e-01
6.239027200000000217e-01
6.240665600000000479e-01
6.242303999999999631e-01
6.243942399999999893e-01
6.245580800000000155e-01
6.247219200000000416e-01
6.248857600000000678e-01
6.250495999999999830e-01
6.252134400000000092e-01
6.253772800000000354e-01
6.255411200000000616e-01
6.257049599999999767e-01
6.258688000000000029e-01
6.260326400000000291e-01
6.261964800000000553e-01
6.263603199999999704e-01
6.265241599999999966e-01
6.266880000000000228e-01
6.268518400000000490e-01
6.270156799999999642e-01
6.271795199999999904e-01
6.273433600000000165e-01
6.275072000000000427e-01
6.276710399999999579e-01
6.278348799999999841e-01
6.279987200000000103e-01
6.281625600000000365e-01
6.283264000000000626e-01
6.284902399999999778e-01
6.286540800000000040e-01
6.288179200000000302e-01
6.289817600000000564e-01
6.291455999999999715e-01
6.293094399999999977e-01
6.294732800000000239e-01
6.296371200000000501e-01
6.298009599999999653e-01
6.299647999999999914e-01
6.301286400000000176e-01
6.302924800000000438e-01
6.304563199999999590e-01
6.306201599999999852e-01
6.307840000000000114e-01
6.309478400000000375e-01
6.311116800000000637e-01
6.312755199999999789e-01
6.314393600000000051e-01
6.316032000000000313e-01
6.317670400000000575e-01
6.319308799999999726e-01
6.320947199999999988e-01
6.322585600000000250e-01
6.324224000000000512e-01
6.325862399999999663e-01
6.327500799999999925e-01
6.329139200000000187e-01
6.330777600000000449e-01
6.332415999999999601e-01
6.334054399999999863e-01
6.335692800000000124e-01
6.337331200000000386e-01
6.338969600000000648e-01
6.340607999999999800e-01
6.342246400000000062e-01
6.343884800000000324e-01
6.345523200000000585e-01
6.347161599999999737e-01
6.348799999999999999e-01
6.350438400000000261e-01
6.352076800000000523e-01
6.353715199999999674e-01
6.355353599999999936e-01
6.356992000000000198e-01
6.358630400000000460e-01
6.360268799999999612e-01
6.361907199999999873e-01
6.363545600000000135e-01
6.365184000000000397e-01
6.366822400000000659e-01
6.368460799999999811e-01
6.370099200000000073e-01
6.371737600000000334e-01
6.373376000000000596e-01
6.375014399999999748e-01
6.376652800000000010e-01
6.378291200000000272e-01
6.379929600000000534e-01
6.381567999999999685e-01
6.383206399999999947e-01
6.384844800000000209e-01
6.386483200000000471e-01
6.388121599999999622e-01
6.389759999999999884e-01
6.391398400000000146e-01
6.393036800000000408e-01
6.394675200000000670e-01
6.396313599999999822e-01
6.397952000000000083e-01
6.399590400000000345e-01
6.401228800000000607e-01
6.402867199999999759e-01
6.404505600000000021e-01
6.406144000000000283e-01
6.407782400000000544e-01
6.409420799999999696e-01
6.411059199999999958e-01
6.412697600000000220e-01
6.414336000000000482e-01
6.415974399999999633e-01
6.417612799999999895e-01
6.419251200000000157e-01
6.420889600000000419e-01
6.422528000000000681e-01
6.424166399999999832e-01
6.425804800000000094e-01
6.427443200000000356e-01
6.429081600000000618e-01
6.430719999999999770e-01
6.432358400000000032e-01
6.433996800000000293e-01
6.435635200000000555e-01
6.437273599999999707e-01
6.438911999999999969e-01
6.440550400000000231e-01
6.442188800000000493e-01
6.443827199999999644e-01
6.445465599999999906e-01
6.447104000000000168e-01
6.448742400000000430e-01
6.450380799999999581e-01
6.452019199999999843e-01
6.453657600000000105e-01
6.455296000000000367e-01
6.456934400000000629e-01
6.458572799999999781e-01
6.460211200000000042e-01
6.461849600000000304e-01
6.463488000000000566e-01
6.465126399999999718e-01
6.466764799999999980e-01
6.468403200000000242e-01
6.470041600000000503e-01
6.471679999999999655e-01
6.473318399999999917e-01
6.474956800000000179e-01
6.476595200000000441e-01
6.478233599999999592e-01
6.479871999999999854e-01
6.481510400000000116e-01
6.483148800000000378e-01
6.484787200000000640e-01
6.486425599999999791e-01
6.488064000000000053e-01
6.489702400000000315e-01
6.491340800000000577e-01
6.492979199999999729e-01
6.494617599999999991e-01
6.496256000000000252e-01
6.497894400000000514e-01
6.499532799999999666e-01
