0.000000000000000000e+00
4.000000000000000084e-08
8.000000000000000167e-08
1.200000000000000157e-07
1.600000000000000033e-07
1.999999999999999909e-07
2.400000000000000315e-07
2.800000000000000191e-07
3.200000000000000067e-07
3.599999999999999943e-07
3.999999999999999819e-07
4.400000000000000224e-07
4.800000000000000630e-07
5.199999999999999976e-07
5.600000000000000382e-07
5.999999999999999728e-07
6.400000000000000134e-07
6.800000000000000539e-07
7.199999999999999886e-07
7.600000000000000291e-07
7.999999999999999638e-07
8.400000000000000043e-07
8.800000000000000449e-07
9.199999999999999795e-07
9.600000000000001260e-07
9.999999999999999547e-07
1.039999999999999995e-06
1.080000000000000036e-06
1.120000000000000076e-06
1.160000000000000117e-06
1.199999999999999946e-06
1.239999999999999986e-06
1.280000000000000027e-06
1.320000000000000067e-06
1.360000000000000108e-06
1.399999999999999937e-06
1.439999999999999977e-06
1.480000000000000018e-06
1.520000000000000058e-06
1.560000000000000099e-06
1.599999999999999928e-06
1.639999999999999968e-06
1.680000000000000009e-06
1.720000000000000049e-06
1.760000000000000090e-06
1.800000000000000130e-06
1.839999999999999959e-06
1.880000000000000000e-06
1.920000000000000252e-06
1.959999999999999869e-06
1.999999999999999909e-06
2.039999999999999950e-06
2.079999999999999991e-06
2.120000000000000031e-06
2.160000000000000072e-06
2.200000000000000112e-06
2.240000000000000153e-06
2.280000000000000193e-06
2.320000000000000234e-06
2.359999999999999851e-06
2.399999999999999891e-06
2.439999999999999932e-06
2.479999999999999972e-06
2.520000000000000013e-06
2.560000000000000054e-06
2.600000000000000094e-06
2.640000000000000135e-06
2.680000000000000175e-06
2.720000000000000216e-06
2.760000000000000256e-06
2.799999999999999873e-06
2.839999999999999914e-06
2.879999999999999954e-06
2.919999999999999995e-06
2.960000000000000035e-06
3.000000000000000076e-06
3.040000000000000117e-06
3.080000000000000157e-06
3.120000000000000198e-06
3.160000000000000238e-06
3.199999999999999855e-06
3.239999999999999896e-06
3.279999999999999936e-06
3.319999999999999977e-06
3.360000000000000017e-06
3.400000000000000058e-06
3.440000000000000098e-06
3.480000000000000139e-06
3.520000000000000180e-06
3.560000000000000220e-06
3.600000000000000261e-06
3.639999999999999878e-06
3.679999999999999918e-06
3.719999999999999959e-06
3.759999999999999999e-06
3.800000000000000040e-06
3.840000000000000504e-06
3.880000000000000121e-06
3.919999999999999738e-06
3.960000000000000202e-06
3.999999999999999819e-06
4.040000000000000283e-06
4.079999999999999900e-06
4.120000000000000364e-06
4.159999999999999981e-06
4.200000000000000445e-06
4.240000000000000062e-06
4.279999999999999679e-06
4.320000000000000143e-06
4.359999999999999760e-06
4.400000000000000224e-06
4.439999999999999841e-06
4.480000000000000305e-06
4.519999999999999923e-06
4.560000000000000387e-06
4.600000000000000004e-06
4.640000000000000468e-06
4.680000000000000085e-06
4.719999999999999702e-06
4.760000000000000166e-06
4.799999999999999783e-06
4.840000000000000247e-06
4.879999999999999864e-06
4.920000000000000328e-06
4.959999999999999945e-06
5.000000000000000409e-06
5.040000000000000026e-06
5.080000000000000490e-06
5.120000000000000107e-06
5.159999999999999724e-06
5.200000000000000188e-06
5.239999999999999805e-06
5.280000000000000269e-06
5.319999999999999886e-06
5.360000000000000350e-06
5.399999999999999967e-06
5.440000000000000431e-06
5.480000000000000048e-06
5.520000000000000513e-06
5.560000000000000130e-06
5.599999999999999747e-06
5.640000000000000211e-06
5.679999999999999828e-06
5.720000000000000292e-06
5.759999999999999909e-06
5.800000000000000373e-06
5.839999999999999990e-06
5.880000000000000454e-06
5.920000000000000071e-06
5.960000000000000535e-06
6.000000000000000152e-06
6.039999999999999769e-06
6.080000000000000233e-06
6.119999999999999850e-06
6.160000000000000314e-06
6.199999999999999931e-06
6.240000000000000395e-06
6.280000000000000012e-06
6.320000000000000476e-06
6.360000000000000093e-06
6.399999999999999710e-06
6.440000000000000174e-06
6.479999999999999791e-06
6.520000000000000256e-06
6.559999999999999873e-06
6.600000000000000337e-06
6.639999999999999954e-06
6.680000000000000418e-06
6.720000000000000035e-06
6.760000000000000499e-06
6.800000000000000116e-06
6.839999999999999733e-06
6.880000000000000197e-06
6.919999999999999814e-06
6.960000000000000278e-06
6.999999999999999895e-06
7.040000000000000359e-06
7.079999999999999976e-06
7.120000000000000440e-06
7.160000000000000057e-06
7.200000000000000521e-06
7.240000000000000138e-06
7.279999999999999755e-06
7.320000000000000219e-06
7.359999999999999836e-06
7.400000000000000300e-06
7.439999999999999917e-06
7.480000000000000381e-06
7.519999999999999999e-06
7.560000000000000463e-06
7.600000000000000080e-06
7.639999999999999697e-06
7.680000000000001008e-06
7.720000000000000625e-06
7.760000000000000242e-06
7.799999999999999859e-06
7.839999999999999476e-06
7.880000000000000787e-06
7.920000000000000404e-06
7.960000000000000021e-06
7.999999999999999638e-06
8.040000000000000949e-06
8.080000000000000566e-06
8.120000000000000183e-06
8.159999999999999800e-06
8.199999999999999417e-06
8.240000000000000728e-06
8.280000000000000345e-06
8.319999999999999962e-06
8.359999999999999579e-06
8.400000000000000890e-06
8.440000000000000507e-06
8.480000000000000124e-06
8.519999999999999742e-06
8.559999999999999359e-06
8.600000000000000670e-06
8.640000000000000287e-06
8.679999999999999904e-06
8.719999999999999521e-06
8.760000000000000832e-06
8.800000000000000449e-06
8.840000000000000066e-06
8.879999999999999683e-06
8.920000000000000994e-06
8.960000000000000611e-06
9.000000000000000228e-06
9.039999999999999845e-06
9.079999999999999462e-06
9.120000000000000773e-06
9.160000000000000390e-06
9.200000000000000007e-06
9.239999999999999624e-06
9.280000000000000935e-06
9.320000000000000552e-06
9.360000000000000169e-06
9.399999999999999786e-06
9.439999999999999403e-06
9.480000000000000715e-06
9.520000000000000332e-06
9.559999999999999949e-06
9.599999999999999566e-06
9.640000000000000877e-06
9.680000000000000494e-06
9.720000000000000111e-06
9.759999999999999728e-06
9.800000000000001039e-06
9.840000000000000656e-06
9.880000000000000273e-06
9.919999999999999890e-06
9.959999999999999507e-06
1.000000000000000082e-05
1.004000000000000044e-05
1.008000000000000005e-05
1.011999999999999967e-05
1.016000000000000098e-05
1.020000000000000060e-05
1.024000000000000021e-05
1.027999999999999983e-05
1.031999999999999945e-05
1.036000000000000076e-05
1.040000000000000038e-05
1.043999999999999999e-05
1.047999999999999961e-05
1.052000000000000092e-05
1.056000000000000054e-05
1.060000000000000016e-05
1.063999999999999977e-05
1.067999999999999939e-05
1.072000000000000070e-05
1.076000000000000032e-05
1.079999999999999993e-05
1.083999999999999955e-05
1.088000000000000086e-05
1.092000000000000048e-05
1.096000000000000010e-05
1.099999999999999971e-05
1.104000000000000103e-05
1.108000000000000064e-05
1.112000000000000026e-05
1.115999999999999988e-05
1.119999999999999949e-05
1.124000000000000080e-05
1.128000000000000042e-05
1.132000000000000004e-05
1.135999999999999966e-05
1.140000000000000097e-05
1.144000000000000058e-05
1.148000000000000020e-05
1.151999999999999982e-05
1.155999999999999943e-05
1.160000000000000075e-05
1.164000000000000036e-05
1.167999999999999998e-05
1.171999999999999960e-05
1.176000000000000091e-05
1.180000000000000052e-05
1.184000000000000014e-05
1.187999999999999976e-05
1.192000000000000107e-05
1.196000000000000069e-05
1.200000000000000030e-05
1.203999999999999992e-05
1.207999999999999954e-05
1.212000000000000085e-05
1.216000000000000047e-05
1.220000000000000008e-05
1.223999999999999970e-05
1.228000000000000101e-05
1.232000000000000063e-05
1.236000000000000025e-05
1.239999999999999986e-05
1.243999999999999948e-05
1.248000000000000079e-05
1.252000000000000041e-05
1.256000000000000002e-05
1.259999999999999964e-05
1.264000000000000095e-05
1.268000000000000057e-05
1.272000000000000019e-05
1.275999999999999980e-05
1.279999999999999942e-05
1.284000000000000073e-05
1.288000000000000035e-05
1.291999999999999997e-05
1.295999999999999958e-05
1.300000000000000089e-05
1.304000000000000051e-05
1.308000000000000013e-05
1.311999999999999975e-05
1.316000000000000106e-05
1.320000000000000067e-05
1.324000000000000029e-05
1.327999999999999991e-05
1.331999999999999952e-05
1.336000000000000084e-05
1.340000000000000045e-05
1.344000000000000007e-05
1.347999999999999969e-05
1.352000000000000100e-05
1.356000000000000061e-05
1.360000000000000023e-05
1.363999999999999985e-05
1.367999999999999947e-05
1.372000000000000078e-05
1.376000000000000039e-05
1.380000000000000001e-05
1.383999999999999963e-05
1.388000000000000094e-05
1.392000000000000056e-05
1.396000000000000017e-05
1.399999999999999979e-05
1.404000000000000110e-05
1.408000000000000072e-05
1.412000000000000034e-05
1.415999999999999995e-05
1.419999999999999957e-05
1.424000000000000088e-05
1.428000000000000050e-05
1.432000000000000011e-05
1.435999999999999973e-05
1.440000000000000104e-05
1.444000000000000066e-05
1.448000000000000028e-05
1.451999999999999989e-05
1.455999999999999951e-05
1.460000000000000082e-05
1.464000000000000044e-05
1.468000000000000006e-05
1.471999999999999967e-05
1.476000000000000098e-05
1.480000000000000060e-05
1.484000000000000022e-05
1.487999999999999983e-05
1.492000000000000115e-05
1.496000000000000076e-05
1.500000000000000038e-05
1.504000000000000000e-05
1.507999999999999961e-05
1.512000000000000093e-05
1.516000000000000054e-05
1.520000000000000016e-05
1.523999999999999978e-05
1.527999999999999939e-05
1.531999999999999901e-05
1.536000000000000202e-05
1.540000000000000163e-05
1.544000000000000125e-05
1.548000000000000087e-05
1.552000000000000048e-05
1.556000000000000010e-05
1.559999999999999972e-05
1.563999999999999933e-05
1.567999999999999895e-05
1.572000000000000196e-05
1.576000000000000157e-05
1.580000000000000119e-05
1.584000000000000081e-05
1.588000000000000042e-05
1.592000000000000004e-05
1.595999999999999966e-05
1.599999999999999928e-05
1.603999999999999889e-05
1.608000000000000190e-05
1.612000000000000152e-05
1.616000000000000113e-05
1.620000000000000075e-05
1.624000000000000037e-05
1.627999999999999998e-05
1.631999999999999960e-05
1.635999999999999922e-05
1.639999999999999883e-05
1.644000000000000184e-05
1.648000000000000146e-05
1.652000000000000107e-05
1.656000000000000069e-05
1.660000000000000031e-05
1.663999999999999992e-05
1.667999999999999954e-05
1.671999999999999916e-05
1.675999999999999878e-05
1.680000000000000178e-05
1.684000000000000140e-05
1.688000000000000101e-05
1.692000000000000063e-05
1.696000000000000025e-05
1.699999999999999987e-05
1.703999999999999948e-05
1.707999999999999910e-05
1.711999999999999872e-05
1.716000000000000172e-05
1.720000000000000134e-05
1.724000000000000096e-05
1.728000000000000057e-05
1.732000000000000019e-05
1.735999999999999981e-05
1.739999999999999942e-05
1.743999999999999904e-05
1.748000000000000205e-05
1.752000000000000166e-05
1.756000000000000128e-05
1.760000000000000090e-05
1.764000000000000051e-05
1.768000000000000013e-05
1.771999999999999975e-05
1.775999999999999937e-05
1.779999999999999898e-05
1.784000000000000199e-05
1.788000000000000160e-05
1.792000000000000122e-05
1.796000000000000084e-05
1.800000000000000046e-05
1.804000000000000007e-05
1.807999999999999969e-05
1.811999999999999931e-05
1.815999999999999892e-05
1.820000000000000193e-05
1.824000000000000155e-05
1.828000000000000116e-05
1.832000000000000078e-05
1.836000000000000040e-05
1.840000000000000001e-05
1.843999999999999963e-05
1.847999999999999925e-05
1.851999999999999887e-05
1.856000000000000187e-05
1.860000000000000149e-05
1.864000000000000110e-05
1.868000000000000072e-05
1.872000000000000034e-05
1.875999999999999996e-05
1.879999999999999957e-05
1.883999999999999919e-05
1.887999999999999881e-05
1.892000000000000181e-05
1.896000000000000143e-05
1.900000000000000105e-05
1.904000000000000066e-05
1.908000000000000028e-05
1.911999999999999990e-05
1.915999999999999951e-05
1.919999999999999913e-05
1.923999999999999875e-05
1.928000000000000175e-05
1.932000000000000137e-05
1.936000000000000099e-05
1.940000000000000060e-05
1.944000000000000022e-05
1.947999999999999984e-05
1.951999999999999946e-05
1.955999999999999907e-05
1.960000000000000208e-05
1.964000000000000169e-05
1.968000000000000131e-05
1.972000000000000093e-05
1.976000000000000055e-05
1.980000000000000016e-05
1.983999999999999978e-05
1.987999999999999940e-05
1.991999999999999901e-05
1.996000000000000202e-05
2.000000000000000164e-05
2.004000000000000125e-05
2.008000000000000087e-05
2.012000000000000049e-05
2.016000000000000010e-05
2.019999999999999972e-05
2.023999999999999934e-05
2.027999999999999896e-05
2.032000000000000196e-05
2.036000000000000158e-05
2.040000000000000119e-05
2.044000000000000081e-05
2.048000000000000043e-05
2.052000000000000005e-05
2.055999999999999966e-05
2.059999999999999928e-05
2.063999999999999890e-05
2.068000000000000190e-05
2.072000000000000152e-05
2.076000000000000114e-05
2.080000000000000075e-05
2.084000000000000037e-05
2.087999999999999999e-05
2.091999999999999960e-05
2.095999999999999922e-05
2.099999999999999884e-05
2.104000000000000184e-05
2.108000000000000146e-05
2.112000000000000108e-05
2.116000000000000069e-05
2.120000000000000031e-05
2.123999999999999993e-05
2.127999999999999955e-05
2.131999999999999916e-05
2.135999999999999878e-05
2.140000000000000178e-05
2.144000000000000140e-05
2.148000000000000102e-05
2.152000000000000064e-05
2.156000000000000025e-05
2.159999999999999987e-05
2.163999999999999949e-05
2.167999999999999910e-05
2.172000000000000211e-05
2.176000000000000173e-05
2.180000000000000134e-05
2.184000000000000096e-05
2.188000000000000058e-05
2.192000000000000019e-05
2.195999999999999981e-05
2.199999999999999943e-05
2.203999999999999905e-05
2.208000000000000205e-05
2.212000000000000167e-05
2.216000000000000128e-05
2.220000000000000090e-05
2.224000000000000052e-05
2.228000000000000014e-05
2.231999999999999975e-05
2.235999999999999937e-05
2.239999999999999899e-05
2.244000000000000199e-05
2.248000000000000161e-05
2.252000000000000123e-05
2.256000000000000084e-05
2.260000000000000046e-05
2.264000000000000008e-05
2.267999999999999969e-05
2.271999999999999931e-05
2.275999999999999893e-05
2.280000000000000193e-05
2.284000000000000155e-05
2.288000000000000117e-05
2.292000000000000078e-05
2.296000000000000040e-05
2.300000000000000002e-05
2.303999999999999964e-05
2.307999999999999925e-05
2.311999999999999887e-05
2.316000000000000187e-05
2.320000000000000149e-05
2.324000000000000111e-05
2.328000000000000073e-05
2.332000000000000034e-05
2.335999999999999996e-05
2.339999999999999958e-05
2.343999999999999919e-05
2.347999999999999881e-05
2.352000000000000182e-05
2.356000000000000143e-05
2.360000000000000105e-05
2.364000000000000067e-05
2.368000000000000028e-05
2.371999999999999990e-05
2.375999999999999952e-05
2.379999999999999913e-05
2.384000000000000214e-05
2.388000000000000176e-05
2.392000000000000137e-05
2.396000000000000099e-05
2.400000000000000061e-05
2.404000000000000023e-05
2.407999999999999984e-05
2.411999999999999946e-05
2.415999999999999908e-05
2.420000000000000208e-05
2.424000000000000170e-05
2.428000000000000132e-05
2.432000000000000093e-05
2.436000000000000055e-05
2.440000000000000017e-05
2.443999999999999978e-05
2.447999999999999940e-05
2.451999999999999902e-05
2.456000000000000202e-05
2.460000000000000164e-05
2.464000000000000126e-05
2.468000000000000087e-05
2.472000000000000049e-05
2.476000000000000011e-05
2.479999999999999972e-05
2.483999999999999934e-05
2.487999999999999896e-05
2.492000000000000196e-05
2.496000000000000158e-05
2.500000000000000120e-05
2.504000000000000082e-05
2.508000000000000043e-05
2.512000000000000005e-05
2.515999999999999967e-05
2.519999999999999928e-05
2.523999999999999890e-05
2.528000000000000191e-05
2.532000000000000152e-05
2.536000000000000114e-05
2.540000000000000076e-05
2.544000000000000037e-05
2.547999999999999999e-05
2.551999999999999961e-05
2.555999999999999922e-05
2.559999999999999884e-05
2.564000000000000185e-05
2.568000000000000146e-05
2.572000000000000108e-05
2.576000000000000070e-05
2.580000000000000031e-05
2.583999999999999993e-05
2.587999999999999955e-05
2.591999999999999917e-05
2.596000000000000217e-05
2.600000000000000179e-05
2.604000000000000141e-05
2.608000000000000102e-05
2.612000000000000064e-05
2.616000000000000026e-05
2.619999999999999987e-05
2.623999999999999949e-05
2.627999999999999911e-05
2.632000000000000211e-05
2.636000000000000173e-05
2.640000000000000135e-05
2.644000000000000096e-05
2.648000000000000058e-05
2.652000000000000020e-05
2.655999999999999981e-05
2.659999999999999943e-05
2.663999999999999905e-05
2.668000000000000205e-05
2.672000000000000167e-05
2.676000000000000129e-05
2.680000000000000090e-05
2.684000000000000052e-05
2.688000000000000014e-05
2.691999999999999976e-05
2.695999999999999937e-05
2.699999999999999899e-05
2.704000000000000200e-05
2.708000000000000161e-05
2.712000000000000123e-05
2.716000000000000085e-05
2.720000000000000046e-05
2.724000000000000008e-05
2.727999999999999970e-05
2.731999999999999931e-05
2.735999999999999893e-05
2.740000000000000194e-05
2.744000000000000155e-05
2.748000000000000117e-05
2.752000000000000079e-05
2.756000000000000040e-05
2.760000000000000002e-05
2.763999999999999964e-05
2.767999999999999926e-05
2.772000000000000226e-05
2.776000000000000188e-05
2.780000000000000149e-05
2.784000000000000111e-05
2.788000000000000073e-05
2.792000000000000035e-05
2.795999999999999996e-05
2.799999999999999958e-05
2.803999999999999920e-05
2.808000000000000220e-05
2.812000000000000182e-05
2.816000000000000144e-05
2.820000000000000105e-05
2.824000000000000067e-05
2.828000000000000029e-05
2.831999999999999990e-05
2.835999999999999952e-05
2.839999999999999914e-05
2.844000000000000214e-05
2.848000000000000176e-05
2.852000000000000138e-05
2.856000000000000099e-05
2.860000000000000061e-05
2.864000000000000023e-05
2.867999999999999985e-05
2.871999999999999946e-05
2.875999999999999908e-05
2.880000000000000208e-05
2.884000000000000170e-05
2.888000000000000132e-05
2.892000000000000094e-05
2.896000000000000055e-05
2.900000000000000017e-05
2.903999999999999979e-05
2.907999999999999940e-05
2.911999999999999902e-05
2.916000000000000203e-05
2.920000000000000164e-05
2.924000000000000126e-05
2.928000000000000088e-05
2.932000000000000049e-05
2.936000000000000011e-05
2.939999999999999973e-05
2.943999999999999935e-05
2.947999999999999896e-05
2.952000000000000197e-05
2.956000000000000158e-05
2.960000000000000120e-05
2.964000000000000082e-05
2.968000000000000044e-05
2.972000000000000005e-05
2.975999999999999967e-05
2.979999999999999929e-05
2.984000000000000229e-05
2.988000000000000191e-05
2.992000000000000153e-05
2.996000000000000114e-05
3.000000000000000076e-05
3.004000000000000038e-05
3.007999999999999999e-05
3.011999999999999961e-05
3.015999999999999923e-05
3.020000000000000223e-05
3.024000000000000185e-05
3.028000000000000147e-05
3.032000000000000108e-05
3.036000000000000070e-05
3.040000000000000032e-05
3.043999999999999994e-05
3.047999999999999955e-05
3.051999999999999917e-05
3.055999999999999879e-05
3.059999999999999840e-05
3.063999999999999802e-05
3.067999999999999764e-05
3.072000000000000403e-05
3.076000000000000365e-05
3.080000000000000326e-05
3.084000000000000288e-05
3.088000000000000250e-05
3.092000000000000212e-05
3.096000000000000173e-05
3.100000000000000135e-05
3.104000000000000097e-05
3.108000000000000058e-05
3.112000000000000020e-05
3.115999999999999982e-05
3.119999999999999944e-05
3.123999999999999905e-05
3.127999999999999867e-05
3.131999999999999829e-05
3.135999999999999790e-05
3.139999999999999752e-05
3.144000000000000391e-05
3.148000000000000353e-05
3.152000000000000315e-05
3.156000000000000276e-05
3.160000000000000238e-05
3.164000000000000200e-05
3.168000000000000162e-05
3.172000000000000123e-05
3.176000000000000085e-05
3.180000000000000047e-05
3.184000000000000008e-05
3.187999999999999970e-05
3.191999999999999932e-05
3.195999999999999893e-05
3.199999999999999855e-05
3.203999999999999817e-05
3.207999999999999779e-05
3.211999999999999740e-05
3.216000000000000380e-05
3.220000000000000341e-05
3.224000000000000303e-05
3.228000000000000265e-05
3.232000000000000226e-05
3.236000000000000188e-05
3.240000000000000150e-05
3.244000000000000112e-05
3.248000000000000073e-05
3.252000000000000035e-05
3.255999999999999997e-05
3.259999999999999958e-05
3.263999999999999920e-05
3.267999999999999882e-05
3.271999999999999843e-05
3.275999999999999805e-05
3.279999999999999767e-05
3.284000000000000406e-05
3.288000000000000368e-05
3.292000000000000330e-05
3.296000000000000291e-05
3.300000000000000253e-05
3.304000000000000215e-05
3.308000000000000176e-05
3.312000000000000138e-05
3.316000000000000100e-05
3.320000000000000062e-05
3.324000000000000023e-05
3.327999999999999985e-05
3.331999999999999947e-05
3.335999999999999908e-05
3.339999999999999870e-05
3.343999999999999832e-05
3.347999999999999793e-05
3.351999999999999755e-05
3.356000000000000394e-05
3.360000000000000356e-05
3.364000000000000318e-05
3.368000000000000280e-05
3.372000000000000241e-05
3.376000000000000203e-05
3.380000000000000165e-05
3.384000000000000126e-05
3.388000000000000088e-05
3.392000000000000050e-05
3.396000000000000011e-05
3.399999999999999973e-05
3.403999999999999935e-05
3.407999999999999897e-05
3.411999999999999858e-05
3.415999999999999820e-05
3.419999999999999782e-05
3.423999999999999743e-05
3.428000000000000383e-05
3.432000000000000344e-05
3.436000000000000306e-05
3.440000000000000268e-05
3.444000000000000230e-05
3.448000000000000191e-05
3.452000000000000153e-05
3.456000000000000115e-05
3.460000000000000076e-05
3.464000000000000038e-05
3.468000000000000000e-05
3.471999999999999961e-05
3.475999999999999923e-05
3.479999999999999885e-05
3.483999999999999847e-05
3.487999999999999808e-05
3.491999999999999770e-05
3.496000000000000409e-05
3.500000000000000371e-05
3.504000000000000333e-05
3.508000000000000294e-05
3.512000000000000256e-05
3.516000000000000218e-05
3.520000000000000180e-05
3.524000000000000141e-05
3.528000000000000103e-05
3.532000000000000065e-05
3.536000000000000026e-05
3.539999999999999988e-05
3.543999999999999950e-05
3.547999999999999911e-05
3.551999999999999873e-05
3.555999999999999835e-05
3.559999999999999797e-05
3.563999999999999758e-05
3.568000000000000398e-05
3.572000000000000359e-05
3.576000000000000321e-05
3.580000000000000283e-05
3.584000000000000244e-05
3.588000000000000206e-05
3.592000000000000168e-05
3.596000000000000130e-05
3.600000000000000091e-05
3.604000000000000053e-05
3.608000000000000015e-05
3.611999999999999976e-05
3.615999999999999938e-05
3.619999999999999900e-05
3.623999999999999861e-05
3.627999999999999823e-05
3.631999999999999785e-05
3.635999999999999747e-05
3.640000000000000386e-05
3.644000000000000348e-05
3.648000000000000309e-05
3.652000000000000271e-05
3.656000000000000233e-05
3.660000000000000194e-05
3.664000000000000156e-05
3.668000000000000118e-05
3.672000000000000079e-05
3.676000000000000041e-05
3.680000000000000003e-05
3.683999999999999965e-05
3.687999999999999926e-05
3.691999999999999888e-05
3.695999999999999850e-05
3.699999999999999811e-05
3.703999999999999773e-05
3.708000000000000412e-05
3.712000000000000374e-05
3.716000000000000336e-05
3.720000000000000298e-05
3.724000000000000259e-05
3.728000000000000221e-05
3.732000000000000183e-05
3.736000000000000144e-05
3.740000000000000106e-05
3.744000000000000068e-05
3.748000000000000029e-05
3.751999999999999991e-05
3.755999999999999953e-05
3.759999999999999915e-05
3.763999999999999876e-05
3.767999999999999838e-05
3.771999999999999800e-05
3.775999999999999761e-05
3.780000000000000401e-05
3.784000000000000362e-05
3.788000000000000324e-05
3.792000000000000286e-05
3.796000000000000248e-05
3.800000000000000209e-05
3.804000000000000171e-05
3.808000000000000133e-05
3.812000000000000094e-05
3.816000000000000056e-05
3.820000000000000018e-05
3.823999999999999979e-05
3.827999999999999941e-05
3.831999999999999903e-05
3.835999999999999865e-05
3.839999999999999826e-05
3.843999999999999788e-05
3.847999999999999750e-05
3.852000000000000389e-05
3.856000000000000351e-05
3.860000000000000312e-05
3.864000000000000274e-05
3.868000000000000236e-05
3.872000000000000197e-05
3.876000000000000159e-05
3.880000000000000121e-05
3.884000000000000083e-05
3.888000000000000044e-05
3.892000000000000006e-05
3.895999999999999968e-05
3.899999999999999929e-05
3.903999999999999891e-05
3.907999999999999853e-05
3.911999999999999815e-05
3.915999999999999776e-05
3.920000000000000416e-05
3.924000000000000377e-05
3.928000000000000339e-05
3.932000000000000301e-05
3.936000000000000262e-05
3.940000000000000224e-05
3.944000000000000186e-05
3.948000000000000147e-05
3.952000000000000109e-05
3.956000000000000071e-05
3.960000000000000033e-05
3.963999999999999994e-05
3.967999999999999956e-05
3.971999999999999918e-05
3.975999999999999879e-05
3.979999999999999841e-05
3.983999999999999803e-05
3.987999999999999764e-05
3.992000000000000404e-05
3.996000000000000366e-05
4.000000000000000327e-05
4.004000000000000289e-05
4.008000000000000251e-05
4.012000000000000212e-05
4.016000000000000174e-05
4.020000000000000136e-05
4.024000000000000097e-05
4.028000000000000059e-05
4.032000000000000021e-05
4.035999999999999983e-05
4.039999999999999944e-05
4.043999999999999906e-05
4.047999999999999868e-05
4.051999999999999829e-05
4.055999999999999791e-05
4.059999999999999753e-05
4.064000000000000392e-05
4.068000000000000354e-05
4.072000000000000315e-05
4.076000000000000277e-05
4.080000000000000239e-05
4.084000000000000201e-05
4.088000000000000162e-05
4.092000000000000124e-05
4.096000000000000086e-05
4.100000000000000047e-05
4.104000000000000009e-05
4.107999999999999971e-05
4.111999999999999933e-05
4.115999999999999894e-05
4.119999999999999856e-05
4.123999999999999818e-05
4.127999999999999779e-05
4.132000000000000419e-05
4.136000000000000380e-05
4.140000000000000342e-05
4.144000000000000304e-05
4.148000000000000265e-05
4.152000000000000227e-05
4.156000000000000189e-05
4.160000000000000151e-05
4.164000000000000112e-05
4.168000000000000074e-05
4.172000000000000036e-05
4.175999999999999997e-05
4.179999999999999959e-05
4.183999999999999921e-05
4.187999999999999882e-05
4.191999999999999844e-05
4.195999999999999806e-05
4.199999999999999768e-05
4.204000000000000407e-05
4.208000000000000369e-05
4.212000000000000330e-05
4.216000000000000292e-05
4.220000000000000254e-05
4.224000000000000215e-05
4.228000000000000177e-05
4.232000000000000139e-05
4.236000000000000101e-05
4.240000000000000062e-05
4.244000000000000024e-05
4.247999999999999986e-05
4.251999999999999947e-05
4.255999999999999909e-05
4.259999999999999871e-05
4.263999999999999832e-05
4.267999999999999794e-05
4.271999999999999756e-05
4.276000000000000395e-05
4.280000000000000357e-05
4.284000000000000319e-05
4.288000000000000280e-05
4.292000000000000242e-05
4.296000000000000204e-05
4.300000000000000165e-05
4.304000000000000127e-05
4.308000000000000089e-05
4.312000000000000051e-05
4.316000000000000012e-05
4.319999999999999974e-05
4.323999999999999936e-05
4.327999999999999897e-05
4.331999999999999859e-05
4.335999999999999821e-05
4.339999999999999782e-05
4.344000000000000422e-05
4.348000000000000383e-05
4.352000000000000345e-05
4.356000000000000307e-05
4.360000000000000269e-05
4.364000000000000230e-05
4.368000000000000192e-05
4.372000000000000154e-05
4.376000000000000115e-05
4.380000000000000077e-05
4.384000000000000039e-05
4.388000000000000000e-05
4.391999999999999962e-05
4.395999999999999924e-05
4.399999999999999886e-05
4.403999999999999847e-05
4.407999999999999809e-05
4.411999999999999771e-05
4.416000000000000410e-05
4.420000000000000372e-05
4.424000000000000333e-05
4.428000000000000295e-05
4.432000000000000257e-05
4.436000000000000219e-05
4.440000000000000180e-05
4.444000000000000142e-05
4.448000000000000104e-05
4.452000000000000065e-05
4.456000000000000027e-05
4.459999999999999989e-05
4.463999999999999950e-05
4.467999999999999912e-05
4.471999999999999874e-05
4.475999999999999836e-05
4.479999999999999797e-05
4.483999999999999759e-05
4.488000000000000398e-05
4.492000000000000360e-05
4.496000000000000322e-05
4.500000000000000283e-05
4.504000000000000245e-05
4.508000000000000207e-05
4.512000000000000169e-05
4.516000000000000130e-05
4.520000000000000092e-05
4.524000000000000054e-05
4.528000000000000015e-05
4.531999999999999977e-05
4.535999999999999939e-05
4.539999999999999900e-05
4.543999999999999862e-05
4.547999999999999824e-05
4.551999999999999786e-05
4.556000000000000425e-05
4.560000000000000387e-05
4.564000000000000348e-05
4.568000000000000310e-05
4.572000000000000272e-05
4.576000000000000233e-05
4.580000000000000195e-05
4.584000000000000157e-05
4.588000000000000118e-05
4.592000000000000080e-05
4.596000000000000042e-05
4.600000000000000004e-05
4.603999999999999965e-05
4.607999999999999927e-05
4.611999999999999889e-05
4.615999999999999850e-05
4.619999999999999812e-05
4.623999999999999774e-05
4.628000000000000413e-05
4.632000000000000375e-05
4.636000000000000337e-05
4.640000000000000298e-05
4.644000000000000260e-05
4.648000000000000222e-05
4.652000000000000183e-05
4.656000000000000145e-05
4.660000000000000107e-05
4.664000000000000068e-05
4.668000000000000030e-05
4.671999999999999992e-05
4.675999999999999954e-05
4.679999999999999915e-05
4.683999999999999877e-05
4.687999999999999839e-05
4.691999999999999800e-05
4.695999999999999762e-05
4.700000000000000401e-05
4.704000000000000363e-05
4.708000000000000325e-05
4.712000000000000287e-05
4.716000000000000248e-05
4.720000000000000210e-05
4.724000000000000172e-05
4.728000000000000133e-05
4.732000000000000095e-05
4.736000000000000057e-05
4.740000000000000018e-05
4.743999999999999980e-05
4.747999999999999942e-05
4.751999999999999904e-05
4.755999999999999865e-05
4.759999999999999827e-05
4.763999999999999789e-05
4.768000000000000428e-05
4.772000000000000390e-05
4.776000000000000351e-05
4.780000000000000313e-05
4.784000000000000275e-05
4.788000000000000236e-05
4.792000000000000198e-05
4.796000000000000160e-05
4.800000000000000122e-05
4.804000000000000083e-05
4.808000000000000045e-05
4.812000000000000007e-05
4.815999999999999968e-05
4.819999999999999930e-05
4.823999999999999892e-05
4.827999999999999854e-05
4.831999999999999815e-05
4.835999999999999777e-05
4.840000000000000416e-05
4.844000000000000378e-05
4.848000000000000340e-05
4.852000000000000301e-05
4.856000000000000263e-05
4.860000000000000225e-05
4.864000000000000186e-05
4.868000000000000148e-05
4.872000000000000110e-05
4.876000000000000072e-05
4.880000000000000033e-05
4.883999999999999995e-05
4.887999999999999957e-05
4.891999999999999918e-05
4.895999999999999880e-05
4.899999999999999842e-05
4.903999999999999803e-05
4.907999999999999765e-05
4.912000000000000405e-05
4.916000000000000366e-05
4.920000000000000328e-05
4.924000000000000290e-05
4.928000000000000251e-05
4.932000000000000213e-05
4.936000000000000175e-05
4.940000000000000136e-05
4.944000000000000098e-05
4.948000000000000060e-05
4.952000000000000022e-05
4.955999999999999983e-05
4.959999999999999945e-05
4.963999999999999907e-05
4.967999999999999868e-05
4.971999999999999830e-05
4.975999999999999792e-05
4.980000000000000431e-05
4.984000000000000393e-05
4.988000000000000355e-05
4.992000000000000316e-05
4.996000000000000278e-05
5.000000000000000240e-05
5.004000000000000201e-05
5.008000000000000163e-05
5.012000000000000125e-05
5.016000000000000086e-05
5.020000000000000048e-05
5.024000000000000010e-05
5.027999999999999972e-05
5.031999999999999933e-05
5.035999999999999895e-05
5.039999999999999857e-05
5.043999999999999818e-05
5.047999999999999780e-05
5.052000000000000419e-05
5.056000000000000381e-05
5.060000000000000343e-05
5.064000000000000304e-05
5.068000000000000266e-05
5.072000000000000228e-05
5.076000000000000190e-05
5.080000000000000151e-05
5.084000000000000113e-05
5.088000000000000075e-05
5.092000000000000036e-05
5.095999999999999998e-05
5.099999999999999960e-05
5.103999999999999922e-05
5.107999999999999883e-05
5.111999999999999845e-05
5.115999999999999807e-05
5.119999999999999768e-05
5.124000000000000408e-05
5.128000000000000369e-05
5.132000000000000331e-05
5.136000000000000293e-05
5.140000000000000254e-05
5.144000000000000216e-05
5.148000000000000178e-05
5.152000000000000140e-05
5.156000000000000101e-05
5.160000000000000063e-05
5.164000000000000025e-05
5.167999999999999986e-05
5.171999999999999948e-05
5.175999999999999910e-05
5.179999999999999871e-05
5.183999999999999833e-05
5.187999999999999795e-05
5.192000000000000434e-05
5.196000000000000396e-05
5.200000000000000358e-05
5.204000000000000319e-05
5.208000000000000281e-05
5.212000000000000243e-05
5.216000000000000204e-05
5.220000000000000166e-05
5.224000000000000128e-05
5.228000000000000090e-05
5.232000000000000051e-05
5.236000000000000013e-05
5.239999999999999975e-05
5.243999999999999936e-05
5.247999999999999898e-05
5.251999999999999860e-05
5.255999999999999821e-05
5.259999999999999783e-05
5.264000000000000422e-05
5.268000000000000384e-05
5.272000000000000346e-05
5.276000000000000308e-05
5.280000000000000269e-05
5.284000000000000231e-05
5.288000000000000193e-05
5.292000000000000154e-05
5.296000000000000116e-05
5.300000000000000078e-05
5.304000000000000040e-05
5.308000000000000001e-05
5.311999999999999963e-05
5.315999999999999925e-05
5.319999999999999886e-05
5.323999999999999848e-05
5.327999999999999810e-05
5.332000000000000449e-05
5.336000000000000411e-05
5.340000000000000372e-05
5.344000000000000334e-05
5.348000000000000296e-05
5.352000000000000258e-05
5.356000000000000219e-05
5.360000000000000181e-05
5.364000000000000143e-05
5.368000000000000104e-05
5.372000000000000066e-05
5.376000000000000028e-05
5.379999999999999989e-05
5.383999999999999951e-05
5.387999999999999913e-05
5.391999999999999875e-05
5.395999999999999836e-05
5.399999999999999798e-05
5.404000000000000437e-05
5.408000000000000399e-05
5.412000000000000361e-05
5.416000000000000322e-05
5.420000000000000284e-05
5.424000000000000246e-05
5.428000000000000208e-05
5.432000000000000169e-05
5.436000000000000131e-05
5.440000000000000093e-05
5.444000000000000054e-05
5.448000000000000016e-05
5.451999999999999978e-05
5.455999999999999939e-05
5.459999999999999901e-05
5.463999999999999863e-05
5.467999999999999825e-05
5.471999999999999786e-05
5.476000000000000426e-05
5.480000000000000387e-05
5.484000000000000349e-05
5.488000000000000311e-05
5.492000000000000272e-05
5.496000000000000234e-05
5.500000000000000196e-05
5.504000000000000158e-05
5.508000000000000119e-05
5.512000000000000081e-05
5.516000000000000043e-05
5.520000000000000004e-05
5.523999999999999966e-05
5.527999999999999928e-05
5.531999999999999889e-05
5.535999999999999851e-05
5.539999999999999813e-05
5.544000000000000452e-05
5.548000000000000414e-05
5.552000000000000376e-05
5.556000000000000337e-05
5.560000000000000299e-05
5.564000000000000261e-05
5.568000000000000222e-05
5.572000000000000184e-05
5.576000000000000146e-05
5.580000000000000107e-05
5.584000000000000069e-05
5.588000000000000031e-05
5.591999999999999993e-05
5.595999999999999954e-05
5.599999999999999916e-05
5.603999999999999878e-05
5.607999999999999839e-05
5.611999999999999801e-05
5.616000000000000440e-05
5.620000000000000402e-05
5.624000000000000364e-05
5.628000000000000326e-05
5.632000000000000287e-05
5.636000000000000249e-05
5.640000000000000211e-05
5.644000000000000172e-05
5.648000000000000134e-05
5.652000000000000096e-05
5.656000000000000057e-05
5.660000000000000019e-05
5.663999999999999981e-05
5.667999999999999943e-05
5.671999999999999904e-05
5.675999999999999866e-05
5.679999999999999828e-05
5.683999999999999789e-05
5.688000000000000429e-05
5.692000000000000390e-05
5.696000000000000352e-05
5.700000000000000314e-05
5.704000000000000276e-05
5.708000000000000237e-05
5.712000000000000199e-05
5.716000000000000161e-05
5.720000000000000122e-05
5.724000000000000084e-05
5.728000000000000046e-05
5.732000000000000007e-05
5.735999999999999969e-05
5.739999999999999931e-05
5.743999999999999893e-05
5.747999999999999854e-05
5.751999999999999816e-05
5.756000000000000455e-05
5.760000000000000417e-05
5.764000000000000379e-05
5.768000000000000340e-05
5.772000000000000302e-05
5.776000000000000264e-05
5.780000000000000225e-05
5.784000000000000187e-05
5.788000000000000149e-05
5.792000000000000111e-05
5.796000000000000072e-05
5.800000000000000034e-05
5.803999999999999996e-05
5.807999999999999957e-05
5.811999999999999919e-05
5.815999999999999881e-05
5.819999999999999843e-05
5.823999999999999804e-05
5.828000000000000444e-05
5.832000000000000405e-05
5.836000000000000367e-05
5.840000000000000329e-05
5.844000000000000290e-05
5.848000000000000252e-05
5.852000000000000214e-05
5.856000000000000175e-05
5.860000000000000137e-05
5.864000000000000099e-05
5.868000000000000061e-05
5.872000000000000022e-05
5.875999999999999984e-05
5.879999999999999946e-05
5.883999999999999907e-05
5.887999999999999869e-05
5.891999999999999831e-05
5.895999999999999792e-05
5.900000000000000432e-05
5.904000000000000394e-05
5.908000000000000355e-05
5.912000000000000317e-05
5.916000000000000279e-05
5.920000000000000240e-05
5.924000000000000202e-05
5.928000000000000164e-05
5.932000000000000125e-05
5.936000000000000087e-05
5.940000000000000049e-05
5.944000000000000011e-05
5.947999999999999972e-05
5.951999999999999934e-05
5.955999999999999896e-05
5.959999999999999857e-05
5.963999999999999819e-05
5.968000000000000458e-05
5.972000000000000420e-05
5.976000000000000382e-05
5.980000000000000343e-05
5.984000000000000305e-05
5.988000000000000267e-05
5.992000000000000229e-05
5.996000000000000190e-05
6.000000000000000152e-05
6.004000000000000114e-05
6.008000000000000075e-05
6.012000000000000037e-05
6.015999999999999999e-05
6.019999999999999961e-05
6.023999999999999922e-05
6.027999999999999884e-05
6.031999999999999846e-05
6.035999999999999807e-05
6.040000000000000447e-05
6.044000000000000408e-05
6.048000000000000370e-05
6.052000000000000332e-05
6.056000000000000293e-05
6.060000000000000255e-05
6.064000000000000217e-05
6.068000000000000179e-05
6.072000000000000140e-05
6.076000000000000102e-05
6.080000000000000064e-05
6.084000000000000025e-05
6.087999999999999987e-05
6.091999999999999949e-05
6.095999999999999910e-05
6.099999999999999872e-05
6.103999999999999834e-05
6.108000000000000473e-05
6.111999999999999757e-05
6.116000000000000397e-05
6.119999999999999681e-05
6.124000000000000320e-05
6.127999999999999604e-05
6.132000000000000243e-05
6.135999999999999528e-05
6.140000000000000167e-05
6.144000000000000806e-05
6.148000000000000090e-05
6.152000000000000730e-05
6.156000000000000014e-05
6.160000000000000653e-05
6.163999999999999937e-05
6.168000000000000576e-05
6.171999999999999860e-05
6.176000000000000500e-05
6.179999999999999784e-05
6.184000000000000423e-05
6.187999999999999707e-05
6.192000000000000347e-05
6.195999999999999631e-05
6.200000000000000270e-05
6.203999999999999554e-05
6.208000000000000193e-05
6.211999999999999477e-05
6.216000000000000117e-05
6.220000000000000756e-05
6.224000000000000040e-05
6.228000000000000680e-05
6.231999999999999964e-05
6.236000000000000603e-05
6.239999999999999887e-05
6.244000000000000526e-05
6.247999999999999810e-05
6.252000000000000450e-05
6.255999999999999734e-05
6.260000000000000373e-05
6.263999999999999657e-05
6.268000000000000297e-05
6.271999999999999581e-05
6.276000000000000220e-05
6.279999999999999504e-05
6.284000000000000143e-05
6.288000000000000783e-05
6.292000000000000067e-05
6.296000000000000706e-05
6.299999999999999990e-05
6.304000000000000630e-05
6.307999999999999914e-05
6.312000000000000553e-05
6.315999999999999837e-05
6.320000000000000476e-05
6.323999999999999760e-05
6.328000000000000400e-05
6.331999999999999684e-05
6.336000000000000323e-05
6.339999999999999607e-05
6.344000000000000247e-05
6.347999999999999531e-05
6.352000000000000170e-05
6.356000000000000809e-05
6.360000000000000093e-05
6.364000000000000733e-05
6.368000000000000017e-05
6.372000000000000656e-05
6.375999999999999940e-05
6.380000000000000580e-05
6.383999999999999864e-05
6.388000000000000503e-05
6.391999999999999787e-05
6.396000000000000426e-05
6.399999999999999710e-05
6.404000000000000350e-05
6.407999999999999634e-05
6.412000000000000273e-05
6.415999999999999557e-05
6.420000000000000197e-05
6.423999999999999481e-05
6.428000000000000120e-05
6.432000000000000759e-05
6.436000000000000043e-05
6.440000000000000683e-05
6.443999999999999967e-05
6.448000000000000606e-05
6.451999999999999890e-05
6.456000000000000529e-05
6.459999999999999814e-05
6.464000000000000453e-05
6.467999999999999737e-05
6.472000000000000376e-05
6.475999999999999660e-05
6.480000000000000300e-05
6.483999999999999584e-05
6.488000000000000223e-05
6.491999999999999507e-05
6.496000000000000147e-05
6.500000000000000786e-05
6.504000000000000070e-05
6.508000000000000709e-05
6.511999999999999993e-05
6.516000000000000633e-05
6.519999999999999917e-05
6.524000000000000556e-05
6.527999999999999840e-05
6.532000000000000479e-05
6.535999999999999764e-05
6.540000000000000403e-05
6.543999999999999687e-05
6.548000000000000326e-05
6.551999999999999610e-05
6.556000000000000250e-05
6.559999999999999534e-05
6.564000000000000173e-05
6.568000000000000812e-05
6.572000000000000096e-05
6.576000000000000736e-05
6.580000000000000020e-05
6.584000000000000659e-05
6.587999999999999943e-05
6.592000000000000583e-05
6.595999999999999867e-05
6.600000000000000506e-05
6.603999999999999790e-05
6.608000000000000429e-05
6.611999999999999714e-05
6.616000000000000353e-05
6.619999999999999637e-05
6.624000000000000276e-05
6.627999999999999560e-05
6.632000000000000200e-05
6.635999999999999484e-05
6.640000000000000123e-05
6.644000000000000762e-05
6.648000000000000046e-05
6.652000000000000686e-05
6.655999999999999970e-05
6.660000000000000609e-05
6.663999999999999893e-05
6.668000000000000533e-05
6.671999999999999817e-05
6.676000000000000456e-05
6.679999999999999740e-05
6.684000000000000379e-05
6.687999999999999663e-05
6.692000000000000303e-05
6.695999999999999587e-05
6.700000000000000226e-05
6.703999999999999510e-05
6.708000000000000150e-05
6.712000000000000789e-05
6.716000000000000073e-05
6.720000000000000712e-05
6.723999999999999996e-05
6.728000000000000636e-05
6.731999999999999920e-05
6.736000000000000559e-05
6.739999999999999843e-05
6.744000000000000483e-05
6.747999999999999767e-05
6.752000000000000406e-05
6.755999999999999690e-05
6.760000000000000329e-05
6.763999999999999613e-05
6.768000000000000253e-05
6.771999999999999537e-05
6.776000000000000176e-05
6.780000000000000816e-05
6.784000000000000100e-05
6.788000000000000739e-05
6.792000000000000023e-05
6.796000000000000662e-05
6.799999999999999946e-05
6.804000000000000586e-05
6.807999999999999870e-05
6.812000000000000509e-05
6.815999999999999793e-05
6.820000000000000433e-05
6.823999999999999717e-05
6.828000000000000356e-05
6.831999999999999640e-05
6.836000000000000279e-05
6.839999999999999563e-05
6.844000000000000203e-05
6.847999999999999487e-05
6.852000000000000126e-05
6.856000000000000765e-05
6.860000000000000050e-05
6.864000000000000689e-05
6.867999999999999973e-05
6.872000000000000612e-05
6.875999999999999896e-05
6.880000000000000536e-05
6.883999999999999820e-05
6.888000000000000459e-05
6.891999999999999743e-05
6.896000000000000383e-05
6.899999999999999667e-05
6.904000000000000306e-05
6.907999999999999590e-05
6.912000000000000229e-05
6.915999999999999513e-05
6.920000000000000153e-05
6.924000000000000792e-05
6.928000000000000076e-05
6.932000000000000715e-05
6.936000000000000000e-05
6.940000000000000639e-05
6.943999999999999923e-05
6.948000000000000562e-05
6.951999999999999846e-05
6.956000000000000486e-05
6.959999999999999770e-05
6.964000000000000409e-05
6.967999999999999693e-05
6.972000000000000332e-05
6.975999999999999617e-05
6.980000000000000256e-05
6.983999999999999540e-05
6.988000000000000179e-05
6.992000000000000819e-05
6.996000000000000103e-05
7.000000000000000742e-05
7.004000000000000026e-05
7.008000000000000665e-05
7.011999999999999950e-05
7.016000000000000589e-05
7.019999999999999873e-05
7.024000000000000512e-05
7.027999999999999796e-05
7.032000000000000436e-05
7.035999999999999720e-05
7.040000000000000359e-05
7.043999999999999643e-05
7.048000000000000282e-05
7.051999999999999567e-05
7.056000000000000206e-05
7.059999999999999490e-05
7.064000000000000129e-05
7.068000000000000769e-05
7.072000000000000053e-05
7.076000000000000692e-05
7.079999999999999976e-05
7.084000000000000615e-05
7.087999999999999899e-05
7.092000000000000539e-05
7.095999999999999823e-05
7.100000000000000462e-05
7.103999999999999746e-05
7.108000000000000386e-05
7.111999999999999670e-05
7.116000000000000309e-05
7.119999999999999593e-05
7.124000000000000232e-05
7.127999999999999517e-05
7.132000000000000156e-05
7.136000000000000795e-05
7.140000000000000079e-05
7.144000000000000719e-05
7.148000000000000003e-05
7.152000000000000642e-05
7.155999999999999926e-05
7.160000000000000565e-05
7.163999999999999849e-05
7.168000000000000489e-05
7.171999999999999773e-05
7.176000000000000412e-05
7.179999999999999696e-05
7.184000000000000336e-05
7.187999999999999620e-05
7.192000000000000259e-05
7.195999999999999543e-05
7.200000000000000182e-05
7.204000000000000822e-05
7.208000000000000106e-05
7.212000000000000745e-05
7.216000000000000029e-05
7.220000000000000669e-05
7.223999999999999953e-05
7.228000000000000592e-05
7.231999999999999876e-05
7.236000000000000515e-05
7.239999999999999799e-05
7.244000000000000439e-05
7.247999999999999723e-05
7.252000000000000362e-05
7.255999999999999646e-05
7.260000000000000286e-05
7.263999999999999570e-05
7.268000000000000209e-05
7.271999999999999493e-05
7.276000000000000132e-05
7.280000000000000772e-05
7.284000000000000056e-05
7.288000000000000695e-05
7.291999999999999979e-05
7.296000000000000619e-05
7.299999999999999903e-05
7.304000000000000542e-05
7.307999999999999826e-05
7.312000000000000465e-05
7.315999999999999749e-05
7.320000000000000389e-05
7.323999999999999673e-05
7.328000000000000312e-05
7.331999999999999596e-05
7.336000000000000236e-05
7.339999999999999520e-05
7.344000000000000159e-05
7.348000000000000798e-05
7.352000000000000082e-05
7.356000000000000722e-05
7.360000000000000006e-05
7.364000000000000645e-05
7.367999999999999929e-05
7.372000000000000568e-05
7.375999999999999853e-05
7.380000000000000492e-05
7.383999999999999776e-05
7.388000000000000415e-05
7.391999999999999699e-05
7.396000000000000339e-05
7.399999999999999623e-05
7.404000000000000262e-05
7.407999999999999546e-05
7.412000000000000186e-05
7.416000000000000825e-05
7.420000000000000109e-05
7.424000000000000748e-05
7.428000000000000032e-05
7.432000000000000672e-05
7.435999999999999956e-05
7.440000000000000595e-05
7.443999999999999879e-05
7.448000000000000518e-05
7.451999999999999803e-05
7.456000000000000442e-05
7.459999999999999726e-05
7.464000000000000365e-05
7.467999999999999649e-05
7.472000000000000289e-05
7.475999999999999573e-05
7.480000000000000212e-05
7.483999999999999496e-05
7.488000000000000135e-05
7.492000000000000775e-05
7.496000000000000059e-05
7.500000000000000698e-05
7.503999999999999982e-05
7.508000000000000622e-05
7.511999999999999906e-05
7.516000000000000545e-05
7.519999999999999829e-05
7.524000000000000468e-05
7.527999999999999753e-05
7.532000000000000392e-05
7.535999999999999676e-05
7.540000000000000315e-05
7.543999999999999599e-05
7.548000000000000239e-05
7.551999999999999523e-05
7.556000000000000162e-05
7.560000000000000801e-05
7.564000000000000085e-05
7.568000000000000725e-05
7.572000000000000009e-05
7.576000000000000648e-05
7.579999999999999932e-05
7.584000000000000572e-05
7.587999999999999856e-05
7.592000000000000495e-05
7.595999999999999779e-05
7.600000000000000418e-05
7.603999999999999702e-05
7.608000000000000342e-05
7.611999999999999626e-05
7.616000000000000265e-05
7.619999999999999549e-05
7.624000000000000189e-05
7.628000000000000828e-05
7.632000000000000112e-05
7.636000000000000751e-05
7.640000000000000035e-05
7.644000000000000675e-05
7.647999999999999959e-05
7.652000000000000598e-05
7.655999999999999882e-05
7.660000000000000522e-05
7.663999999999999806e-05
7.668000000000000445e-05
7.671999999999999729e-05
7.676000000000000368e-05
7.679999999999999652e-05
7.684000000000000292e-05
7.687999999999999576e-05
7.692000000000000215e-05
7.695999999999999499e-05
7.700000000000000139e-05
7.704000000000000778e-05
7.708000000000000062e-05
7.712000000000000701e-05
7.715999999999999985e-05
7.720000000000000625e-05
7.723999999999999909e-05
7.728000000000000548e-05
7.731999999999999832e-05
7.736000000000000472e-05
7.739999999999999756e-05
7.744000000000000395e-05
7.747999999999999679e-05
7.752000000000000318e-05
7.755999999999999602e-05
7.760000000000000242e-05
7.763999999999999526e-05
7.768000000000000165e-05
7.772000000000000805e-05
7.776000000000000089e-05
7.780000000000000728e-05
7.784000000000000012e-05
7.788000000000000651e-05
7.791999999999999935e-05
7.796000000000000575e-05
7.799999999999999859e-05
7.804000000000000498e-05
7.807999999999999782e-05
7.812000000000000422e-05
7.815999999999999706e-05
7.820000000000000345e-05
7.823999999999999629e-05
7.828000000000000268e-05
7.831999999999999552e-05
7.836000000000000192e-05
7.840000000000000831e-05
7.844000000000000115e-05
7.848000000000000754e-05
7.852000000000000039e-05
7.856000000000000678e-05
7.859999999999999962e-05
7.864000000000000601e-05
7.867999999999999885e-05
7.872000000000000525e-05
7.875999999999999809e-05
7.880000000000000448e-05
7.883999999999999732e-05
7.888000000000000372e-05
7.891999999999999656e-05
7.896000000000000295e-05
7.899999999999999579e-05
7.904000000000000218e-05
7.907999999999999502e-05
7.912000000000000142e-05
7.916000000000000781e-05
7.920000000000000065e-05
7.924000000000000704e-05
7.927999999999999989e-05
7.932000000000000628e-05
7.935999999999999912e-05
7.940000000000000551e-05
7.943999999999999835e-05
7.948000000000000475e-05
7.951999999999999759e-05
7.956000000000000398e-05
7.959999999999999682e-05
7.964000000000000321e-05
7.967999999999999606e-05
7.972000000000000245e-05
7.975999999999999529e-05
7.980000000000000168e-05
7.984000000000000808e-05
7.988000000000000092e-05
7.992000000000000731e-05
7.996000000000000015e-05
8.000000000000000654e-05
8.003999999999999939e-05
8.008000000000000578e-05
8.011999999999999862e-05
8.016000000000000501e-05
8.019999999999999785e-05
8.024000000000000425e-05
8.027999999999999709e-05
8.032000000000000348e-05
8.035999999999999632e-05
8.040000000000000271e-05
8.043999999999999556e-05
8.048000000000000195e-05
8.052000000000000834e-05
8.056000000000000118e-05
8.060000000000000758e-05
8.064000000000000042e-05
8.068000000000000681e-05
8.071999999999999965e-05
8.076000000000000604e-05
8.079999999999999888e-05
8.084000000000000528e-05
8.087999999999999812e-05
8.092000000000000451e-05
8.095999999999999735e-05
8.100000000000000375e-05
8.103999999999999659e-05
8.108000000000000298e-05
8.111999999999999582e-05
8.116000000000000221e-05
8.119999999999999505e-05
8.124000000000000145e-05
8.128000000000000784e-05
8.132000000000000068e-05
8.136000000000000708e-05
8.139999999999999992e-05
8.144000000000000631e-05
8.147999999999999915e-05
8.152000000000000554e-05
8.155999999999999838e-05
8.160000000000000478e-05
8.163999999999999762e-05
8.168000000000000401e-05
8.171999999999999685e-05
8.176000000000000325e-05
8.179999999999999609e-05
8.184000000000000248e-05
8.187999999999999532e-05
8.192000000000000171e-05
8.196000000000000811e-05
8.200000000000000095e-05
8.204000000000000734e-05
8.208000000000000018e-05
8.212000000000000658e-05
8.215999999999999942e-05
8.220000000000000581e-05
8.223999999999999865e-05
8.228000000000000504e-05
8.231999999999999788e-05
8.236000000000000428e-05
8.239999999999999712e-05
8.244000000000000351e-05
8.247999999999999635e-05
8.252000000000000275e-05
8.255999999999999559e-05
8.260000000000000198e-05
8.264000000000000837e-05
8.268000000000000121e-05
8.272000000000000761e-05
8.276000000000000045e-05
8.280000000000000684e-05
8.283999999999999968e-05
8.288000000000000608e-05
8.291999999999999892e-05
8.296000000000000531e-05
8.299999999999999815e-05
8.304000000000000454e-05
8.307999999999999738e-05
8.312000000000000378e-05
8.315999999999999662e-05
8.320000000000000301e-05
8.323999999999999585e-05
8.328000000000000225e-05
8.331999999999999509e-05
8.336000000000000148e-05
8.340000000000000787e-05
8.344000000000000071e-05
8.348000000000000711e-05
8.351999999999999995e-05
8.356000000000000634e-05
8.359999999999999918e-05
8.364000000000000557e-05
8.367999999999999842e-05
8.372000000000000481e-05
8.375999999999999765e-05
8.380000000000000404e-05
8.383999999999999688e-05
8.388000000000000328e-05
8.391999999999999612e-05
8.396000000000000251e-05
8.399999999999999535e-05
8.404000000000000175e-05
8.408000000000000814e-05
8.412000000000000098e-05
8.416000000000000737e-05
8.420000000000000021e-05
8.424000000000000661e-05
8.427999999999999945e-05
8.432000000000000584e-05
8.435999999999999868e-05
8.440000000000000507e-05
8.443999999999999792e-05
8.448000000000000431e-05
8.451999999999999715e-05
8.456000000000000354e-05
8.459999999999999638e-05
8.464000000000000278e-05
8.467999999999999562e-05
8.472000000000000201e-05
8.476000000000000840e-05
8.480000000000000124e-05
8.484000000000000764e-05
8.488000000000000048e-05
8.492000000000000687e-05
8.495999999999999971e-05
8.500000000000000611e-05
8.503999999999999895e-05
8.508000000000000534e-05
8.511999999999999818e-05
8.516000000000000457e-05
8.519999999999999742e-05
8.524000000000000381e-05
8.527999999999999665e-05
8.532000000000000304e-05
8.535999999999999588e-05
8.540000000000000228e-05
8.543999999999999512e-05
8.548000000000000151e-05
8.552000000000000790e-05
8.556000000000000074e-05
8.560000000000000714e-05
8.563999999999999998e-05
8.568000000000000637e-05
8.571999999999999921e-05
8.576000000000000561e-05
8.579999999999999845e-05
8.584000000000000484e-05
8.587999999999999768e-05
8.592000000000000407e-05
8.595999999999999691e-05
8.600000000000000331e-05
8.603999999999999615e-05
8.608000000000000254e-05
8.611999999999999538e-05
8.616000000000000178e-05
8.620000000000000817e-05
8.624000000000000101e-05
8.628000000000000740e-05
8.632000000000000024e-05
8.636000000000000664e-05
8.639999999999999948e-05
8.644000000000000587e-05
8.647999999999999871e-05
8.652000000000000511e-05
8.655999999999999795e-05
8.660000000000000434e-05
8.663999999999999718e-05
8.668000000000000357e-05
8.671999999999999641e-05
8.676000000000000281e-05
8.679999999999999565e-05
8.684000000000000204e-05
8.688000000000000844e-05
8.692000000000000128e-05
8.696000000000000767e-05
8.700000000000000051e-05
8.704000000000000690e-05
8.707999999999999974e-05
8.712000000000000614e-05
8.715999999999999898e-05
8.720000000000000537e-05
8.723999999999999821e-05
8.728000000000000461e-05
8.731999999999999745e-05
8.736000000000000384e-05
8.739999999999999668e-05
8.744000000000000307e-05
8.747999999999999591e-05
8.752000000000000231e-05
8.755999999999999515e-05
8.760000000000000154e-05
8.764000000000000793e-05
8.768000000000000078e-05
8.772000000000000717e-05
8.776000000000000001e-05
8.780000000000000640e-05
8.783999999999999924e-05
8.788000000000000564e-05
8.791999999999999848e-05
8.796000000000000487e-05
8.799999999999999771e-05
8.804000000000000411e-05
8.807999999999999695e-05
8.812000000000000334e-05
8.815999999999999618e-05
8.820000000000000257e-05
8.823999999999999541e-05
8.828000000000000181e-05
8.832000000000000820e-05
8.836000000000000104e-05
8.840000000000000743e-05
8.844000000000000028e-05
8.848000000000000667e-05
8.851999999999999951e-05
8.856000000000000590e-05
8.859999999999999874e-05
8.864000000000000514e-05
8.867999999999999798e-05
8.872000000000000437e-05
8.875999999999999721e-05
8.880000000000000360e-05
8.883999999999999645e-05
8.888000000000000284e-05
8.891999999999999568e-05
8.896000000000000207e-05
8.900000000000000847e-05
8.904000000000000131e-05
8.908000000000000770e-05
8.912000000000000054e-05
8.916000000000000693e-05
8.919999999999999978e-05
8.924000000000000617e-05
8.927999999999999901e-05
8.932000000000000540e-05
8.935999999999999824e-05
8.940000000000000464e-05
8.943999999999999748e-05
8.948000000000000387e-05
8.951999999999999671e-05
8.956000000000000310e-05
8.959999999999999595e-05
8.964000000000000234e-05
8.967999999999999518e-05
8.972000000000000157e-05
8.976000000000000797e-05
8.980000000000000081e-05
8.984000000000000720e-05
8.988000000000000004e-05
8.992000000000000643e-05
8.995999999999999927e-05
9.000000000000000567e-05
9.003999999999999851e-05
9.008000000000000490e-05
9.011999999999999774e-05
9.016000000000000414e-05
9.019999999999999698e-05
9.024000000000000337e-05
9.027999999999999621e-05
9.032000000000000260e-05
9.035999999999999545e-05
9.040000000000000184e-05
9.044000000000000823e-05
9.048000000000000107e-05
9.052000000000000747e-05
9.056000000000000031e-05
9.060000000000000670e-05
9.063999999999999954e-05
9.068000000000000593e-05
9.071999999999999877e-05
9.076000000000000517e-05
9.079999999999999801e-05
9.084000000000000440e-05
9.087999999999999724e-05
9.092000000000000364e-05
9.095999999999999648e-05
9.100000000000000287e-05
9.103999999999999571e-05
9.108000000000000210e-05
9.112000000000000850e-05
9.116000000000000134e-05
9.120000000000000773e-05
9.124000000000000057e-05
9.128000000000000697e-05
9.131999999999999981e-05
9.136000000000000620e-05
9.139999999999999904e-05
9.144000000000000543e-05
9.147999999999999827e-05
9.152000000000000467e-05
9.155999999999999751e-05
9.160000000000000390e-05
9.163999999999999674e-05
9.168000000000000314e-05
9.171999999999999598e-05
9.176000000000000237e-05
9.179999999999999521e-05
9.184000000000000160e-05
9.188000000000000800e-05
9.192000000000000084e-05
9.196000000000000723e-05
9.200000000000000007e-05
9.204000000000000647e-05
9.207999999999999931e-05
9.212000000000000570e-05
9.215999999999999854e-05
9.220000000000000493e-05
9.223999999999999777e-05
9.228000000000000417e-05
9.231999999999999701e-05
9.236000000000000340e-05
9.239999999999999624e-05
9.244000000000000264e-05
9.247999999999999548e-05
9.252000000000000187e-05
9.256000000000000826e-05
9.260000000000000110e-05
9.264000000000000750e-05
9.268000000000000034e-05
9.272000000000000673e-05
9.275999999999999957e-05
9.280000000000000597e-05
9.283999999999999881e-05
9.288000000000000520e-05
9.291999999999999804e-05
9.296000000000000443e-05
9.299999999999999727e-05
9.304000000000000367e-05
9.307999999999999651e-05
9.312000000000000290e-05
9.315999999999999574e-05
9.320000000000000214e-05
9.324000000000000853e-05
9.328000000000000137e-05
9.332000000000000776e-05
9.336000000000000060e-05
9.340000000000000700e-05
9.343999999999999984e-05
9.348000000000000623e-05
9.351999999999999907e-05
9.356000000000000546e-05
9.359999999999999831e-05
9.364000000000000470e-05
9.367999999999999754e-05
9.372000000000000393e-05
9.375999999999999677e-05
9.380000000000000317e-05
9.383999999999999601e-05
9.388000000000000240e-05
9.391999999999999524e-05
9.396000000000000164e-05
9.400000000000000803e-05
9.404000000000000087e-05
9.408000000000000726e-05
9.412000000000000010e-05
9.416000000000000650e-05
9.419999999999999934e-05
9.424000000000000573e-05
9.427999999999999857e-05
9.432000000000000496e-05
9.435999999999999781e-05
9.440000000000000420e-05
9.443999999999999704e-05
9.448000000000000343e-05
9.451999999999999627e-05
9.456000000000000267e-05
9.459999999999999551e-05
9.464000000000000190e-05
9.468000000000000829e-05
9.472000000000000113e-05
9.476000000000000753e-05
9.480000000000000037e-05
9.484000000000000676e-05
9.487999999999999960e-05
9.492000000000000600e-05
9.495999999999999884e-05
9.500000000000000523e-05
9.503999999999999807e-05
9.508000000000000446e-05
9.511999999999999731e-05
9.516000000000000370e-05
9.519999999999999654e-05
9.524000000000000293e-05
9.527999999999999577e-05
9.532000000000000217e-05
9.536000000000000856e-05
9.540000000000000140e-05
9.544000000000000779e-05
9.548000000000000063e-05
9.552000000000000703e-05
9.555999999999999987e-05
9.560000000000000626e-05
9.563999999999999910e-05
9.568000000000000550e-05
9.571999999999999834e-05
9.576000000000000473e-05
9.579999999999999757e-05
9.584000000000000396e-05
9.587999999999999680e-05
9.592000000000000320e-05
9.595999999999999604e-05
9.600000000000000243e-05
9.603999999999999527e-05
9.608000000000000167e-05
9.612000000000000806e-05
9.616000000000000090e-05
9.620000000000000729e-05
9.624000000000000013e-05
9.628000000000000653e-05
9.631999999999999937e-05
9.636000000000000576e-05
9.639999999999999860e-05
9.644000000000000500e-05
9.647999999999999784e-05
9.652000000000000423e-05
9.655999999999999707e-05
9.660000000000000346e-05
9.663999999999999630e-05
9.668000000000000270e-05
9.671999999999999554e-05
9.676000000000000193e-05
9.680000000000000833e-05
9.684000000000000117e-05
9.688000000000000756e-05
9.692000000000000040e-05
9.696000000000000679e-05
9.699999999999999963e-05
9.704000000000000603e-05
9.707999999999999887e-05
9.712000000000000526e-05
9.715999999999999810e-05
9.720000000000000450e-05
9.723999999999999734e-05
9.728000000000000373e-05
9.731999999999999657e-05
9.736000000000000296e-05
9.739999999999999580e-05
9.744000000000000220e-05
9.748000000000000859e-05
9.752000000000000143e-05
9.756000000000000782e-05
9.760000000000000067e-05
9.764000000000000706e-05
9.767999999999999990e-05
9.772000000000000629e-05
9.775999999999999913e-05
9.780000000000000553e-05
9.783999999999999837e-05
9.788000000000000476e-05
9.791999999999999760e-05
9.796000000000000400e-05
9.799999999999999684e-05
9.804000000000000323e-05
9.807999999999999607e-05
9.812000000000000246e-05
9.815999999999999530e-05
9.820000000000000170e-05
9.824000000000000809e-05
9.828000000000000093e-05
9.832000000000000732e-05
9.836000000000000017e-05
9.840000000000000656e-05
9.843999999999999940e-05
9.848000000000000579e-05
9.851999999999999863e-05
9.856000000000000503e-05
9.859999999999999787e-05
9.864000000000000426e-05
9.867999999999999710e-05
9.872000000000000349e-05
9.875999999999999634e-05
9.880000000000000273e-05
9.883999999999999557e-05
9.888000000000000196e-05
9.892000000000000836e-05
9.896000000000000120e-05
9.900000000000000759e-05
9.904000000000000043e-05
9.908000000000000682e-05
9.911999999999999967e-05
9.916000000000000606e-05
9.919999999999999890e-05
9.924000000000000529e-05
9.927999999999999813e-05
9.932000000000000453e-05
9.935999999999999737e-05
9.940000000000000376e-05
9.943999999999999660e-05
9.948000000000000299e-05
9.951999999999999584e-05
9.956000000000000223e-05
9.960000000000000862e-05
9.964000000000000146e-05
9.968000000000000786e-05
9.972000000000000070e-05
9.976000000000000709e-05
9.979999999999999993e-05
9.984000000000000632e-05
9.987999999999999916e-05
9.992000000000000556e-05
9.995999999999999840e-05
1.000000000000000048e-04
1.000399999999999976e-04
1.000800000000000040e-04
1.001199999999999969e-04
1.001600000000000033e-04
1.001999999999999961e-04
1.002400000000000025e-04
1.002799999999999953e-04
1.003200000000000017e-04
1.003600000000000081e-04
1.004000000000000010e-04
1.004400000000000074e-04
1.004800000000000002e-04
1.005200000000000066e-04
1.005599999999999994e-04
1.006000000000000058e-04
1.006399999999999987e-04
1.006800000000000051e-04
1.007199999999999979e-04
1.007600000000000043e-04
1.007999999999999971e-04
1.008400000000000035e-04
1.008799999999999964e-04
1.009200000000000028e-04
1.009599999999999956e-04
1.010000000000000020e-04
1.010400000000000084e-04
1.010800000000000012e-04
1.011200000000000076e-04
1.011600000000000005e-04
1.012000000000000069e-04
1.012399999999999997e-04
1.012800000000000061e-04
1.013199999999999989e-04
1.013600000000000053e-04
1.013999999999999982e-04
1.014400000000000046e-04
1.014799999999999974e-04
1.015200000000000038e-04
1.015599999999999966e-04
1.016000000000000030e-04
1.016399999999999959e-04
1.016800000000000023e-04
1.017200000000000087e-04
1.017600000000000015e-04
1.018000000000000079e-04
1.018400000000000007e-04
1.018800000000000071e-04
1.019200000000000000e-04
1.019600000000000064e-04
1.019999999999999992e-04
1.020400000000000056e-04
1.020799999999999984e-04
1.021200000000000048e-04
1.021599999999999977e-04
1.022000000000000041e-04
1.022399999999999969e-04
1.022800000000000033e-04
1.023199999999999961e-04
1.023600000000000025e-04
1.023999999999999954e-04
1.024400000000000018e-04
1.024800000000000082e-04
1.025200000000000010e-04
1.025600000000000074e-04
1.026000000000000002e-04
1.026400000000000066e-04
1.026799999999999995e-04
1.027200000000000059e-04
1.027599999999999987e-04
1.028000000000000051e-04
1.028399999999999979e-04
1.028800000000000043e-04
1.029199999999999972e-04
1.029600000000000036e-04
1.029999999999999964e-04
1.030400000000000028e-04
1.030799999999999956e-04
1.031200000000000020e-04
1.031600000000000084e-04
1.032000000000000013e-04
1.032400000000000077e-04
1.032800000000000005e-04
1.033200000000000069e-04
1.033599999999999997e-04
1.034000000000000061e-04
1.034399999999999990e-04
1.034800000000000054e-04
1.035199999999999982e-04
1.035600000000000046e-04
1.035999999999999974e-04
1.036400000000000038e-04
1.036799999999999967e-04
1.037200000000000031e-04
1.037599999999999959e-04
1.038000000000000023e-04
1.038400000000000087e-04
1.038800000000000015e-04
1.039200000000000079e-04
1.039600000000000008e-04
1.040000000000000072e-04
1.040400000000000000e-04
1.040800000000000064e-04
1.041199999999999992e-04
1.041600000000000056e-04
1.041999999999999985e-04
1.042400000000000049e-04
1.042799999999999977e-04
1.043200000000000041e-04
1.043599999999999969e-04
1.044000000000000033e-04
1.044399999999999962e-04
1.044800000000000026e-04
1.045200000000000089e-04
1.045600000000000018e-04
1.046000000000000082e-04
1.046400000000000010e-04
1.046800000000000074e-04
1.047200000000000003e-04
1.047600000000000067e-04
1.047999999999999995e-04
1.048400000000000059e-04
1.048799999999999987e-04
1.049200000000000051e-04
1.049599999999999980e-04
1.050000000000000044e-04
1.050399999999999972e-04
1.050800000000000036e-04
1.051199999999999964e-04
1.051600000000000028e-04
1.051999999999999957e-04
1.052400000000000021e-04
1.052800000000000084e-04
1.053200000000000013e-04
1.053600000000000077e-04
1.054000000000000005e-04
1.054400000000000069e-04
1.054799999999999998e-04
1.055200000000000062e-04
1.055599999999999990e-04
1.056000000000000054e-04
1.056399999999999982e-04
1.056800000000000046e-04
1.057199999999999975e-04
1.057600000000000039e-04
1.057999999999999967e-04
1.058400000000000031e-04
1.058799999999999959e-04
1.059200000000000023e-04
1.059600000000000087e-04
1.060000000000000016e-04
1.060400000000000079e-04
1.060800000000000008e-04
1.061200000000000072e-04
1.061600000000000000e-04
1.062000000000000064e-04
1.062399999999999993e-04
1.062800000000000057e-04
1.063199999999999985e-04
1.063600000000000049e-04
1.063999999999999977e-04
1.064400000000000041e-04
1.064799999999999970e-04
1.065200000000000034e-04
1.065599999999999962e-04
1.066000000000000026e-04
1.066400000000000090e-04
1.066800000000000018e-04
1.067200000000000082e-04
1.067600000000000011e-04
1.068000000000000074e-04
1.068400000000000003e-04
1.068800000000000067e-04
1.069199999999999995e-04
1.069600000000000059e-04
1.069999999999999988e-04
1.070400000000000052e-04
1.070799999999999980e-04
1.071200000000000044e-04
1.071599999999999972e-04
1.072000000000000036e-04
1.072399999999999965e-04
1.072800000000000029e-04
1.073199999999999957e-04
1.073600000000000021e-04
1.074000000000000085e-04
1.074400000000000013e-04
1.074800000000000077e-04
1.075200000000000006e-04
1.075600000000000069e-04
1.075999999999999998e-04
1.076400000000000062e-04
1.076799999999999990e-04
1.077200000000000054e-04
1.077599999999999983e-04
1.078000000000000047e-04
1.078399999999999975e-04
1.078800000000000039e-04
1.079199999999999967e-04
1.079600000000000031e-04
1.079999999999999960e-04
1.080400000000000024e-04
1.080800000000000087e-04
1.081200000000000016e-04
1.081600000000000080e-04
1.082000000000000008e-04
1.082400000000000072e-04
1.082800000000000001e-04
1.083200000000000064e-04
1.083599999999999993e-04
1.084000000000000057e-04
1.084399999999999985e-04
1.084800000000000049e-04
1.085199999999999978e-04
1.085600000000000042e-04
1.085999999999999970e-04
1.086400000000000034e-04
1.086799999999999962e-04
1.087200000000000026e-04
1.087600000000000090e-04
1.088000000000000019e-04
1.088400000000000082e-04
1.088800000000000011e-04
1.089200000000000075e-04
1.089600000000000003e-04
1.090000000000000067e-04
1.090399999999999996e-04
1.090800000000000059e-04
1.091199999999999988e-04
1.091600000000000052e-04
1.091999999999999980e-04
1.092400000000000044e-04
1.092799999999999973e-04
1.093200000000000037e-04
1.093599999999999965e-04
1.094000000000000029e-04
1.094399999999999957e-04
1.094800000000000021e-04
1.095200000000000085e-04
1.095600000000000014e-04
1.096000000000000077e-04
1.096400000000000006e-04
1.096800000000000070e-04
1.097199999999999998e-04
1.097600000000000062e-04
1.097999999999999991e-04
1.098400000000000054e-04
1.098799999999999983e-04
1.099200000000000047e-04
1.099599999999999975e-04
1.100000000000000039e-04
1.100399999999999968e-04
1.100800000000000032e-04
1.101199999999999960e-04
1.101600000000000024e-04
1.102000000000000088e-04
1.102400000000000016e-04
1.102800000000000080e-04
1.103200000000000009e-04
1.103600000000000072e-04
1.104000000000000001e-04
1.104400000000000065e-04
1.104799999999999993e-04
1.105200000000000057e-04
1.105599999999999986e-04
1.106000000000000049e-04
1.106399999999999978e-04
1.106800000000000042e-04
1.107199999999999970e-04
1.107600000000000034e-04
1.107999999999999963e-04
1.108400000000000026e-04
1.108800000000000090e-04
1.109200000000000019e-04
1.109600000000000083e-04
1.110000000000000011e-04
1.110400000000000075e-04
1.110800000000000004e-04
1.111200000000000067e-04
1.111599999999999996e-04
1.112000000000000060e-04
1.112399999999999988e-04
1.112800000000000052e-04
1.113199999999999981e-04
1.113600000000000044e-04
1.113999999999999973e-04
1.114400000000000037e-04
1.114799999999999965e-04
1.115200000000000029e-04
1.115599999999999958e-04
1.116000000000000021e-04
1.116400000000000085e-04
1.116800000000000014e-04
1.117200000000000078e-04
1.117600000000000006e-04
1.118000000000000070e-04
1.118399999999999999e-04
1.118800000000000062e-04
1.119199999999999991e-04
1.119600000000000055e-04
1.119999999999999983e-04
1.120400000000000047e-04
1.120799999999999976e-04
1.121200000000000039e-04
1.121599999999999968e-04
1.122000000000000032e-04
1.122399999999999960e-04
1.122800000000000024e-04
1.123200000000000088e-04
1.123600000000000016e-04
1.124000000000000080e-04
1.124400000000000009e-04
1.124800000000000073e-04
1.125200000000000001e-04
1.125600000000000065e-04
1.125999999999999994e-04
1.126400000000000057e-04
1.126799999999999986e-04
1.127200000000000050e-04
1.127599999999999978e-04
1.128000000000000042e-04
1.128399999999999971e-04
1.128800000000000034e-04
1.129199999999999963e-04
1.129600000000000027e-04
1.130000000000000091e-04
1.130400000000000019e-04
1.130800000000000083e-04
1.131200000000000011e-04
1.131600000000000075e-04
1.132000000000000004e-04
1.132400000000000068e-04
1.132799999999999996e-04
1.133200000000000060e-04
1.133599999999999989e-04
1.134000000000000052e-04
1.134399999999999981e-04
1.134800000000000045e-04
1.135199999999999973e-04
1.135600000000000037e-04
1.135999999999999966e-04
1.136400000000000029e-04
1.136799999999999958e-04
1.137200000000000022e-04
1.137600000000000086e-04
1.138000000000000014e-04
1.138400000000000078e-04
1.138800000000000006e-04
1.139200000000000070e-04
1.139599999999999999e-04
1.140000000000000063e-04
1.140399999999999991e-04
1.140800000000000055e-04
1.141199999999999984e-04
1.141600000000000047e-04
1.141999999999999976e-04
1.142400000000000040e-04
1.142799999999999968e-04
1.143200000000000032e-04
1.143599999999999961e-04
1.144000000000000024e-04
1.144400000000000088e-04
1.144800000000000017e-04
1.145200000000000081e-04
1.145600000000000009e-04
1.146000000000000073e-04
1.146400000000000001e-04
1.146800000000000065e-04
1.147199999999999994e-04
1.147600000000000058e-04
1.147999999999999986e-04
1.148400000000000050e-04
1.148799999999999979e-04
1.149200000000000042e-04
1.149599999999999971e-04
1.150000000000000035e-04
1.150399999999999963e-04
1.150800000000000027e-04
1.151200000000000091e-04
1.151600000000000019e-04
1.152000000000000083e-04
1.152400000000000012e-04
1.152800000000000076e-04
1.153200000000000004e-04
1.153600000000000068e-04
1.153999999999999996e-04
1.154400000000000060e-04
1.154799999999999989e-04
1.155200000000000053e-04
1.155599999999999981e-04
1.156000000000000045e-04
1.156399999999999974e-04
1.156800000000000037e-04
1.157199999999999966e-04
1.157600000000000030e-04
1.157999999999999958e-04
1.158400000000000022e-04
1.158800000000000086e-04
1.159200000000000014e-04
1.159600000000000078e-04
1.160000000000000007e-04
1.160400000000000071e-04
1.160799999999999999e-04
1.161200000000000063e-04
1.161599999999999991e-04
1.162000000000000055e-04
1.162399999999999984e-04
1.162800000000000048e-04
1.163199999999999976e-04
1.163600000000000040e-04
1.163999999999999969e-04
1.164400000000000032e-04
1.164799999999999961e-04
1.165200000000000025e-04
1.165600000000000089e-04
1.166000000000000017e-04
1.166400000000000081e-04
1.166800000000000009e-04
1.167200000000000073e-04
1.167600000000000002e-04
1.168000000000000066e-04
1.168399999999999994e-04
1.168800000000000058e-04
1.169199999999999986e-04
1.169600000000000050e-04
1.169999999999999979e-04
1.170400000000000043e-04
1.170799999999999971e-04
1.171200000000000035e-04
1.171599999999999964e-04
1.172000000000000027e-04
1.172400000000000091e-04
1.172800000000000020e-04
1.173200000000000084e-04
1.173600000000000012e-04
1.174000000000000076e-04
1.174400000000000004e-04
1.174800000000000068e-04
1.175199999999999997e-04
1.175600000000000061e-04
1.175999999999999989e-04
1.176400000000000053e-04
1.176799999999999981e-04
1.177200000000000045e-04
1.177599999999999974e-04
1.178000000000000038e-04
1.178399999999999966e-04
1.178800000000000030e-04
1.179199999999999958e-04
1.179600000000000022e-04
1.180000000000000086e-04
1.180400000000000015e-04
1.180800000000000079e-04
1.181200000000000007e-04
1.181600000000000071e-04
1.181999999999999999e-04
1.182400000000000063e-04
1.182799999999999992e-04
1.183200000000000056e-04
1.183599999999999984e-04
1.184000000000000048e-04
1.184399999999999976e-04
1.184800000000000040e-04
1.185199999999999969e-04
1.185600000000000033e-04
1.185999999999999961e-04
1.186400000000000025e-04
1.186800000000000089e-04
1.187200000000000017e-04
1.187600000000000081e-04
1.188000000000000010e-04
1.188400000000000074e-04
1.188800000000000002e-04
1.189200000000000066e-04
1.189599999999999994e-04
1.190000000000000058e-04
1.190399999999999987e-04
1.190800000000000051e-04
1.191199999999999979e-04
1.191600000000000043e-04
1.191999999999999971e-04
1.192400000000000035e-04
1.192799999999999964e-04
1.193200000000000028e-04
1.193600000000000092e-04
1.194000000000000020e-04
1.194400000000000084e-04
1.194800000000000012e-04
1.195200000000000076e-04
1.195600000000000005e-04
1.196000000000000069e-04
1.196399999999999997e-04
1.196800000000000061e-04
1.197199999999999989e-04
1.197600000000000053e-04
1.197999999999999982e-04
1.198400000000000046e-04
1.198799999999999974e-04
1.199200000000000038e-04
1.199599999999999966e-04
1.200000000000000030e-04
1.200399999999999959e-04
1.200800000000000023e-04
1.201200000000000087e-04
1.201600000000000015e-04
1.202000000000000079e-04
1.202400000000000007e-04
1.202800000000000071e-04
1.203200000000000000e-04
1.203600000000000064e-04
1.203999999999999992e-04
1.204400000000000056e-04
1.204799999999999984e-04
1.205200000000000048e-04
1.205599999999999977e-04
1.206000000000000041e-04
1.206399999999999969e-04
1.206800000000000033e-04
1.207199999999999961e-04
1.207600000000000025e-04
1.208000000000000089e-04
1.208400000000000018e-04
1.208800000000000082e-04
1.209200000000000010e-04
1.209600000000000074e-04
1.210000000000000002e-04
1.210400000000000066e-04
1.210799999999999995e-04
1.211200000000000059e-04
1.211599999999999987e-04
1.212000000000000051e-04
1.212399999999999979e-04
1.212800000000000043e-04
1.213199999999999972e-04
1.213600000000000036e-04
1.213999999999999964e-04
1.214400000000000028e-04
1.214800000000000092e-04
1.215200000000000020e-04
1.215600000000000084e-04
1.216000000000000013e-04
1.216400000000000077e-04
1.216800000000000005e-04
1.217200000000000069e-04
1.217599999999999997e-04
1.218000000000000061e-04
1.218399999999999990e-04
1.218800000000000054e-04
1.219199999999999982e-04
1.219600000000000046e-04
1.219999999999999974e-04
1.220400000000000038e-04
1.220799999999999967e-04
1.221200000000000031e-04
1.221600000000000095e-04
1.222000000000000159e-04
1.222399999999999951e-04
1.222800000000000015e-04
1.223200000000000079e-04
1.223600000000000143e-04
1.223999999999999936e-04
1.224400000000000000e-04
1.224800000000000064e-04
1.225200000000000128e-04
1.225599999999999921e-04
1.225999999999999985e-04
1.226400000000000049e-04
1.226800000000000113e-04
1.227199999999999906e-04
1.227599999999999969e-04
1.228000000000000033e-04
1.228400000000000097e-04
1.228800000000000161e-04
1.229199999999999954e-04
1.229600000000000018e-04
1.230000000000000082e-04
1.230400000000000146e-04
1.230799999999999939e-04
1.231200000000000003e-04
1.231600000000000067e-04
1.232000000000000131e-04
1.232399999999999923e-04
1.232799999999999987e-04
1.233200000000000051e-04
1.233600000000000115e-04
1.233999999999999908e-04
1.234399999999999972e-04
1.234800000000000036e-04
1.235200000000000100e-04
1.235599999999999893e-04
1.235999999999999957e-04
1.236400000000000021e-04
1.236800000000000085e-04
1.237200000000000149e-04
1.237599999999999941e-04
1.238000000000000005e-04
1.238400000000000069e-04
1.238800000000000133e-04
1.239199999999999926e-04
1.239599999999999990e-04
1.240000000000000054e-04
1.240400000000000118e-04
1.240799999999999911e-04
1.241199999999999975e-04
1.241600000000000039e-04
1.242000000000000103e-04
1.242399999999999895e-04
1.242799999999999959e-04
1.243200000000000023e-04
1.243600000000000087e-04
1.244000000000000151e-04
1.244399999999999944e-04
1.244800000000000008e-04
1.245200000000000072e-04
1.245600000000000136e-04
1.245999999999999929e-04
1.246399999999999993e-04
1.246800000000000057e-04
1.247200000000000121e-04
1.247599999999999913e-04
1.247999999999999977e-04
1.248400000000000041e-04
1.248800000000000105e-04
1.249199999999999898e-04
1.249599999999999962e-04
1.250000000000000026e-04
1.250400000000000090e-04
1.250800000000000154e-04
1.251199999999999947e-04
1.251600000000000011e-04
1.252000000000000075e-04
1.252400000000000139e-04
1.252799999999999931e-04
1.253199999999999995e-04
1.253600000000000059e-04
1.254000000000000123e-04
1.254399999999999916e-04
1.254799999999999980e-04
1.255200000000000044e-04
1.255600000000000108e-04
1.255999999999999901e-04
1.256399999999999965e-04
1.256800000000000029e-04
1.257200000000000093e-04
1.257600000000000157e-04
1.257999999999999949e-04
1.258400000000000013e-04
1.258800000000000077e-04
1.259200000000000141e-04
1.259599999999999934e-04
1.259999999999999998e-04
1.260400000000000062e-04
1.260800000000000126e-04
1.261199999999999919e-04
1.261599999999999983e-04
1.262000000000000047e-04
1.262400000000000111e-04
1.262799999999999903e-04
1.263199999999999967e-04
1.263600000000000031e-04
1.264000000000000095e-04
1.264400000000000159e-04
1.264799999999999952e-04
1.265200000000000016e-04
1.265600000000000080e-04
1.266000000000000144e-04
1.266399999999999937e-04
1.266800000000000001e-04
1.267200000000000065e-04
1.267600000000000129e-04
1.267999999999999921e-04
1.268399999999999985e-04
1.268800000000000049e-04
1.269200000000000113e-04
1.269599999999999906e-04
1.269999999999999970e-04
1.270400000000000034e-04
1.270800000000000098e-04
1.271200000000000162e-04
1.271599999999999955e-04
1.272000000000000019e-04
1.272400000000000083e-04
1.272800000000000147e-04
1.273199999999999939e-04
1.273600000000000003e-04
1.274000000000000067e-04
1.274400000000000131e-04
1.274799999999999924e-04
1.275199999999999988e-04
1.275600000000000052e-04
1.276000000000000116e-04
1.276399999999999909e-04
1.276799999999999973e-04
1.277200000000000037e-04
1.277600000000000101e-04
1.277999999999999893e-04
1.278399999999999957e-04
1.278800000000000021e-04
1.279200000000000085e-04
1.279600000000000149e-04
1.279999999999999942e-04
1.280400000000000006e-04
1.280800000000000070e-04
1.281200000000000134e-04
1.281599999999999927e-04
1.281999999999999991e-04
1.282400000000000055e-04
1.282800000000000119e-04
1.283199999999999911e-04
1.283599999999999975e-04
1.284000000000000039e-04
1.284400000000000103e-04
1.284799999999999896e-04
1.285199999999999960e-04
1.285600000000000024e-04
1.286000000000000088e-04
1.286400000000000152e-04
1.286799999999999945e-04
1.287200000000000009e-04
1.287600000000000073e-04
1.288000000000000137e-04
1.288399999999999929e-04
1.288799999999999993e-04
1.289200000000000057e-04
1.289600000000000121e-04
1.289999999999999914e-04
1.290399999999999978e-04
1.290800000000000042e-04
1.291200000000000106e-04
1.291599999999999899e-04
1.291999999999999963e-04
1.292400000000000027e-04
1.292800000000000091e-04
1.293200000000000155e-04
1.293599999999999947e-04
1.294000000000000011e-04
1.294400000000000075e-04
1.294800000000000139e-04
1.295199999999999932e-04
1.295599999999999996e-04
1.296000000000000060e-04
1.296400000000000124e-04
1.296799999999999917e-04
1.297199999999999981e-04
1.297600000000000045e-04
1.298000000000000109e-04
1.298399999999999901e-04
1.298799999999999965e-04
1.299200000000000029e-04
1.299600000000000093e-04
1.300000000000000157e-04
1.300399999999999950e-04
1.300800000000000014e-04
1.301200000000000078e-04
1.301600000000000142e-04
1.301999999999999935e-04
1.302399999999999999e-04
1.302800000000000063e-04
1.303200000000000127e-04
1.303599999999999919e-04
1.303999999999999983e-04
1.304400000000000047e-04
1.304800000000000111e-04
1.305199999999999904e-04
1.305599999999999968e-04
1.306000000000000032e-04
1.306400000000000096e-04
1.306800000000000160e-04
1.307199999999999953e-04
1.307600000000000017e-04
1.308000000000000081e-04
1.308400000000000145e-04
1.308799999999999937e-04
1.309200000000000001e-04
1.309600000000000065e-04
1.310000000000000129e-04
1.310399999999999922e-04
1.310799999999999986e-04
1.311200000000000050e-04
1.311600000000000114e-04
1.311999999999999907e-04
1.312399999999999971e-04
1.312800000000000035e-04
1.313200000000000099e-04
1.313600000000000162e-04
1.313999999999999955e-04
1.314400000000000019e-04
1.314800000000000083e-04
1.315200000000000147e-04
1.315599999999999940e-04
1.316000000000000004e-04
1.316400000000000068e-04
1.316800000000000132e-04
1.317199999999999925e-04
1.317599999999999989e-04
1.318000000000000053e-04
1.318400000000000117e-04
1.318799999999999909e-04
1.319199999999999973e-04
1.319600000000000037e-04
1.320000000000000101e-04
1.320399999999999894e-04
1.320799999999999958e-04
1.321200000000000022e-04
1.321600000000000086e-04
1.322000000000000150e-04
1.322399999999999943e-04
1.322800000000000007e-04
1.323200000000000071e-04
1.323600000000000134e-04
1.323999999999999927e-04
1.324399999999999991e-04
1.324800000000000055e-04
1.325200000000000119e-04
1.325599999999999912e-04
1.325999999999999976e-04
1.326400000000000040e-04
1.326800000000000104e-04
1.327199999999999897e-04
1.327599999999999961e-04
1.328000000000000025e-04
1.328400000000000089e-04
1.328800000000000152e-04
1.329199999999999945e-04
1.329600000000000009e-04
1.330000000000000073e-04
1.330400000000000137e-04
1.330799999999999930e-04
1.331199999999999994e-04
1.331600000000000058e-04
1.332000000000000122e-04
1.332399999999999915e-04
1.332799999999999979e-04
1.333200000000000043e-04
1.333600000000000107e-04
1.333999999999999899e-04
1.334399999999999963e-04
1.334800000000000027e-04
1.335200000000000091e-04
1.335600000000000155e-04
1.335999999999999948e-04
1.336400000000000012e-04
1.336800000000000076e-04
1.337200000000000140e-04
1.337599999999999933e-04
1.337999999999999997e-04
1.338400000000000061e-04
1.338800000000000124e-04
1.339199999999999917e-04
1.339599999999999981e-04
1.340000000000000045e-04
1.340400000000000109e-04
1.340799999999999902e-04
1.341199999999999966e-04
1.341600000000000030e-04
1.342000000000000094e-04
1.342400000000000158e-04
1.342799999999999951e-04
1.343200000000000015e-04
1.343600000000000079e-04
1.344000000000000142e-04
1.344399999999999935e-04
1.344799999999999999e-04
1.345200000000000063e-04
1.345600000000000127e-04
1.345999999999999920e-04
1.346399999999999984e-04
1.346800000000000048e-04
1.347200000000000112e-04
1.347599999999999905e-04
1.347999999999999969e-04
1.348400000000000033e-04
1.348800000000000097e-04
1.349200000000000160e-04
1.349599999999999953e-04
1.350000000000000017e-04
1.350400000000000081e-04
1.350800000000000145e-04
1.351199999999999938e-04
1.351600000000000002e-04
1.352000000000000066e-04
1.352400000000000130e-04
1.352799999999999923e-04
1.353199999999999987e-04
1.353600000000000051e-04
1.354000000000000114e-04
1.354399999999999907e-04
1.354799999999999971e-04
1.355200000000000035e-04
1.355600000000000099e-04
1.356000000000000163e-04
1.356399999999999956e-04
1.356800000000000020e-04
1.357200000000000084e-04
1.357600000000000148e-04
1.357999999999999941e-04
1.358400000000000005e-04
1.358800000000000069e-04
1.359200000000000132e-04
1.359599999999999925e-04
1.359999999999999989e-04
1.360400000000000053e-04
1.360800000000000117e-04
1.361199999999999910e-04
1.361599999999999974e-04
1.362000000000000038e-04
1.362400000000000102e-04
1.362799999999999895e-04
1.363199999999999959e-04
1.363600000000000023e-04
1.364000000000000087e-04
1.364400000000000150e-04
1.364799999999999943e-04
1.365200000000000007e-04
1.365600000000000071e-04
1.366000000000000135e-04
1.366399999999999928e-04
1.366799999999999992e-04
1.367200000000000056e-04
1.367600000000000120e-04
1.367999999999999913e-04
1.368399999999999977e-04
1.368800000000000041e-04
1.369200000000000104e-04
1.369599999999999897e-04
1.369999999999999961e-04
1.370400000000000025e-04
1.370800000000000089e-04
1.371200000000000153e-04
1.371599999999999946e-04
1.372000000000000010e-04
1.372400000000000074e-04
1.372800000000000138e-04
1.373199999999999931e-04
1.373599999999999995e-04
1.374000000000000059e-04
1.374400000000000122e-04
1.374799999999999915e-04
1.375199999999999979e-04
1.375600000000000043e-04
1.376000000000000107e-04
1.376399999999999900e-04
1.376799999999999964e-04
1.377200000000000028e-04
1.377600000000000092e-04
1.378000000000000156e-04
1.378399999999999949e-04
1.378800000000000013e-04
1.379200000000000077e-04
1.379600000000000140e-04
1.379999999999999933e-04
1.380399999999999997e-04
1.380800000000000061e-04
1.381200000000000125e-04
1.381599999999999918e-04
1.381999999999999982e-04
1.382400000000000046e-04
1.382800000000000110e-04
1.383199999999999903e-04
1.383599999999999967e-04
1.384000000000000031e-04
1.384400000000000094e-04
1.384800000000000158e-04
1.385199999999999951e-04
1.385600000000000015e-04
1.386000000000000079e-04
1.386400000000000143e-04
1.386799999999999936e-04
1.387200000000000000e-04
1.387600000000000064e-04
1.388000000000000128e-04
1.388399999999999921e-04
1.388799999999999985e-04
1.389200000000000049e-04
1.389600000000000112e-04
1.389999999999999905e-04
1.390399999999999969e-04
1.390800000000000033e-04
1.391200000000000097e-04
1.391600000000000161e-04
1.391999999999999954e-04
1.392400000000000018e-04
1.392800000000000082e-04
1.393200000000000146e-04
1.393599999999999939e-04
1.394000000000000003e-04
1.394400000000000066e-04
1.394800000000000130e-04
1.395199999999999923e-04
1.395599999999999987e-04
1.396000000000000051e-04
1.396400000000000115e-04
1.396799999999999908e-04
1.397199999999999972e-04
1.397600000000000036e-04
1.398000000000000100e-04
1.398400000000000164e-04
1.398799999999999957e-04
1.399200000000000021e-04
1.399600000000000084e-04
1.400000000000000148e-04
1.400399999999999941e-04
1.400800000000000005e-04
1.401200000000000069e-04
1.401600000000000133e-04
1.401999999999999926e-04
1.402399999999999990e-04
1.402800000000000054e-04
1.403200000000000118e-04
1.403599999999999911e-04
1.403999999999999975e-04
1.404400000000000039e-04
1.404800000000000102e-04
1.405199999999999895e-04
1.405599999999999959e-04
1.406000000000000023e-04
1.406400000000000087e-04
1.406800000000000151e-04
1.407199999999999944e-04
1.407600000000000008e-04
1.408000000000000072e-04
1.408400000000000136e-04
1.408799999999999929e-04
1.409199999999999993e-04
1.409600000000000056e-04
1.410000000000000120e-04
1.410399999999999913e-04
1.410799999999999977e-04
1.411200000000000041e-04
1.411600000000000105e-04
1.411999999999999898e-04
1.412399999999999962e-04
1.412800000000000026e-04
1.413200000000000090e-04
1.413600000000000154e-04
1.413999999999999947e-04
1.414400000000000011e-04
1.414800000000000074e-04
1.415200000000000138e-04
1.415599999999999931e-04
1.415999999999999995e-04
1.416400000000000059e-04
1.416800000000000123e-04
1.417199999999999916e-04
1.417599999999999980e-04
1.418000000000000044e-04
1.418400000000000108e-04
1.418799999999999901e-04
1.419199999999999965e-04
1.419600000000000029e-04
1.420000000000000092e-04
1.420400000000000156e-04
1.420799999999999949e-04
1.421200000000000013e-04
1.421600000000000077e-04
1.422000000000000141e-04
1.422399999999999934e-04
1.422799999999999998e-04
1.423200000000000062e-04
1.423600000000000126e-04
1.423999999999999919e-04
1.424399999999999983e-04
1.424800000000000046e-04
1.425200000000000110e-04
1.425599999999999903e-04
1.425999999999999967e-04
1.426400000000000031e-04
1.426800000000000095e-04
1.427200000000000159e-04
1.427599999999999952e-04
1.428000000000000016e-04
1.428400000000000080e-04
1.428800000000000144e-04
1.429199999999999937e-04
1.429600000000000001e-04
1.430000000000000064e-04
1.430400000000000128e-04
1.430799999999999921e-04
1.431199999999999985e-04
1.431600000000000049e-04
1.432000000000000113e-04
1.432399999999999906e-04
1.432799999999999970e-04
1.433200000000000034e-04
1.433600000000000098e-04
1.434000000000000162e-04
1.434399999999999955e-04
1.434800000000000019e-04
1.435200000000000082e-04
1.435600000000000146e-04
1.435999999999999939e-04
1.436400000000000003e-04
1.436800000000000067e-04
1.437200000000000131e-04
1.437599999999999924e-04
1.437999999999999988e-04
1.438400000000000052e-04
1.438800000000000116e-04
1.439199999999999909e-04
1.439599999999999973e-04
1.440000000000000036e-04
1.440400000000000100e-04
1.440800000000000164e-04
1.441199999999999957e-04
1.441600000000000021e-04
1.442000000000000085e-04
1.442400000000000149e-04
1.442799999999999942e-04
1.443200000000000006e-04
1.443600000000000070e-04
1.444000000000000134e-04
1.444399999999999927e-04
1.444799999999999991e-04
1.445200000000000054e-04
1.445600000000000118e-04
1.445999999999999911e-04
1.446399999999999975e-04
1.446800000000000039e-04
1.447200000000000103e-04
1.447599999999999896e-04
1.447999999999999960e-04
1.448400000000000024e-04
1.448800000000000088e-04
1.449200000000000152e-04
1.449599999999999945e-04
1.450000000000000009e-04
1.450400000000000072e-04
1.450800000000000136e-04
1.451199999999999929e-04
1.451599999999999993e-04
1.452000000000000057e-04
1.452400000000000121e-04
1.452799999999999914e-04
1.453199999999999978e-04
1.453600000000000042e-04
1.454000000000000106e-04
1.454399999999999899e-04
1.454799999999999963e-04
1.455200000000000026e-04
1.455600000000000090e-04
1.456000000000000154e-04
1.456399999999999947e-04
1.456800000000000011e-04
1.457200000000000075e-04
1.457600000000000139e-04
1.457999999999999932e-04
1.458399999999999996e-04
1.458800000000000060e-04
1.459200000000000124e-04
1.459599999999999917e-04
1.459999999999999981e-04
1.460400000000000044e-04
1.460800000000000108e-04
1.461199999999999901e-04
1.461599999999999965e-04
1.462000000000000029e-04
1.462400000000000093e-04
1.462800000000000157e-04
1.463199999999999950e-04
1.463600000000000014e-04
1.464000000000000078e-04
1.464400000000000142e-04
1.464799999999999935e-04
1.465199999999999998e-04
1.465600000000000062e-04
1.466000000000000126e-04
1.466399999999999919e-04
1.466799999999999983e-04
1.467200000000000047e-04
1.467600000000000111e-04
1.467999999999999904e-04
1.468399999999999968e-04
1.468800000000000032e-04
1.469200000000000096e-04
1.469600000000000160e-04
1.469999999999999953e-04
1.470400000000000016e-04
1.470800000000000080e-04
1.471200000000000144e-04
1.471599999999999937e-04
1.472000000000000001e-04
1.472400000000000065e-04
1.472800000000000129e-04
1.473199999999999922e-04
1.473599999999999986e-04
1.474000000000000050e-04
1.474400000000000114e-04
1.474799999999999907e-04
1.475199999999999971e-04
1.475600000000000034e-04
1.476000000000000098e-04
1.476400000000000162e-04
1.476799999999999955e-04
1.477200000000000019e-04
1.477600000000000083e-04
1.478000000000000147e-04
1.478399999999999940e-04
1.478800000000000004e-04
1.479200000000000068e-04
1.479600000000000132e-04
1.479999999999999925e-04
1.480399999999999988e-04
1.480800000000000052e-04
1.481200000000000116e-04
1.481599999999999909e-04
1.481999999999999973e-04
1.482400000000000037e-04
1.482800000000000101e-04
1.483200000000000165e-04
1.483599999999999958e-04
1.484000000000000022e-04
1.484400000000000086e-04
1.484800000000000150e-04
1.485199999999999943e-04
1.485600000000000006e-04
1.486000000000000070e-04
1.486400000000000134e-04
1.486799999999999927e-04
1.487199999999999991e-04
1.487600000000000055e-04
1.488000000000000119e-04
1.488399999999999912e-04
1.488799999999999976e-04
1.489200000000000040e-04
1.489600000000000104e-04
1.489999999999999897e-04
1.490399999999999961e-04
1.490800000000000024e-04
1.491200000000000088e-04
1.491600000000000152e-04
1.491999999999999945e-04
1.492400000000000009e-04
1.492800000000000073e-04
1.493200000000000137e-04
1.493599999999999930e-04
1.493999999999999994e-04
1.494400000000000058e-04
1.494800000000000122e-04
1.495199999999999915e-04
1.495599999999999978e-04
1.496000000000000042e-04
1.496400000000000106e-04
1.496799999999999899e-04
1.497199999999999963e-04
1.497600000000000027e-04
1.498000000000000091e-04
1.498400000000000155e-04
1.498799999999999948e-04
1.499200000000000012e-04
1.499600000000000076e-04
1.500000000000000140e-04
1.500399999999999933e-04
1.500799999999999996e-04
1.501200000000000060e-04
1.501600000000000124e-04
1.501999999999999917e-04
1.502399999999999981e-04
1.502800000000000045e-04
1.503200000000000109e-04
1.503599999999999902e-04
1.503999999999999966e-04
1.504400000000000030e-04
1.504800000000000094e-04
1.505200000000000158e-04
1.505599999999999951e-04
1.506000000000000014e-04
1.506400000000000078e-04
1.506800000000000142e-04
1.507199999999999935e-04
1.507599999999999999e-04
1.508000000000000063e-04
1.508400000000000127e-04
1.508799999999999920e-04
1.509199999999999984e-04
1.509600000000000048e-04
1.510000000000000112e-04
1.510399999999999905e-04
1.510799999999999968e-04
1.511200000000000032e-04
1.511600000000000096e-04
1.512000000000000160e-04
1.512399999999999953e-04
1.512800000000000017e-04
1.513200000000000081e-04
1.513600000000000145e-04
1.513999999999999938e-04
1.514400000000000002e-04
1.514800000000000066e-04
1.515200000000000130e-04
1.515599999999999923e-04
1.515999999999999986e-04
1.516400000000000050e-04
1.516800000000000114e-04
1.517199999999999907e-04
1.517599999999999971e-04
1.518000000000000035e-04
1.518400000000000099e-04
1.518800000000000163e-04
1.519199999999999956e-04
1.519600000000000020e-04
1.520000000000000084e-04
1.520400000000000148e-04
1.520799999999999940e-04
1.521200000000000004e-04
1.521600000000000068e-04
1.522000000000000132e-04
1.522399999999999925e-04
1.522799999999999989e-04
1.523200000000000053e-04
1.523600000000000117e-04
1.523999999999999910e-04
1.524399999999999974e-04
1.524800000000000038e-04
1.525200000000000102e-04
1.525600000000000166e-04
1.525999999999999958e-04
1.526400000000000022e-04
1.526800000000000086e-04
1.527200000000000150e-04
1.527599999999999943e-04
1.528000000000000007e-04
1.528400000000000071e-04
1.528800000000000135e-04
1.529199999999999928e-04
1.529599999999999992e-04
1.530000000000000056e-04
1.530400000000000120e-04
1.530799999999999913e-04
1.531199999999999976e-04
1.531600000000000040e-04
1.532000000000000104e-04
1.532399999999999897e-04
1.532799999999999961e-04
1.533200000000000025e-04
1.533600000000000089e-04
1.534000000000000153e-04
1.534399999999999946e-04
1.534800000000000010e-04
1.535200000000000074e-04
1.535600000000000138e-04
1.535999999999999930e-04
1.536399999999999994e-04
1.536800000000000058e-04
1.537200000000000122e-04
1.537599999999999915e-04
1.537999999999999979e-04
1.538400000000000043e-04
1.538800000000000107e-04
1.539199999999999900e-04
1.539599999999999964e-04
1.540000000000000028e-04
1.540400000000000092e-04
1.540800000000000156e-04
1.541199999999999948e-04
1.541600000000000012e-04
1.542000000000000076e-04
1.542400000000000140e-04
1.542799999999999933e-04
1.543199999999999997e-04
1.543600000000000061e-04
1.544000000000000125e-04
1.544399999999999918e-04
1.544799999999999982e-04
1.545200000000000046e-04
1.545600000000000110e-04
1.545999999999999903e-04
1.546399999999999966e-04
1.546800000000000030e-04
1.547200000000000094e-04
1.547600000000000158e-04
1.547999999999999951e-04
1.548400000000000015e-04
1.548800000000000079e-04
1.549200000000000143e-04
1.549599999999999936e-04
1.550000000000000000e-04
1.550400000000000064e-04
1.550800000000000128e-04
1.551199999999999920e-04
1.551599999999999984e-04
1.552000000000000048e-04
1.552400000000000112e-04
1.552799999999999905e-04
1.553199999999999969e-04
1.553600000000000033e-04
1.554000000000000097e-04
1.554400000000000161e-04
1.554799999999999954e-04
1.555200000000000018e-04
1.555600000000000082e-04
1.556000000000000146e-04
1.556399999999999938e-04
1.556800000000000002e-04
1.557200000000000066e-04
1.557600000000000130e-04
1.557999999999999923e-04
1.558399999999999987e-04
1.558800000000000051e-04
1.559200000000000115e-04
1.559599999999999908e-04
1.559999999999999972e-04
1.560400000000000036e-04
1.560800000000000100e-04
1.561200000000000164e-04
1.561599999999999956e-04
1.562000000000000020e-04
1.562400000000000084e-04
1.562800000000000148e-04
1.563199999999999941e-04
1.563600000000000005e-04
1.564000000000000069e-04
1.564400000000000133e-04
1.564799999999999926e-04
1.565199999999999990e-04
1.565600000000000054e-04
1.566000000000000118e-04
1.566399999999999910e-04
1.566799999999999974e-04
1.567200000000000038e-04
1.567600000000000102e-04
1.568000000000000166e-04
1.568399999999999959e-04
1.568800000000000023e-04
1.569200000000000087e-04
1.569600000000000151e-04
1.569999999999999944e-04
1.570400000000000008e-04
1.570800000000000072e-04
1.571200000000000136e-04
1.571599999999999928e-04
1.571999999999999992e-04
1.572400000000000056e-04
1.572800000000000120e-04
1.573199999999999913e-04
1.573599999999999977e-04
1.574000000000000041e-04
1.574400000000000105e-04
1.574799999999999898e-04
1.575199999999999962e-04
1.575600000000000026e-04
1.576000000000000090e-04
1.576400000000000154e-04
1.576799999999999946e-04
1.577200000000000010e-04
1.577600000000000074e-04
1.578000000000000138e-04
1.578399999999999931e-04
1.578799999999999995e-04
1.579200000000000059e-04
1.579600000000000123e-04
1.579999999999999916e-04
1.580399999999999980e-04
1.580800000000000044e-04
1.581200000000000108e-04
1.581599999999999900e-04
1.581999999999999964e-04
1.582400000000000028e-04
1.582800000000000092e-04
1.583200000000000156e-04
1.583599999999999949e-04
1.584000000000000013e-04
1.584400000000000077e-04
1.584800000000000141e-04
1.585199999999999934e-04
1.585599999999999998e-04
1.586000000000000062e-04
1.586400000000000126e-04
1.586799999999999918e-04
