0.000000000000000000e+00
4.096000000000000086e-05
8.192000000000000171e-05
1.228800000000000161e-04
1.638400000000000034e-04
2.047999999999999907e-04
2.457600000000000322e-04
2.867200000000000196e-04
3.276800000000000069e-04
3.686399999999999942e-04
4.095999999999999815e-04
4.505600000000000230e-04
4.915200000000000645e-04
5.324799999999999976e-04
5.734400000000000391e-04
6.143999999999999722e-04
6.553600000000000137e-04
6.963200000000000552e-04
7.372799999999999883e-04
7.782400000000000298e-04
8.191999999999999629e-04
8.601600000000000044e-04
9.011200000000000460e-04
9.420799999999999791e-04
9.830400000000001290e-04
1.023999999999999954e-03
1.064959999999999995e-03
1.105920000000000037e-03
1.146880000000000078e-03
1.187840000000000120e-03
1.228799999999999944e-03
1.269759999999999986e-03
1.310720000000000027e-03
1.351680000000000069e-03
1.392640000000000110e-03
1.433599999999999935e-03
1.474559999999999977e-03
1.515520000000000018e-03
1.556480000000000060e-03
1.597440000000000101e-03
1.638399999999999926e-03
1.679359999999999967e-03
1.720320000000000009e-03
1.761280000000000050e-03
1.802240000000000092e-03
1.843200000000000133e-03
1.884159999999999958e-03
1.925120000000000000e-03
1.966080000000000258e-03
2.007039999999999866e-03
2.047999999999999907e-03
2.088959999999999949e-03
2.129919999999999990e-03
2.170880000000000032e-03
2.211840000000000073e-03
2.252800000000000115e-03
2.293760000000000156e-03
2.334720000000000198e-03
2.375680000000000239e-03
2.416639999999999847e-03
2.457599999999999889e-03
2.498559999999999930e-03
2.539519999999999972e-03
2.580480000000000013e-03
2.621440000000000055e-03
2.662400000000000096e-03
2.703360000000000138e-03
2.744320000000000179e-03
2.785280000000000221e-03
2.826240000000000262e-03
2.867199999999999870e-03
2.908159999999999912e-03
2.949119999999999953e-03
2.990079999999999995e-03
3.031040000000000036e-03
3.072000000000000078e-03
3.112960000000000119e-03
3.153920000000000161e-03
3.194880000000000202e-03
3.235840000000000244e-03
3.276799999999999852e-03
3.317759999999999893e-03
3.358719999999999935e-03
3.399679999999999976e-03
3.440640000000000018e-03
3.481600000000000059e-03
3.522560000000000101e-03
3.563520000000000142e-03
3.604480000000000184e-03
3.645440000000000225e-03
3.686400000000000267e-03
3.727359999999999875e-03
3.768319999999999916e-03
3.809279999999999958e-03
3.850239999999999999e-03
3.891200000000000041e-03
3.932160000000000516e-03
3.973120000000000124e-03
4.014079999999999732e-03
4.055040000000000207e-03
4.095999999999999815e-03
4.136960000000000290e-03
4.177919999999999898e-03
4.218880000000000373e-03
4.259839999999999981e-03
4.300800000000000456e-03
4.341760000000000064e-03
4.382719999999999672e-03
4.423680000000000147e-03
4.464639999999999755e-03
4.505600000000000230e-03
4.546559999999999838e-03
4.587520000000000313e-03
4.628479999999999921e-03
4.669440000000000396e-03
4.710400000000000004e-03
4.751360000000000479e-03
4.792320000000000087e-03
4.833279999999999695e-03
4.874240000000000170e-03
4.915199999999999778e-03
4.956160000000000253e-03
4.997119999999999861e-03
5.038080000000000336e-03
5.079039999999999944e-03
5.120000000000000419e-03
5.160960000000000027e-03
5.201920000000000502e-03
5.242880000000000110e-03
5.283839999999999718e-03
5.324800000000000193e-03
5.365759999999999801e-03
5.406720000000000276e-03
5.447679999999999884e-03
5.488640000000000359e-03
5.529599999999999967e-03
5.570560000000000442e-03
5.611520000000000050e-03
5.652480000000000525e-03
5.693440000000000133e-03
5.734399999999999741e-03
5.775360000000000216e-03
5.816319999999999824e-03
5.857280000000000299e-03
5.898239999999999907e-03
5.939200000000000382e-03
5.980159999999999990e-03
6.021120000000000465e-03
6.062080000000000073e-03
6.103040000000000548e-03
6.144000000000000156e-03
6.184959999999999763e-03
6.225920000000000239e-03
6.266879999999999847e-03
6.307840000000000322e-03
6.348799999999999930e-03
6.389760000000000405e-03
6.430720000000000013e-03
6.471680000000000488e-03
6.512640000000000096e-03
6.553599999999999703e-03
6.594560000000000179e-03
6.635519999999999786e-03
6.676480000000000262e-03
6.717439999999999869e-03
6.758400000000000345e-03
6.799359999999999953e-03
6.840320000000000428e-03
6.881280000000000036e-03
6.922240000000000511e-03
6.963200000000000119e-03
7.004159999999999726e-03
7.045120000000000202e-03
7.086079999999999809e-03
7.127040000000000285e-03
7.167999999999999892e-03
7.208960000000000368e-03
7.249919999999999976e-03
7.290880000000000451e-03
7.331840000000000059e-03
7.372800000000000534e-03
7.413760000000000142e-03
7.454719999999999749e-03
7.495680000000000225e-03
7.536639999999999832e-03
7.577600000000000308e-03
7.618559999999999915e-03
7.659520000000000391e-03
7.700479999999999998e-03
7.741440000000000474e-03
7.782400000000000082e-03
7.823359999999999689e-03
7.864320000000001032e-03
7.905280000000000640e-03
7.946240000000000248e-03
7.987199999999999855e-03
8.028159999999999463e-03
8.069120000000000806e-03
8.110080000000000414e-03
8.151040000000000021e-03
8.191999999999999629e-03
8.232960000000000972e-03
8.273920000000000580e-03
8.314880000000000188e-03
8.355839999999999795e-03
8.396799999999999403e-03
8.437760000000000746e-03
8.478720000000000354e-03
8.519679999999999961e-03
8.560639999999999569e-03
8.601600000000000912e-03
8.642560000000000520e-03
8.683520000000000127e-03
8.724479999999999735e-03
8.765439999999999343e-03
8.806400000000000686e-03
8.847360000000000294e-03
8.888319999999999901e-03
8.929279999999999509e-03
8.970240000000000852e-03
9.011200000000000460e-03
9.052160000000000067e-03
9.093119999999999675e-03
9.134080000000001018e-03
9.175040000000000626e-03
9.216000000000000233e-03
9.256959999999999841e-03
9.297919999999999449e-03
9.338880000000000792e-03
9.379840000000000400e-03
9.420800000000000007e-03
9.461759999999999615e-03
9.502720000000000958e-03
9.543680000000000566e-03
9.584640000000000173e-03
9.625599999999999781e-03
9.666559999999999389e-03
9.707520000000000732e-03
9.748480000000000339e-03
9.789439999999999947e-03
9.830399999999999555e-03
9.871360000000000898e-03
9.912320000000000506e-03
9.953280000000000113e-03
9.994239999999999721e-03
1.003520000000000106e-02
1.007616000000000067e-02
1.011712000000000028e-02
1.015807999999999989e-02
1.019903999999999950e-02
1.024000000000000084e-02
1.028096000000000045e-02
1.032192000000000005e-02
1.036287999999999966e-02
1.040384000000000100e-02
1.044480000000000061e-02
1.048576000000000022e-02
1.052671999999999983e-02
1.056767999999999944e-02
1.060864000000000078e-02
1.064960000000000039e-02
1.069055999999999999e-02
1.073151999999999960e-02
1.077248000000000094e-02
1.081344000000000055e-02
1.085440000000000016e-02
1.089535999999999977e-02
1.093631999999999938e-02
1.097728000000000072e-02
1.101824000000000033e-02
1.105919999999999993e-02
1.110015999999999954e-02
1.114112000000000088e-02
1.118208000000000049e-02
1.122304000000000010e-02
1.126399999999999971e-02
1.130496000000000105e-02
1.134592000000000066e-02
1.138688000000000027e-02
1.142783999999999987e-02
1.146879999999999948e-02
1.150976000000000082e-02
1.155072000000000043e-02
1.159168000000000004e-02
1.163263999999999965e-02
1.167360000000000099e-02
1.171456000000000060e-02
1.175552000000000021e-02
1.179647999999999981e-02
1.183743999999999942e-02
1.187840000000000076e-02
1.191936000000000037e-02
1.196031999999999998e-02
1.200127999999999959e-02
1.204224000000000093e-02
1.208320000000000054e-02
1.212416000000000015e-02
1.216511999999999975e-02
1.220608000000000110e-02
1.224704000000000070e-02
1.228800000000000031e-02
1.232895999999999992e-02
1.236991999999999953e-02
1.241088000000000087e-02
1.245184000000000048e-02
1.249280000000000009e-02
1.253375999999999969e-02
1.257472000000000104e-02
1.261568000000000064e-02
1.265664000000000025e-02
1.269759999999999986e-02
1.273855999999999947e-02
1.277952000000000081e-02
1.282048000000000042e-02
1.286144000000000003e-02
1.290239999999999963e-02
1.294336000000000098e-02
1.298432000000000058e-02
1.302528000000000019e-02
1.306623999999999980e-02
1.310719999999999941e-02
1.314816000000000075e-02
1.318912000000000036e-02
1.323007999999999997e-02
1.327103999999999957e-02
1.331200000000000092e-02
1.335296000000000052e-02
1.339392000000000013e-02
1.343487999999999974e-02
1.347584000000000108e-02
1.351680000000000069e-02
1.355776000000000030e-02
1.359871999999999991e-02
1.363967999999999951e-02
1.368064000000000086e-02
1.372160000000000046e-02
1.376256000000000007e-02
1.380351999999999968e-02
1.384448000000000102e-02
1.388544000000000063e-02
1.392640000000000024e-02
1.396735999999999984e-02
1.400831999999999945e-02
1.404928000000000080e-02
1.409024000000000040e-02
1.413120000000000001e-02
1.417215999999999962e-02
1.421312000000000096e-02
1.425408000000000057e-02
1.429504000000000018e-02
1.433599999999999978e-02
1.437696000000000113e-02
1.441792000000000074e-02
1.445888000000000034e-02
1.449983999999999995e-02
1.454079999999999956e-02
1.458176000000000090e-02
1.462272000000000051e-02
1.466368000000000012e-02
1.470463999999999972e-02
1.474560000000000107e-02
1.478656000000000068e-02
1.482752000000000028e-02
1.486847999999999989e-02
1.490943999999999950e-02
1.495040000000000084e-02
1.499136000000000045e-02
1.503232000000000006e-02
1.507327999999999966e-02
1.511424000000000101e-02
1.515520000000000062e-02
1.519616000000000022e-02
1.523711999999999983e-02
1.527808000000000117e-02
1.531904000000000078e-02
1.536000000000000039e-02
1.540096000000000000e-02
1.544191999999999960e-02
1.548288000000000095e-02
1.552384000000000056e-02
1.556480000000000016e-02
1.560575999999999977e-02
1.564671999999999938e-02
1.568767999999999899e-02
1.572864000000000206e-02
1.576960000000000167e-02
1.581056000000000128e-02
1.585152000000000089e-02
1.589248000000000050e-02
1.593344000000000010e-02
1.597439999999999971e-02
1.601535999999999932e-02
1.605631999999999893e-02
1.609728000000000200e-02
1.613824000000000161e-02
1.617920000000000122e-02
1.622016000000000083e-02
1.626112000000000044e-02
1.630208000000000004e-02
1.634303999999999965e-02
1.638399999999999926e-02
1.642495999999999887e-02
1.646592000000000194e-02
1.650688000000000155e-02
1.654784000000000116e-02
1.658880000000000077e-02
1.662976000000000038e-02
1.667071999999999998e-02
1.671167999999999959e-02
1.675263999999999920e-02
1.679359999999999881e-02
1.683456000000000188e-02
1.687552000000000149e-02
1.691648000000000110e-02
1.695744000000000071e-02
1.699840000000000031e-02
1.703935999999999992e-02
1.708031999999999953e-02
1.712127999999999914e-02
1.716223999999999875e-02
1.720320000000000182e-02
1.724416000000000143e-02
1.728512000000000104e-02
1.732608000000000065e-02
1.736704000000000025e-02
1.740799999999999986e-02
1.744895999999999947e-02
1.748991999999999908e-02
1.753087999999999869e-02
1.757184000000000176e-02
1.761280000000000137e-02
1.765376000000000098e-02
1.769472000000000059e-02
1.773568000000000019e-02
1.777663999999999980e-02
1.781759999999999941e-02
1.785855999999999902e-02
1.789952000000000210e-02
1.794048000000000170e-02
1.798144000000000131e-02
1.802240000000000092e-02
1.806336000000000053e-02
1.810432000000000013e-02
1.814527999999999974e-02
1.818623999999999935e-02
1.822719999999999896e-02
1.826816000000000204e-02
1.830912000000000164e-02
1.835008000000000125e-02
1.839104000000000086e-02
1.843200000000000047e-02
1.847296000000000007e-02
1.851391999999999968e-02
1.855487999999999929e-02
1.859583999999999890e-02
1.863680000000000198e-02
1.867776000000000158e-02
1.871872000000000119e-02
1.875968000000000080e-02
1.880064000000000041e-02
1.884160000000000001e-02
1.888255999999999962e-02
1.892351999999999923e-02
1.896447999999999884e-02
1.900544000000000192e-02
1.904640000000000152e-02
1.908736000000000113e-02
1.912832000000000074e-02
1.916928000000000035e-02
1.921023999999999995e-02
1.925119999999999956e-02
1.929215999999999917e-02
1.933311999999999878e-02
1.937408000000000186e-02
1.941504000000000146e-02
1.945600000000000107e-02
1.949696000000000068e-02
1.953792000000000029e-02
1.957887999999999989e-02
1.961983999999999950e-02
1.966079999999999911e-02
1.970175999999999872e-02
1.974272000000000180e-02
1.978368000000000140e-02
1.982464000000000101e-02
1.986560000000000062e-02
1.990656000000000023e-02
1.994751999999999983e-02
1.998847999999999944e-02
2.002943999999999905e-02
2.007040000000000213e-02
2.011136000000000174e-02
2.015232000000000134e-02
2.019328000000000095e-02
2.023424000000000056e-02
2.027520000000000017e-02
2.031615999999999977e-02
2.035711999999999938e-02
2.039807999999999899e-02
2.043904000000000207e-02
2.048000000000000168e-02
2.052096000000000128e-02
2.056192000000000089e-02
2.060288000000000050e-02
2.064384000000000011e-02
2.068479999999999971e-02
2.072575999999999932e-02
2.076671999999999893e-02
2.080768000000000201e-02
2.084864000000000162e-02
2.088960000000000122e-02
2.093056000000000083e-02
2.097152000000000044e-02
2.101248000000000005e-02
2.105343999999999965e-02
2.109439999999999926e-02
2.113535999999999887e-02
2.117632000000000195e-02
2.121728000000000156e-02
2.125824000000000116e-02
2.129920000000000077e-02
2.134016000000000038e-02
2.138111999999999999e-02
2.142207999999999959e-02
2.146303999999999920e-02
2.150399999999999881e-02
2.154496000000000189e-02
2.158592000000000150e-02
2.162688000000000110e-02
2.166784000000000071e-02
2.170880000000000032e-02
2.174975999999999993e-02
2.179071999999999953e-02
2.183167999999999914e-02
2.187263999999999875e-02
2.191360000000000183e-02
2.195456000000000144e-02
2.199552000000000104e-02
2.203648000000000065e-02
2.207744000000000026e-02
2.211839999999999987e-02
2.215935999999999947e-02
2.220031999999999908e-02
2.224128000000000216e-02
2.228224000000000177e-02
2.232320000000000138e-02
2.236416000000000098e-02
2.240512000000000059e-02
2.244608000000000020e-02
2.248703999999999981e-02
2.252799999999999941e-02
2.256895999999999902e-02
2.260992000000000210e-02
2.265088000000000171e-02
2.269184000000000132e-02
2.273280000000000092e-02
2.277376000000000053e-02
2.281472000000000014e-02
2.285567999999999975e-02
2.289663999999999935e-02
2.293759999999999896e-02
2.297856000000000204e-02
2.301952000000000165e-02
2.306048000000000125e-02
2.310144000000000086e-02
2.314240000000000047e-02
2.318336000000000008e-02
2.322431999999999969e-02
2.326527999999999929e-02
2.330623999999999890e-02
2.334720000000000198e-02
2.338816000000000159e-02
2.342912000000000119e-02
2.347008000000000080e-02
2.351104000000000041e-02
2.355200000000000002e-02
2.359295999999999963e-02
2.363391999999999923e-02
2.367487999999999884e-02
2.371584000000000192e-02
2.375680000000000153e-02
2.379776000000000113e-02
2.383872000000000074e-02
2.387968000000000035e-02
2.392063999999999996e-02
2.396159999999999957e-02
2.400255999999999917e-02
2.404351999999999878e-02
2.408448000000000186e-02
2.412544000000000147e-02
2.416640000000000107e-02
2.420736000000000068e-02
2.424832000000000029e-02
2.428927999999999990e-02
2.433023999999999951e-02
2.437119999999999911e-02
2.441216000000000219e-02
2.445312000000000180e-02
2.449408000000000141e-02
2.453504000000000101e-02
2.457600000000000062e-02
2.461696000000000023e-02
2.465791999999999984e-02
2.469887999999999945e-02
2.473983999999999905e-02
2.478080000000000213e-02
2.482176000000000174e-02
2.486272000000000135e-02
2.490368000000000095e-02
2.494464000000000056e-02
2.498560000000000017e-02
2.502655999999999978e-02
2.506751999999999939e-02
2.510847999999999899e-02
2.514944000000000207e-02
2.519040000000000168e-02
2.523136000000000129e-02
2.527232000000000089e-02
2.531328000000000050e-02
2.535424000000000011e-02
2.539519999999999972e-02
2.543615999999999933e-02
2.547711999999999893e-02
2.551808000000000201e-02
2.555904000000000162e-02
2.560000000000000123e-02
2.564096000000000083e-02
2.568192000000000044e-02
2.572288000000000005e-02
2.576383999999999966e-02
2.580479999999999927e-02
2.584575999999999887e-02
2.588672000000000195e-02
2.592768000000000156e-02
2.596864000000000117e-02
2.600960000000000077e-02
2.605056000000000038e-02
2.609151999999999999e-02
2.613247999999999960e-02
2.617343999999999921e-02
2.621439999999999881e-02
2.625536000000000189e-02
2.629632000000000150e-02
2.633728000000000111e-02
2.637824000000000071e-02
2.641920000000000032e-02
2.646015999999999993e-02
2.650111999999999954e-02
2.654207999999999915e-02
2.658304000000000222e-02
2.662400000000000183e-02
2.666496000000000144e-02
2.670592000000000105e-02
2.674688000000000065e-02
2.678784000000000026e-02
2.682879999999999987e-02
2.686975999999999948e-02
2.691071999999999909e-02
2.695168000000000216e-02
2.699264000000000177e-02
2.703360000000000138e-02
2.707456000000000099e-02
2.711552000000000059e-02
2.715648000000000020e-02
2.719743999999999981e-02
2.723839999999999942e-02
2.727935999999999903e-02
2.732032000000000210e-02
2.736128000000000171e-02
2.740224000000000132e-02
2.744320000000000093e-02
2.748416000000000053e-02
2.752512000000000014e-02
2.756607999999999975e-02
2.760703999999999936e-02
2.764799999999999897e-02
2.768896000000000204e-02
2.772992000000000165e-02
2.777088000000000126e-02
2.781184000000000087e-02
2.785280000000000047e-02
2.789376000000000008e-02
2.793471999999999969e-02
2.797567999999999930e-02
2.801663999999999891e-02
2.805760000000000198e-02
2.809856000000000159e-02
2.813952000000000120e-02
2.818048000000000081e-02
2.822144000000000041e-02
2.826240000000000002e-02
2.830335999999999963e-02
2.834431999999999924e-02
2.838528000000000232e-02
2.842624000000000192e-02
2.846720000000000153e-02
2.850816000000000114e-02
2.854912000000000075e-02
2.859008000000000035e-02
2.863103999999999996e-02
2.867199999999999957e-02
2.871295999999999918e-02
2.875392000000000226e-02
2.879488000000000186e-02
2.883584000000000147e-02
2.887680000000000108e-02
2.891776000000000069e-02
2.895872000000000029e-02
2.899967999999999990e-02
2.904063999999999951e-02
2.908159999999999912e-02
2.912256000000000219e-02
2.916352000000000180e-02
2.920448000000000141e-02
2.924544000000000102e-02
2.928640000000000063e-02
2.932736000000000023e-02
2.936831999999999984e-02
2.940927999999999945e-02
2.945023999999999906e-02
2.949120000000000213e-02
2.953216000000000174e-02
2.957312000000000135e-02
2.961408000000000096e-02
2.965504000000000057e-02
2.969600000000000017e-02
2.973695999999999978e-02
2.977791999999999939e-02
2.981887999999999900e-02
2.985984000000000207e-02
2.990080000000000168e-02
2.994176000000000129e-02
2.998272000000000090e-02
3.002368000000000051e-02
3.006464000000000011e-02
3.010559999999999972e-02
3.014655999999999933e-02
3.018751999999999894e-02
3.022848000000000201e-02
3.026944000000000162e-02
3.031040000000000123e-02
3.035136000000000084e-02
3.039232000000000045e-02
3.043328000000000005e-02
3.047423999999999966e-02
3.051519999999999927e-02
3.055616000000000235e-02
3.059712000000000195e-02
3.063808000000000156e-02
3.067904000000000117e-02
3.072000000000000078e-02
3.076096000000000039e-02
3.080191999999999999e-02
3.084287999999999960e-02
3.088383999999999921e-02
3.092480000000000229e-02
3.096576000000000189e-02
3.100672000000000150e-02
3.104768000000000111e-02
3.108864000000000072e-02
3.112960000000000033e-02
3.117055999999999993e-02
3.121151999999999954e-02
3.125247999999999915e-02
3.129343999999999876e-02
3.133439999999999837e-02
3.137535999999999797e-02
3.141631999999999758e-02
3.145728000000000413e-02
3.149824000000000374e-02
3.153920000000000334e-02
3.158016000000000295e-02
3.162112000000000256e-02
3.166208000000000217e-02
3.170304000000000177e-02
3.174400000000000138e-02
3.178496000000000099e-02
3.182592000000000060e-02
3.186688000000000021e-02
3.190783999999999981e-02
3.194879999999999942e-02
3.198975999999999903e-02
3.203071999999999864e-02
3.207167999999999825e-02
3.211263999999999785e-02
3.215359999999999746e-02
3.219456000000000401e-02
3.223552000000000362e-02
3.227648000000000322e-02
3.231744000000000283e-02
3.235840000000000244e-02
3.239936000000000205e-02
3.244032000000000165e-02
3.248128000000000126e-02
3.252224000000000087e-02
3.256320000000000048e-02
3.260416000000000009e-02
3.264511999999999969e-02
3.268607999999999930e-02
3.272703999999999891e-02
3.276799999999999852e-02
3.280895999999999813e-02
3.284991999999999773e-02
3.289087999999999734e-02
3.293184000000000389e-02
3.297280000000000350e-02
3.301376000000000310e-02
3.305472000000000271e-02
3.309568000000000232e-02
3.313664000000000193e-02
3.317760000000000153e-02
3.321856000000000114e-02
3.325952000000000075e-02
3.330048000000000036e-02
3.334143999999999997e-02
3.338239999999999957e-02
3.342335999999999918e-02
3.346431999999999879e-02
3.350527999999999840e-02
3.354623999999999800e-02
3.358719999999999761e-02
3.362816000000000416e-02
3.366912000000000377e-02
3.371008000000000338e-02
3.375104000000000298e-02
3.379200000000000259e-02
3.383296000000000220e-02
3.387392000000000181e-02
3.391488000000000141e-02
3.395584000000000102e-02
3.399680000000000063e-02
3.403776000000000024e-02
3.407871999999999985e-02
3.411967999999999945e-02
3.416063999999999906e-02
3.420159999999999867e-02
3.424255999999999828e-02
3.428351999999999788e-02
3.432447999999999749e-02
3.436544000000000404e-02
3.440640000000000365e-02
3.444736000000000326e-02
3.448832000000000286e-02
3.452928000000000247e-02
3.457024000000000208e-02
3.461120000000000169e-02
3.465216000000000129e-02
3.469312000000000090e-02
3.473408000000000051e-02
3.477504000000000012e-02
3.481599999999999973e-02
3.485695999999999933e-02
3.489791999999999894e-02
3.493887999999999855e-02
3.497983999999999816e-02
3.502079999999999776e-02
3.506175999999999737e-02
3.510272000000000392e-02
3.514368000000000353e-02
3.518464000000000313e-02
3.522560000000000274e-02
3.526656000000000235e-02
3.530752000000000196e-02
3.534848000000000157e-02
3.538944000000000117e-02
3.543040000000000078e-02
3.547136000000000039e-02
3.551232000000000000e-02
3.555327999999999961e-02
3.559423999999999921e-02
3.563519999999999882e-02
3.567615999999999843e-02
3.571711999999999804e-02
3.575807999999999764e-02
3.579904000000000419e-02
3.584000000000000380e-02
3.588096000000000341e-02
3.592192000000000301e-02
3.596288000000000262e-02
3.600384000000000223e-02
3.604480000000000184e-02
3.608576000000000145e-02
3.612672000000000105e-02
3.616768000000000066e-02
3.620864000000000027e-02
3.624959999999999988e-02
3.629055999999999949e-02
3.633151999999999909e-02
3.637247999999999870e-02
3.641343999999999831e-02
3.645439999999999792e-02
3.649535999999999752e-02
3.653632000000000407e-02
3.657728000000000368e-02
3.661824000000000329e-02
3.665920000000000289e-02
3.670016000000000250e-02
3.674112000000000211e-02
3.678208000000000172e-02
3.682304000000000133e-02
3.686400000000000093e-02
3.690496000000000054e-02
3.694592000000000015e-02
3.698687999999999976e-02
3.702783999999999937e-02
3.706879999999999897e-02
3.710975999999999858e-02
3.715071999999999819e-02
3.719167999999999780e-02
3.723263999999999740e-02
3.727360000000000395e-02
3.731456000000000356e-02
3.735552000000000317e-02
3.739648000000000277e-02
3.743744000000000238e-02
3.747840000000000199e-02
3.751936000000000160e-02
3.756032000000000121e-02
3.760128000000000081e-02
3.764224000000000042e-02
3.768320000000000003e-02
3.772415999999999964e-02
3.776511999999999925e-02
3.780607999999999885e-02
3.784703999999999846e-02
3.788799999999999807e-02
3.792895999999999768e-02
3.796992000000000422e-02
3.801088000000000383e-02
3.805184000000000344e-02
3.809280000000000305e-02
3.813376000000000265e-02
3.817472000000000226e-02
3.821568000000000187e-02
3.825664000000000148e-02
3.829760000000000109e-02
3.833856000000000069e-02
3.837952000000000030e-02
3.842047999999999991e-02
3.846143999999999952e-02
3.850239999999999913e-02
3.854335999999999873e-02
3.858431999999999834e-02
3.862527999999999795e-02
3.866623999999999756e-02
3.870720000000000410e-02
3.874816000000000371e-02
3.878912000000000332e-02
3.883008000000000293e-02
3.887104000000000253e-02
3.891200000000000214e-02
3.895296000000000175e-02
3.899392000000000136e-02
3.903488000000000097e-02
3.907584000000000057e-02
3.911680000000000018e-02
3.915775999999999979e-02
3.919871999999999940e-02
3.923967999999999900e-02
3.928063999999999861e-02
3.932159999999999822e-02
3.936255999999999783e-02
3.940351999999999744e-02
3.944448000000000398e-02
3.948544000000000359e-02
3.952640000000000320e-02
3.956736000000000281e-02
3.960832000000000241e-02
3.964928000000000202e-02
3.969024000000000163e-02
3.973120000000000124e-02
3.977216000000000085e-02
3.981312000000000045e-02
3.985408000000000006e-02
3.989503999999999967e-02
3.993599999999999928e-02
3.997695999999999888e-02
4.001791999999999849e-02
4.005887999999999810e-02
4.009983999999999771e-02
4.014080000000000426e-02
4.018176000000000386e-02
4.022272000000000347e-02
4.026368000000000308e-02
4.030464000000000269e-02
4.034560000000000229e-02
4.038656000000000190e-02
4.042752000000000151e-02
4.046848000000000112e-02
4.050944000000000073e-02
4.055040000000000033e-02
4.059135999999999994e-02
4.063231999999999955e-02
4.067327999999999916e-02
4.071423999999999876e-02
4.075519999999999837e-02
4.079615999999999798e-02
4.083711999999999759e-02
4.087808000000000413e-02
4.091904000000000374e-02
4.096000000000000335e-02
4.100096000000000296e-02
4.104192000000000257e-02
4.108288000000000217e-02
4.112384000000000178e-02
4.116480000000000139e-02
4.120576000000000100e-02
4.124672000000000061e-02
4.128768000000000021e-02
4.132863999999999982e-02
4.136959999999999943e-02
4.141055999999999904e-02
4.145151999999999864e-02
4.149247999999999825e-02
4.153343999999999786e-02
4.157439999999999747e-02
4.161536000000000401e-02
4.165632000000000362e-02
4.169728000000000323e-02
4.173824000000000284e-02
4.177920000000000245e-02
4.182016000000000205e-02
4.186112000000000166e-02
4.190208000000000127e-02
4.194304000000000088e-02
4.198400000000000049e-02
4.202496000000000009e-02
4.206591999999999970e-02
4.210687999999999931e-02
4.214783999999999892e-02
4.218879999999999852e-02
4.222975999999999813e-02
4.227071999999999774e-02
4.231168000000000429e-02
4.235264000000000389e-02
4.239360000000000350e-02
4.243456000000000311e-02
4.247552000000000272e-02
4.251648000000000233e-02
4.255744000000000193e-02
4.259840000000000154e-02
4.263936000000000115e-02
4.268032000000000076e-02
4.272128000000000037e-02
4.276223999999999997e-02
4.280319999999999958e-02
4.284415999999999919e-02
4.288511999999999880e-02
4.292607999999999840e-02
4.296703999999999801e-02
4.300799999999999762e-02
4.304896000000000417e-02
4.308992000000000377e-02
4.313088000000000338e-02
4.317184000000000299e-02
4.321280000000000260e-02
4.325376000000000221e-02
4.329472000000000181e-02
4.333568000000000142e-02
4.337664000000000103e-02
4.341760000000000064e-02
4.345856000000000025e-02
4.349951999999999985e-02
4.354047999999999946e-02
4.358143999999999907e-02
4.362239999999999868e-02
4.366335999999999828e-02
4.370431999999999789e-02
4.374527999999999750e-02
4.378624000000000405e-02
4.382720000000000365e-02
4.386816000000000326e-02
4.390912000000000287e-02
4.395008000000000248e-02
4.399104000000000209e-02
4.403200000000000169e-02
4.407296000000000130e-02
4.411392000000000091e-02
4.415488000000000052e-02
4.419584000000000013e-02
4.423679999999999973e-02
4.427775999999999934e-02
4.431871999999999895e-02
4.435967999999999856e-02
4.440063999999999816e-02
4.444159999999999777e-02
4.448256000000000432e-02
4.452352000000000393e-02
4.456448000000000353e-02
4.460544000000000314e-02
4.464640000000000275e-02
4.468736000000000236e-02
4.472832000000000197e-02
4.476928000000000157e-02
4.481024000000000118e-02
4.485120000000000079e-02
4.489216000000000040e-02
4.493312000000000000e-02
4.497407999999999961e-02
4.501503999999999922e-02
4.505599999999999883e-02
4.509695999999999844e-02
4.513791999999999804e-02
4.517887999999999765e-02
4.521984000000000420e-02
4.526080000000000381e-02
4.530176000000000341e-02
4.534272000000000302e-02
4.538368000000000263e-02
4.542464000000000224e-02
4.546560000000000185e-02
4.550656000000000145e-02
4.554752000000000106e-02
4.558848000000000067e-02
4.562944000000000028e-02
4.567039999999999988e-02
4.571135999999999949e-02
4.575231999999999910e-02
4.579327999999999871e-02
4.583423999999999832e-02
4.587519999999999792e-02
4.591615999999999753e-02
4.595712000000000408e-02
4.599808000000000369e-02
4.603904000000000329e-02
4.608000000000000290e-02
4.612096000000000251e-02
4.616192000000000212e-02
4.620288000000000173e-02
4.624384000000000133e-02
4.628480000000000094e-02
4.632576000000000055e-02
4.636672000000000016e-02
4.640767999999999976e-02
4.644863999999999937e-02
4.648959999999999898e-02
4.653055999999999859e-02
4.657151999999999820e-02
4.661247999999999780e-02
4.665344000000000435e-02
4.669440000000000396e-02
4.673536000000000357e-02
4.677632000000000317e-02
4.681728000000000278e-02
4.685824000000000239e-02
4.689920000000000200e-02
4.694016000000000161e-02
4.698112000000000121e-02
4.702208000000000082e-02
4.706304000000000043e-02
4.710400000000000004e-02
4.714495999999999964e-02
4.718591999999999925e-02
4.722687999999999886e-02
4.726783999999999847e-02
4.730879999999999808e-02
4.734975999999999768e-02
4.739072000000000423e-02
4.743168000000000384e-02
4.747264000000000345e-02
4.751360000000000305e-02
4.755456000000000266e-02
4.759552000000000227e-02
4.763648000000000188e-02
4.767744000000000149e-02
4.771840000000000109e-02
4.775936000000000070e-02
4.780032000000000031e-02
4.784127999999999992e-02
4.788223999999999952e-02
4.792319999999999913e-02
4.796415999999999874e-02
4.800511999999999835e-02
4.804607999999999796e-02
4.808703999999999756e-02
4.812800000000000411e-02
4.816896000000000372e-02
4.820992000000000333e-02
4.825088000000000293e-02
4.829184000000000254e-02
4.833280000000000215e-02
4.837376000000000176e-02
4.841472000000000137e-02
4.845568000000000097e-02
4.849664000000000058e-02
4.853760000000000019e-02
4.857855999999999980e-02
4.861951999999999940e-02
4.866047999999999901e-02
4.870143999999999862e-02
4.874239999999999823e-02
4.878335999999999784e-02
4.882432000000000438e-02
4.886528000000000399e-02
4.890624000000000360e-02
4.894720000000000321e-02
4.898816000000000281e-02
4.902912000000000242e-02
4.907008000000000203e-02
4.911104000000000164e-02
4.915200000000000125e-02
4.919296000000000085e-02
4.923392000000000046e-02
4.927488000000000007e-02
4.931583999999999968e-02
4.935679999999999928e-02
4.939775999999999889e-02
4.943871999999999850e-02
4.947967999999999811e-02
4.952063999999999772e-02
4.956160000000000426e-02
4.960256000000000387e-02
4.964352000000000348e-02
4.968448000000000309e-02
4.972544000000000269e-02
4.976640000000000230e-02
4.980736000000000191e-02
4.984832000000000152e-02
4.988928000000000113e-02
4.993024000000000073e-02
4.997120000000000034e-02
5.001215999999999995e-02
5.005311999999999956e-02
5.009407999999999916e-02
5.013503999999999877e-02
5.017599999999999838e-02
5.021695999999999799e-02
5.025791999999999760e-02
5.029888000000000414e-02
5.033984000000000375e-02
5.038080000000000336e-02
5.042176000000000297e-02
5.046272000000000257e-02
5.050368000000000218e-02
5.054464000000000179e-02
5.058560000000000140e-02
5.062656000000000101e-02
5.066752000000000061e-02
5.070848000000000022e-02
5.074943999999999983e-02
5.079039999999999944e-02
5.083135999999999904e-02
5.087231999999999865e-02
5.091327999999999826e-02
5.095423999999999787e-02
5.099520000000000441e-02
5.103616000000000402e-02
5.107712000000000363e-02
5.111808000000000324e-02
5.115904000000000285e-02
5.120000000000000245e-02
5.124096000000000206e-02
5.128192000000000167e-02
5.132288000000000128e-02
5.136384000000000088e-02
5.140480000000000049e-02
5.144576000000000010e-02
5.148671999999999971e-02
5.152767999999999932e-02
5.156863999999999892e-02
5.160959999999999853e-02
5.165055999999999814e-02
5.169151999999999775e-02
5.173248000000000429e-02
5.177344000000000390e-02
5.181440000000000351e-02
5.185536000000000312e-02
5.189632000000000273e-02
5.193728000000000233e-02
5.197824000000000194e-02
5.201920000000000155e-02
5.206016000000000116e-02
5.210112000000000076e-02
5.214208000000000037e-02
5.218303999999999998e-02
5.222399999999999959e-02
5.226495999999999920e-02
5.230591999999999880e-02
5.234687999999999841e-02
5.238783999999999802e-02
5.242879999999999763e-02
5.246976000000000417e-02
5.251072000000000378e-02
5.255168000000000339e-02
5.259264000000000300e-02
5.263360000000000261e-02
5.267456000000000221e-02
5.271552000000000182e-02
5.275648000000000143e-02
5.279744000000000104e-02
5.283840000000000064e-02
5.287936000000000025e-02
5.292031999999999986e-02
5.296127999999999947e-02
5.300223999999999908e-02
5.304319999999999868e-02
5.308415999999999829e-02
5.312511999999999790e-02
5.316608000000000445e-02
5.320704000000000405e-02
5.324800000000000366e-02
5.328896000000000327e-02
5.332992000000000288e-02
5.337088000000000249e-02
5.341184000000000209e-02
5.345280000000000170e-02
5.349376000000000131e-02
5.353472000000000092e-02
5.357568000000000052e-02
5.361664000000000013e-02
5.365759999999999974e-02
5.369855999999999935e-02
5.373951999999999896e-02
5.378047999999999856e-02
5.382143999999999817e-02
5.386239999999999778e-02
5.390336000000000433e-02
5.394432000000000393e-02
5.398528000000000354e-02
5.402624000000000315e-02
5.406720000000000276e-02
5.410816000000000237e-02
5.414912000000000197e-02
5.419008000000000158e-02
5.423104000000000119e-02
5.427200000000000080e-02
5.431296000000000040e-02
5.435392000000000001e-02
5.439487999999999962e-02
5.443583999999999923e-02
5.447679999999999884e-02
5.451775999999999844e-02
5.455871999999999805e-02
5.459968000000000460e-02
5.464064000000000421e-02
5.468160000000000381e-02
5.472256000000000342e-02
5.476352000000000303e-02
5.480448000000000264e-02
5.484544000000000225e-02
5.488640000000000185e-02
5.492736000000000146e-02
5.496832000000000107e-02
5.500928000000000068e-02
5.505024000000000028e-02
5.509119999999999989e-02
5.513215999999999950e-02
5.517311999999999911e-02
5.521407999999999872e-02
5.525503999999999832e-02
5.529599999999999793e-02
5.533696000000000448e-02
5.537792000000000409e-02
5.541888000000000369e-02
5.545984000000000330e-02
5.550080000000000291e-02
5.554176000000000252e-02
5.558272000000000213e-02
5.562368000000000173e-02
5.566464000000000134e-02
5.570560000000000095e-02
5.574656000000000056e-02
5.578752000000000016e-02
5.582847999999999977e-02
5.586943999999999938e-02
5.591039999999999899e-02
5.595135999999999860e-02
5.599231999999999820e-02
5.603327999999999781e-02
5.607424000000000436e-02
5.611520000000000397e-02
5.615616000000000357e-02
5.619712000000000318e-02
5.623808000000000279e-02
5.627904000000000240e-02
5.632000000000000201e-02
5.636096000000000161e-02
5.640192000000000122e-02
5.644288000000000083e-02
5.648384000000000044e-02
5.652480000000000004e-02
5.656575999999999965e-02
5.660671999999999926e-02
5.664767999999999887e-02
5.668863999999999848e-02
5.672959999999999808e-02
5.677056000000000463e-02
5.681152000000000424e-02
5.685248000000000385e-02
5.689344000000000345e-02
5.693440000000000306e-02
5.697536000000000267e-02
5.701632000000000228e-02
5.705728000000000188e-02
5.709824000000000149e-02
5.713920000000000110e-02
5.718016000000000071e-02
5.722112000000000032e-02
5.726207999999999992e-02
5.730303999999999953e-02
5.734399999999999914e-02
5.738495999999999875e-02
5.742591999999999836e-02
5.746687999999999796e-02
5.750784000000000451e-02
5.754880000000000412e-02
5.758976000000000373e-02
5.763072000000000333e-02
5.767168000000000294e-02
5.771264000000000255e-02
5.775360000000000216e-02
5.779456000000000176e-02
5.783552000000000137e-02
5.787648000000000098e-02
5.791744000000000059e-02
5.795840000000000020e-02
5.799935999999999980e-02
5.804031999999999941e-02
5.808127999999999902e-02
5.812223999999999863e-02
5.816319999999999824e-02
5.820415999999999784e-02
5.824512000000000439e-02
5.828608000000000400e-02
5.832704000000000361e-02
5.836800000000000321e-02
5.840896000000000282e-02
5.844992000000000243e-02
5.849088000000000204e-02
5.853184000000000164e-02
5.857280000000000125e-02
5.861376000000000086e-02
5.865472000000000047e-02
5.869568000000000008e-02
5.873663999999999968e-02
5.877759999999999929e-02
5.881855999999999890e-02
5.885951999999999851e-02
5.890047999999999812e-02
5.894144000000000466e-02
5.898240000000000427e-02
5.902336000000000388e-02
5.906432000000000349e-02
5.910528000000000309e-02
5.914624000000000270e-02
5.918720000000000231e-02
5.922816000000000192e-02
5.926912000000000152e-02
5.931008000000000113e-02
5.935104000000000074e-02
5.939200000000000035e-02
5.943295999999999996e-02
5.947391999999999956e-02
5.951487999999999917e-02
5.955583999999999878e-02
5.959679999999999839e-02
5.963775999999999800e-02
5.967872000000000454e-02
5.971968000000000415e-02
5.976064000000000376e-02
5.980160000000000337e-02
5.984256000000000297e-02
5.988352000000000258e-02
5.992448000000000219e-02
5.996544000000000180e-02
6.000640000000000140e-02
6.004736000000000101e-02
6.008832000000000062e-02
6.012928000000000023e-02
6.017023999999999984e-02
6.021119999999999944e-02
6.025215999999999905e-02
6.029311999999999866e-02
6.033407999999999827e-02
6.037503999999999788e-02
6.041600000000000442e-02
6.045696000000000403e-02
6.049792000000000364e-02
6.053888000000000325e-02
6.057984000000000285e-02
6.062080000000000246e-02
6.066176000000000207e-02
6.070272000000000168e-02
6.074368000000000128e-02
6.078464000000000089e-02
6.082560000000000050e-02
6.086656000000000011e-02
6.090751999999999972e-02
6.094847999999999932e-02
6.098943999999999893e-02
6.103039999999999854e-02
6.107135999999999815e-02
6.111232000000000469e-02
6.115328000000000430e-02
6.119424000000000391e-02
6.123520000000000352e-02
6.127616000000000313e-02
6.131712000000000273e-02
6.135808000000000234e-02
6.139904000000000195e-02
6.144000000000000156e-02
6.148096000000000116e-02
6.152192000000000077e-02
6.156288000000000038e-02
6.160383999999999999e-02
6.164479999999999960e-02
6.168575999999999920e-02
6.172671999999999881e-02
6.176767999999999842e-02
6.180863999999999803e-02
6.184960000000000457e-02
6.189056000000000418e-02
6.193152000000000379e-02
6.197248000000000340e-02
6.201344000000000301e-02
6.205440000000000261e-02
6.209536000000000222e-02
6.213632000000000183e-02
6.217728000000000144e-02
6.221824000000000104e-02
6.225920000000000065e-02
6.230016000000000026e-02
6.234111999999999987e-02
6.238207999999999948e-02
6.242303999999999908e-02
6.246399999999999869e-02
6.250495999999999830e-02
6.254592000000000485e-02
6.258687999999999751e-02
6.262784000000000406e-02
6.266879999999999673e-02
6.270976000000000328e-02
6.275071999999999595e-02
6.279168000000000249e-02
6.283263999999999516e-02
6.287360000000000171e-02
6.291456000000000826e-02
6.295552000000000092e-02
6.299648000000000747e-02
6.303744000000000014e-02
6.307840000000000669e-02
6.311935999999999936e-02
6.316032000000000590e-02
6.320127999999999857e-02
6.324224000000000512e-02
6.328319999999999779e-02
6.332416000000000433e-02
6.336511999999999700e-02
6.340608000000000355e-02
6.344703999999999622e-02
6.348800000000000276e-02
6.352895999999999543e-02
6.356992000000000198e-02
6.361087999999999465e-02
6.365184000000000120e-02
6.369280000000000774e-02
6.373376000000000041e-02
6.377472000000000696e-02
6.381567999999999963e-02
6.385664000000000617e-02
6.389759999999999884e-02
6.393856000000000539e-02
6.397951999999999806e-02
6.402048000000000461e-02
6.406143999999999727e-02
6.410240000000000382e-02
6.414335999999999649e-02
6.418432000000000304e-02
6.422527999999999571e-02
6.426624000000000225e-02
6.430719999999999492e-02
6.434816000000000147e-02
6.438912000000000802e-02
6.443008000000000068e-02
6.447104000000000723e-02
6.451199999999999990e-02
6.455296000000000645e-02
6.459391999999999912e-02
6.463488000000000566e-02
6.467583999999999833e-02
6.471680000000000488e-02
6.475775999999999755e-02
6.479872000000000409e-02
6.483967999999999676e-02
6.488064000000000331e-02
6.492159999999999598e-02
6.496256000000000252e-02
6.500351999999999519e-02
6.504448000000000174e-02
6.508544000000000829e-02
6.512640000000000096e-02
6.516736000000000750e-02
6.520832000000000017e-02
6.524928000000000672e-02
6.529023999999999939e-02
6.533120000000000593e-02
6.537215999999999860e-02
6.541312000000000515e-02
6.545407999999999782e-02
6.549504000000000437e-02
6.553599999999999703e-02
6.557696000000000358e-02
6.561791999999999625e-02
6.565888000000000280e-02
6.569983999999999547e-02
6.574080000000000201e-02
6.578175999999999468e-02
6.582272000000000123e-02
6.586368000000000777e-02
6.590464000000000044e-02
6.594560000000000699e-02
6.598655999999999966e-02
6.602752000000000621e-02
6.606847999999999888e-02
6.610944000000000542e-02
6.615039999999999809e-02
6.619136000000000464e-02
6.623231999999999731e-02
6.627328000000000385e-02
6.631423999999999652e-02
6.635520000000000307e-02
6.639615999999999574e-02
6.643712000000000228e-02
6.647807999999999495e-02
6.651904000000000150e-02
6.656000000000000805e-02
6.660096000000000072e-02
6.664192000000000726e-02
6.668287999999999993e-02
6.672384000000000648e-02
6.676479999999999915e-02
6.680576000000000569e-02
6.684671999999999836e-02
6.688768000000000491e-02
6.692863999999999758e-02
6.696960000000000413e-02
6.701055999999999679e-02
6.705152000000000334e-02
6.709247999999999601e-02
6.713344000000000256e-02
6.717439999999999523e-02
6.721536000000000177e-02
6.725632000000000832e-02
6.729728000000000099e-02
6.733824000000000753e-02
6.737920000000000020e-02
6.742016000000000675e-02
6.746111999999999942e-02
6.750208000000000597e-02
6.754303999999999863e-02
6.758400000000000518e-02
6.762495999999999785e-02
6.766592000000000440e-02
6.770687999999999707e-02
6.774784000000000361e-02
6.778879999999999628e-02
6.782976000000000283e-02
6.787071999999999550e-02
6.791168000000000204e-02
6.795263999999999471e-02
6.799360000000000126e-02
6.803456000000000781e-02
6.807552000000000048e-02
6.811648000000000702e-02
6.815743999999999969e-02
6.819840000000000624e-02
6.823935999999999891e-02
6.828032000000000545e-02
6.832127999999999812e-02
6.836224000000000467e-02
6.840319999999999734e-02
6.844416000000000389e-02
6.848511999999999655e-02
6.852608000000000310e-02
6.856703999999999577e-02
6.860800000000000232e-02
6.864895999999999499e-02
6.868992000000000153e-02
6.873088000000000808e-02
6.877184000000000075e-02
6.881280000000000729e-02
6.885375999999999996e-02
6.889472000000000651e-02
6.893567999999999918e-02
6.897664000000000573e-02
6.901759999999999839e-02
6.905856000000000494e-02
6.909951999999999761e-02
6.914048000000000416e-02
6.918143999999999683e-02
6.922240000000000337e-02
6.926335999999999604e-02
6.930432000000000259e-02
6.934527999999999526e-02
6.938624000000000180e-02
6.942720000000000835e-02
6.946816000000000102e-02
6.950912000000000757e-02
6.955008000000000024e-02
6.959104000000000678e-02
6.963199999999999945e-02
6.967296000000000600e-02
6.971391999999999867e-02
6.975488000000000521e-02
6.979583999999999788e-02
6.983680000000000443e-02
6.987775999999999710e-02
6.991872000000000364e-02
6.995967999999999631e-02
7.000064000000000286e-02
7.004159999999999553e-02
7.008256000000000208e-02
7.012351999999999475e-02
7.016448000000000129e-02
7.020544000000000784e-02
7.024640000000000051e-02
7.028736000000000705e-02
7.032831999999999972e-02
7.036928000000000627e-02
7.041023999999999894e-02
7.045120000000000549e-02
7.049215999999999815e-02
7.053312000000000470e-02
7.057407999999999737e-02
7.061504000000000392e-02
7.065599999999999659e-02
7.069696000000000313e-02
7.073791999999999580e-02
7.077888000000000235e-02
7.081983999999999502e-02
7.086080000000000156e-02
7.090176000000000811e-02
7.094272000000000078e-02
7.098368000000000733e-02
7.102464000000000000e-02
7.106560000000000654e-02
7.110655999999999921e-02
7.114752000000000576e-02
7.118847999999999843e-02
7.122944000000000497e-02
7.127039999999999764e-02
7.131136000000000419e-02
7.135231999999999686e-02
7.139328000000000340e-02
7.143423999999999607e-02
7.147520000000000262e-02
7.151615999999999529e-02
7.155712000000000184e-02
7.159808000000000838e-02
7.163904000000000105e-02
7.168000000000000760e-02
7.172096000000000027e-02
7.176192000000000681e-02
7.180287999999999948e-02
7.184384000000000603e-02
7.188479999999999870e-02
7.192576000000000525e-02
7.196671999999999791e-02
7.200768000000000446e-02
7.204863999999999713e-02
7.208960000000000368e-02
7.213055999999999635e-02
7.217152000000000289e-02
7.221247999999999556e-02
7.225344000000000211e-02
7.229439999999999478e-02
7.233536000000000132e-02
7.237632000000000787e-02
7.241728000000000054e-02
7.245824000000000709e-02
7.249919999999999976e-02
7.254016000000000630e-02
7.258111999999999897e-02
7.262208000000000552e-02
7.266303999999999819e-02
7.270400000000000473e-02
7.274495999999999740e-02
7.278592000000000395e-02
7.282687999999999662e-02
7.286784000000000316e-02
7.290879999999999583e-02
7.294976000000000238e-02
7.299071999999999505e-02
7.303168000000000160e-02
7.307264000000000814e-02
7.311360000000000081e-02
7.315456000000000736e-02
7.319552000000000003e-02
7.323648000000000657e-02
7.327743999999999924e-02
7.331840000000000579e-02
7.335935999999999846e-02
7.340032000000000501e-02
7.344127999999999767e-02
7.348224000000000422e-02
7.352319999999999689e-02
7.356416000000000344e-02
7.360511999999999611e-02
7.364608000000000265e-02
7.368703999999999532e-02
7.372800000000000187e-02
7.376896000000000841e-02
7.380992000000000108e-02
7.385088000000000763e-02
7.389184000000000030e-02
7.393280000000000685e-02
7.397375999999999951e-02
7.401472000000000606e-02
7.405567999999999873e-02
7.409664000000000528e-02
7.413759999999999795e-02
7.417856000000000449e-02
7.421951999999999716e-02
7.426048000000000371e-02
7.430143999999999638e-02
7.434240000000000292e-02
7.438335999999999559e-02
7.442432000000000214e-02
7.446527999999999481e-02
7.450624000000000136e-02
7.454720000000000790e-02
7.458816000000000057e-02
7.462912000000000712e-02
7.467007999999999979e-02
7.471104000000000633e-02
7.475199999999999900e-02
7.479296000000000555e-02
7.483391999999999822e-02
7.487488000000000476e-02
7.491583999999999743e-02
7.495680000000000398e-02
7.499775999999999665e-02
7.503872000000000320e-02
7.507967999999999587e-02
7.512064000000000241e-02
7.516159999999999508e-02
7.520256000000000163e-02
7.524352000000000817e-02
7.528448000000000084e-02
7.532544000000000739e-02
7.536640000000000006e-02
7.540736000000000661e-02
7.544831999999999927e-02
7.548928000000000582e-02
7.553023999999999849e-02
7.557120000000000504e-02
7.561215999999999771e-02
7.565312000000000425e-02
7.569407999999999692e-02
7.573504000000000347e-02
7.577599999999999614e-02
7.581696000000000268e-02
7.585791999999999535e-02
7.589888000000000190e-02
7.593984000000000845e-02
7.598080000000000112e-02
7.602176000000000766e-02
7.606272000000000033e-02
7.610368000000000688e-02
7.614463999999999955e-02
7.618560000000000609e-02
7.622655999999999876e-02
7.626752000000000531e-02
7.630847999999999798e-02
7.634944000000000452e-02
7.639039999999999719e-02
7.643136000000000374e-02
7.647231999999999641e-02
7.651328000000000296e-02
7.655423999999999563e-02
7.659520000000000217e-02
7.663615999999999484e-02
7.667712000000000139e-02
7.671808000000000793e-02
7.675904000000000060e-02
7.680000000000000715e-02
7.684095999999999982e-02
7.688192000000000637e-02
7.692287999999999903e-02
7.696384000000000558e-02
7.700479999999999825e-02
7.704576000000000480e-02
7.708671999999999747e-02
7.712768000000000401e-02
7.716863999999999668e-02
7.720960000000000323e-02
7.725055999999999590e-02
7.729152000000000244e-02
7.733247999999999511e-02
7.737344000000000166e-02
7.741440000000000821e-02
7.745536000000000088e-02
7.749632000000000742e-02
7.753728000000000009e-02
7.757824000000000664e-02
7.761919999999999931e-02
7.766016000000000585e-02
7.770111999999999852e-02
7.774208000000000507e-02
7.778303999999999774e-02
7.782400000000000428e-02
7.786495999999999695e-02
7.790592000000000350e-02
7.794687999999999617e-02
7.798784000000000272e-02
7.802879999999999538e-02
7.806976000000000193e-02
7.811072000000000848e-02
7.815168000000000115e-02
7.819264000000000769e-02
7.823360000000000036e-02
7.827456000000000691e-02
7.831551999999999958e-02
7.835648000000000613e-02
7.839743999999999879e-02
7.843840000000000534e-02
7.847935999999999801e-02
7.852032000000000456e-02
7.856127999999999723e-02
7.860224000000000377e-02
7.864319999999999644e-02
7.868416000000000299e-02
7.872511999999999566e-02
7.876608000000000220e-02
7.880703999999999487e-02
7.884800000000000142e-02
7.888896000000000797e-02
7.892992000000000063e-02
7.897088000000000718e-02
7.901183999999999985e-02
7.905280000000000640e-02
7.909375999999999907e-02
7.913472000000000561e-02
7.917567999999999828e-02
7.921664000000000483e-02
7.925759999999999750e-02
7.929856000000000404e-02
7.933951999999999671e-02
7.938048000000000326e-02
7.942143999999999593e-02
7.946240000000000248e-02
7.950335999999999514e-02
7.954432000000000169e-02
7.958528000000000824e-02
7.962624000000000091e-02
7.966720000000000745e-02
7.970816000000000012e-02
7.974912000000000667e-02
7.979007999999999934e-02
7.983104000000000589e-02
7.987199999999999855e-02
7.991296000000000510e-02
7.995391999999999777e-02
7.999488000000000432e-02
8.003583999999999699e-02
8.007680000000000353e-02
8.011775999999999620e-02
8.015872000000000275e-02
8.019967999999999542e-02
8.024064000000000196e-02
8.028160000000000851e-02
8.032256000000000118e-02
8.036352000000000773e-02
8.040448000000000039e-02
8.044544000000000694e-02
8.048639999999999961e-02
8.052736000000000616e-02
8.056831999999999883e-02
8.060928000000000537e-02
8.065023999999999804e-02
8.069120000000000459e-02
8.073215999999999726e-02
8.077312000000000380e-02
8.081407999999999647e-02
8.085504000000000302e-02
8.089599999999999569e-02
8.093696000000000224e-02
8.097791999999999490e-02
8.101888000000000145e-02
8.105984000000000800e-02
8.110080000000000067e-02
8.114176000000000721e-02
8.118271999999999988e-02
8.122368000000000643e-02
8.126463999999999910e-02
8.130560000000000564e-02
8.134655999999999831e-02
8.138752000000000486e-02
8.142847999999999753e-02
8.146944000000000408e-02
8.151039999999999675e-02
8.155136000000000329e-02
8.159231999999999596e-02
8.163328000000000251e-02
8.167423999999999518e-02
8.171520000000000172e-02
8.175616000000000827e-02
8.179712000000000094e-02
8.183808000000000749e-02
8.187904000000000015e-02
8.192000000000000670e-02
8.196095999999999937e-02
8.200192000000000592e-02
8.204287999999999859e-02
8.208384000000000513e-02
8.212479999999999780e-02
8.216576000000000435e-02
8.220671999999999702e-02
8.224768000000000356e-02
8.228863999999999623e-02
8.232960000000000278e-02
8.237055999999999545e-02
8.241152000000000200e-02
8.245248000000000854e-02
8.249344000000000121e-02
8.253440000000000776e-02
8.257536000000000043e-02
8.261632000000000697e-02
8.265727999999999964e-02
8.269824000000000619e-02
8.273919999999999886e-02
8.278016000000000540e-02
8.282111999999999807e-02
8.286208000000000462e-02
8.290303999999999729e-02
8.294400000000000384e-02
8.298495999999999650e-02
8.302592000000000305e-02
8.306687999999999572e-02
8.310784000000000227e-02
8.314879999999999494e-02
8.318976000000000148e-02
8.323072000000000803e-02
8.327168000000000070e-02
8.331264000000000725e-02
8.335359999999999991e-02
8.339456000000000646e-02
8.343551999999999913e-02
8.347648000000000568e-02
8.351743999999999835e-02
8.355840000000000489e-02
8.359935999999999756e-02
8.364032000000000411e-02
8.368127999999999678e-02
8.372224000000000332e-02
8.376319999999999599e-02
8.380416000000000254e-02
8.384511999999999521e-02
8.388608000000000176e-02
8.392704000000000830e-02
8.396800000000000097e-02
8.400896000000000752e-02
8.404992000000000019e-02
8.409088000000000673e-02
8.413183999999999940e-02
8.417280000000000595e-02
8.421375999999999862e-02
8.425472000000000516e-02
8.429567999999999783e-02
8.433664000000000438e-02
8.437759999999999705e-02
8.441856000000000360e-02
8.445951999999999626e-02
8.450048000000000281e-02
8.454143999999999548e-02
8.458240000000000203e-02
8.462336000000000857e-02
8.466432000000000124e-02
8.470528000000000779e-02
8.474624000000000046e-02
8.478720000000000701e-02
8.482815999999999967e-02
8.486912000000000622e-02
8.491007999999999889e-02
8.495104000000000544e-02
8.499199999999999811e-02
8.503296000000000465e-02
8.507391999999999732e-02
8.511488000000000387e-02
8.515583999999999654e-02
8.519680000000000308e-02
8.523775999999999575e-02
8.527872000000000230e-02
8.531967999999999497e-02
8.536064000000000151e-02
8.540160000000000806e-02
8.544256000000000073e-02
8.548352000000000728e-02
8.552447999999999995e-02
8.556544000000000649e-02
8.560639999999999916e-02
8.564736000000000571e-02
8.568831999999999838e-02
8.572928000000000492e-02
8.577023999999999759e-02
8.581120000000000414e-02
8.585215999999999681e-02
8.589312000000000336e-02
8.593407999999999602e-02
8.597504000000000257e-02
8.601599999999999524e-02
8.605696000000000179e-02
8.609792000000000833e-02
8.613888000000000100e-02
8.617984000000000755e-02
8.622080000000000022e-02
8.626176000000000677e-02
8.630271999999999943e-02
8.634368000000000598e-02
8.638463999999999865e-02
8.642560000000000520e-02
8.646655999999999787e-02
8.650752000000000441e-02
8.654847999999999708e-02
8.658944000000000363e-02
8.663039999999999630e-02
8.667136000000000284e-02
8.671231999999999551e-02
8.675328000000000206e-02
8.679424000000000861e-02
8.683520000000000127e-02
8.687616000000000782e-02
8.691712000000000049e-02
8.695808000000000704e-02
8.699903999999999971e-02
8.704000000000000625e-02
8.708095999999999892e-02
8.712192000000000547e-02
8.716287999999999814e-02
8.720384000000000468e-02
8.724479999999999735e-02
8.728576000000000390e-02
8.732671999999999657e-02
8.736768000000000312e-02
8.740863999999999578e-02
8.744960000000000233e-02
8.749055999999999500e-02
8.753152000000000155e-02
8.757248000000000809e-02
8.761344000000000076e-02
8.765440000000000731e-02
8.769535999999999998e-02
8.773632000000000652e-02
8.777727999999999919e-02
8.781824000000000574e-02
8.785919999999999841e-02
8.790016000000000496e-02
8.794111999999999763e-02
8.798208000000000417e-02
8.802303999999999684e-02
8.806400000000000339e-02
8.810495999999999606e-02
8.814592000000000260e-02
8.818687999999999527e-02
8.822784000000000182e-02
8.826880000000000837e-02
8.830976000000000103e-02
8.835072000000000758e-02
8.839168000000000025e-02
8.843264000000000680e-02
8.847359999999999947e-02
8.851456000000000601e-02
8.855551999999999868e-02
8.859648000000000523e-02
8.863743999999999790e-02
8.867840000000000444e-02
8.871935999999999711e-02
8.876032000000000366e-02
8.880127999999999633e-02
8.884224000000000288e-02
8.888319999999999554e-02
8.892416000000000209e-02
8.896512000000000864e-02
8.900608000000000131e-02
8.904704000000000785e-02
8.908800000000000052e-02
8.912896000000000707e-02
8.916991999999999974e-02
8.921088000000000628e-02
8.925183999999999895e-02
8.929280000000000550e-02
8.933375999999999817e-02
8.937472000000000472e-02
8.941567999999999738e-02
8.945664000000000393e-02
8.949759999999999660e-02
8.953856000000000315e-02
8.957951999999999582e-02
8.962048000000000236e-02
8.966143999999999503e-02
8.970240000000000158e-02
8.974336000000000813e-02
8.978432000000000079e-02
8.982528000000000734e-02
8.986624000000000001e-02
8.990720000000000656e-02
8.994815999999999923e-02
8.998912000000000577e-02
9.003007999999999844e-02
9.007104000000000499e-02
9.011199999999999766e-02
9.015296000000000420e-02
9.019391999999999687e-02
9.023488000000000342e-02
9.027583999999999609e-02
9.031680000000000264e-02
9.035775999999999530e-02
9.039872000000000185e-02
9.043968000000000840e-02
9.048064000000000107e-02
9.052160000000000761e-02
9.056256000000000028e-02
9.060352000000000683e-02
9.064447999999999950e-02
9.068544000000000604e-02
9.072639999999999871e-02
9.076736000000000526e-02
9.080831999999999793e-02
9.084928000000000448e-02
9.089023999999999714e-02
9.093120000000000369e-02
9.097215999999999636e-02
9.101312000000000291e-02
9.105407999999999558e-02
9.109504000000000212e-02
9.113600000000000867e-02
9.117696000000000134e-02
9.121792000000000789e-02
9.125888000000000055e-02
9.129984000000000710e-02
9.134079999999999977e-02
9.138176000000000632e-02
9.142271999999999899e-02
9.146368000000000553e-02
9.150463999999999820e-02
9.154560000000000475e-02
9.158655999999999742e-02
9.162752000000000396e-02
9.166847999999999663e-02
9.170944000000000318e-02
9.175039999999999585e-02
9.179136000000000239e-02
9.183231999999999506e-02
9.187328000000000161e-02
9.191424000000000816e-02
9.195520000000000083e-02
9.199616000000000737e-02
9.203712000000000004e-02
9.207808000000000659e-02
9.211903999999999926e-02
9.216000000000000580e-02
9.220095999999999847e-02
9.224192000000000502e-02
9.228287999999999769e-02
9.232384000000000424e-02
9.236479999999999690e-02
9.240576000000000345e-02
9.244671999999999612e-02
9.248768000000000267e-02
9.252863999999999534e-02
9.256960000000000188e-02
9.261056000000000843e-02
9.265152000000000110e-02
9.269248000000000764e-02
9.273344000000000031e-02
9.277440000000000686e-02
9.281535999999999953e-02
9.285632000000000608e-02
9.289727999999999875e-02
9.293824000000000529e-02
9.297919999999999796e-02
9.302016000000000451e-02
9.306111999999999718e-02
9.310208000000000372e-02
9.314303999999999639e-02
9.318400000000000294e-02
9.322495999999999561e-02
9.326592000000000215e-02
9.330688000000000870e-02
9.334784000000000137e-02
9.338880000000000792e-02
9.342976000000000059e-02
9.347072000000000713e-02
9.351167999999999980e-02
9.355264000000000635e-02
9.359359999999999902e-02
9.363456000000000556e-02
9.367551999999999823e-02
9.371648000000000478e-02
9.375743999999999745e-02
9.379840000000000400e-02
9.383935999999999666e-02
9.388032000000000321e-02
9.392127999999999588e-02
9.396224000000000243e-02
9.400319999999999510e-02
9.404416000000000164e-02
9.408512000000000819e-02
9.412608000000000086e-02
9.416704000000000740e-02
9.420800000000000007e-02
9.424896000000000662e-02
9.428991999999999929e-02
9.433088000000000584e-02
9.437183999999999851e-02
9.441280000000000505e-02
9.445375999999999772e-02
9.449472000000000427e-02
9.453567999999999694e-02
9.457664000000000348e-02
9.461759999999999615e-02
9.465856000000000270e-02
9.469951999999999537e-02
9.474048000000000191e-02
9.478144000000000846e-02
9.482240000000000113e-02
9.486336000000000768e-02
9.490432000000000035e-02
9.494528000000000689e-02
9.498623999999999956e-02
9.502720000000000611e-02
9.506815999999999878e-02
9.510912000000000532e-02
9.515007999999999799e-02
9.519104000000000454e-02
9.523199999999999721e-02
9.527296000000000376e-02
9.531391999999999642e-02
9.535488000000000297e-02
9.539583999999999564e-02
9.543680000000000219e-02
9.547776000000000873e-02
9.551872000000000140e-02
9.555968000000000795e-02
9.560064000000000062e-02
9.564160000000000716e-02
9.568255999999999983e-02
9.572352000000000638e-02
9.576447999999999905e-02
9.580544000000000560e-02
9.584639999999999826e-02
9.588736000000000481e-02
9.592831999999999748e-02
9.596928000000000403e-02
9.601023999999999670e-02
9.605120000000000324e-02
9.609215999999999591e-02
9.613312000000000246e-02
9.617407999999999513e-02
9.621504000000000167e-02
9.625600000000000822e-02
9.629696000000000089e-02
9.633792000000000744e-02
9.637888000000000011e-02
9.641984000000000665e-02
9.646079999999999932e-02
9.650176000000000587e-02
9.654271999999999854e-02
9.658368000000000508e-02
9.662463999999999775e-02
9.666560000000000430e-02
9.670655999999999697e-02
9.674752000000000351e-02
9.678847999999999618e-02
9.682944000000000273e-02
9.687039999999999540e-02
9.691136000000000195e-02
9.695232000000000849e-02
9.699328000000000116e-02
9.703424000000000771e-02
9.707520000000000038e-02
9.711616000000000692e-02
9.715711999999999959e-02
9.719808000000000614e-02
9.723903999999999881e-02
9.728000000000000536e-02
9.732095999999999802e-02
9.736192000000000457e-02
9.740287999999999724e-02
9.744384000000000379e-02
9.748479999999999646e-02
9.752576000000000300e-02
9.756671999999999567e-02
9.760768000000000222e-02
9.764864000000000877e-02
9.768960000000000143e-02
9.773056000000000798e-02
9.777152000000000065e-02
9.781248000000000720e-02
9.785343999999999987e-02
9.789440000000000641e-02
9.793535999999999908e-02
9.797632000000000563e-02
9.801727999999999830e-02
9.805824000000000484e-02
9.809919999999999751e-02
9.814016000000000406e-02
9.818111999999999673e-02
9.822208000000000327e-02
9.826303999999999594e-02
9.830400000000000249e-02
9.834495999999999516e-02
9.838592000000000171e-02
9.842688000000000825e-02
9.846784000000000092e-02
9.850880000000000747e-02
9.854976000000000014e-02
9.859072000000000668e-02
9.863167999999999935e-02
9.867264000000000590e-02
9.871359999999999857e-02
9.875456000000000512e-02
9.879551999999999778e-02
9.883648000000000433e-02
9.887743999999999700e-02
9.891840000000000355e-02
9.895935999999999622e-02
9.900032000000000276e-02
9.904127999999999543e-02
9.908224000000000198e-02
9.912320000000000852e-02
9.916416000000000119e-02
9.920512000000000774e-02
9.924608000000000041e-02
9.928704000000000696e-02
9.932799999999999963e-02
9.936896000000000617e-02
9.940991999999999884e-02
9.945088000000000539e-02
9.949183999999999806e-02
9.953280000000000460e-02
9.957375999999999727e-02
9.961472000000000382e-02
9.965567999999999649e-02
9.969664000000000303e-02
9.973759999999999570e-02
9.977856000000000225e-02
9.981952000000000880e-02
9.986048000000000147e-02
9.990144000000000801e-02
9.994240000000000068e-02
9.998336000000000723e-02
1.000243199999999999e-01
1.000652800000000064e-01
1.001062399999999991e-01
1.001472000000000057e-01
1.001881599999999983e-01
1.002291200000000049e-01
1.002700799999999975e-01
1.003110400000000041e-01
1.003519999999999968e-01
1.003929600000000033e-01
1.004339199999999960e-01
1.004748800000000025e-01
1.005158399999999952e-01
1.005568000000000017e-01
1.005977600000000083e-01
1.006387200000000010e-01
1.006796800000000075e-01
1.007206400000000002e-01
1.007616000000000067e-01
1.008025599999999994e-01
1.008435200000000059e-01
1.008844799999999986e-01
1.009254400000000051e-01
1.009663999999999978e-01
1.010073600000000044e-01
1.010483199999999970e-01
1.010892800000000036e-01
1.011302399999999962e-01
1.011712000000000028e-01
1.012121599999999955e-01
1.012531200000000020e-01
1.012940800000000086e-01
1.013350400000000012e-01
1.013760000000000078e-01
1.014169600000000004e-01
1.014579200000000070e-01
1.014988799999999997e-01
1.015398400000000062e-01
1.015807999999999989e-01
1.016217600000000054e-01
1.016627199999999981e-01
1.017036800000000046e-01
1.017446399999999973e-01
1.017856000000000039e-01
1.018265599999999965e-01
1.018675200000000031e-01
1.019084799999999957e-01
1.019494400000000023e-01
1.019904000000000088e-01
1.020313600000000015e-01
1.020723200000000080e-01
1.021132800000000007e-01
1.021542400000000073e-01
1.021951999999999999e-01
1.022361600000000065e-01
1.022771199999999991e-01
1.023180800000000057e-01
1.023590399999999984e-01
1.024000000000000049e-01
1.024409599999999976e-01
1.024819200000000041e-01
1.025228799999999968e-01
1.025638400000000033e-01
1.026047999999999960e-01
1.026457600000000026e-01
1.026867199999999952e-01
1.027276800000000018e-01
1.027686400000000083e-01
1.028096000000000010e-01
1.028505600000000075e-01
1.028915200000000002e-01
1.029324800000000067e-01
1.029734399999999994e-01
1.030144000000000060e-01
1.030553599999999986e-01
1.030963200000000052e-01
1.031372799999999978e-01
1.031782400000000044e-01
1.032191999999999971e-01
1.032601600000000036e-01
1.033011199999999963e-01
1.033420800000000028e-01
1.033830399999999955e-01
1.034240000000000020e-01
1.034649600000000086e-01
1.035059200000000013e-01
1.035468800000000078e-01
1.035878400000000005e-01
1.036288000000000070e-01
1.036697599999999997e-01
1.037107200000000062e-01
1.037516799999999989e-01
1.037926400000000055e-01
1.038335999999999981e-01
1.038745600000000047e-01
1.039155199999999973e-01
1.039564800000000039e-01
1.039974399999999966e-01
1.040384000000000031e-01
1.040793599999999958e-01
1.041203200000000023e-01
1.041612800000000089e-01
1.042022400000000015e-01
1.042432000000000081e-01
1.042841600000000007e-01
1.043251200000000073e-01
1.043660800000000000e-01
1.044070400000000065e-01
1.044479999999999992e-01
1.044889600000000057e-01
1.045299199999999984e-01
1.045708800000000049e-01
1.046118399999999976e-01
1.046528000000000042e-01
1.046937599999999968e-01
1.047347200000000034e-01
1.047756799999999960e-01
1.048166400000000026e-01
1.048575999999999953e-01
1.048985600000000018e-01
1.049395200000000083e-01
1.049804800000000010e-01
1.050214400000000076e-01
1.050624000000000002e-01
1.051033600000000068e-01
1.051443199999999994e-01
1.051852800000000060e-01
1.052262399999999987e-01
1.052672000000000052e-01
1.053081599999999979e-01
1.053491200000000044e-01
1.053900799999999971e-01
1.054310400000000036e-01
1.054719999999999963e-01
1.055129600000000029e-01
1.055539199999999955e-01
1.055948800000000021e-01
1.056358400000000086e-01
1.056768000000000013e-01
1.057177600000000078e-01
1.057587200000000005e-01
1.057996800000000071e-01
1.058406399999999997e-01
1.058816000000000063e-01
1.059225599999999989e-01
1.059635200000000055e-01
1.060044799999999982e-01
1.060454400000000047e-01
1.060863999999999974e-01
1.061273600000000039e-01
1.061683199999999966e-01
1.062092800000000031e-01
1.062502399999999958e-01
1.062912000000000023e-01
1.063321600000000089e-01
1.063731200000000016e-01
1.064140800000000081e-01
1.064550400000000008e-01
1.064960000000000073e-01
1.065369600000000000e-01
1.065779200000000065e-01
1.066188799999999992e-01
1.066598400000000058e-01
1.067007999999999984e-01
1.067417600000000050e-01
1.067827199999999976e-01
1.068236800000000042e-01
1.068646399999999969e-01
1.069056000000000034e-01
1.069465599999999961e-01
1.069875200000000026e-01
1.070284800000000092e-01
1.070694400000000018e-01
1.071104000000000084e-01
1.071513600000000010e-01
1.071923200000000076e-01
1.072332800000000003e-01
1.072742400000000068e-01
1.073151999999999995e-01
1.073561600000000060e-01
1.073971199999999987e-01
1.074380800000000052e-01
1.074790399999999979e-01
1.075200000000000045e-01
1.075609599999999971e-01
1.076019200000000037e-01
1.076428799999999963e-01
1.076838400000000029e-01
1.077247999999999956e-01
1.077657600000000021e-01
1.078067200000000087e-01
1.078476800000000013e-01
1.078886400000000079e-01
1.079296000000000005e-01
1.079705600000000071e-01
1.080115199999999998e-01
1.080524800000000063e-01
1.080934399999999990e-01
1.081344000000000055e-01
1.081753599999999982e-01
1.082163200000000047e-01
1.082572799999999974e-01
1.082982400000000039e-01
1.083391999999999966e-01
1.083801600000000032e-01
1.084211199999999958e-01
1.084620800000000024e-01
1.085030400000000089e-01
1.085440000000000016e-01
1.085849600000000081e-01
1.086259200000000008e-01
1.086668800000000074e-01
1.087078400000000000e-01
1.087488000000000066e-01
1.087897599999999992e-01
1.088307200000000058e-01
1.088716799999999985e-01
1.089126400000000050e-01
1.089535999999999977e-01
1.089945600000000042e-01
1.090355199999999969e-01
1.090764800000000034e-01
1.091174399999999961e-01
1.091584000000000026e-01
1.091993600000000092e-01
1.092403200000000019e-01
1.092812800000000084e-01
1.093222400000000011e-01
1.093632000000000076e-01
1.094041600000000003e-01
1.094451200000000068e-01
1.094860799999999995e-01
1.095270400000000061e-01
1.095679999999999987e-01
1.096089600000000053e-01
1.096499199999999979e-01
1.096908800000000045e-01
1.097318399999999972e-01
1.097728000000000037e-01
1.098137599999999964e-01
1.098547200000000029e-01
1.098956799999999956e-01
1.099366400000000021e-01
1.099776000000000087e-01
1.100185600000000014e-01
1.100595200000000079e-01
1.101004800000000006e-01
1.101414400000000071e-01
1.101823999999999998e-01
1.102233600000000063e-01
1.102643199999999990e-01
1.103052800000000055e-01
1.103462399999999982e-01
1.103872000000000048e-01
1.104281599999999974e-01
1.104691200000000040e-01
1.105100799999999966e-01
1.105510400000000032e-01
1.105919999999999959e-01
1.106329600000000024e-01
1.106739200000000090e-01
1.107148800000000016e-01
1.107558400000000082e-01
1.107968000000000008e-01
1.108377600000000074e-01
1.108787200000000001e-01
1.109196800000000066e-01
1.109606399999999993e-01
1.110016000000000058e-01
1.110425599999999985e-01
1.110835200000000050e-01
1.111244799999999977e-01
1.111654400000000043e-01
1.112063999999999969e-01
1.112473600000000035e-01
1.112883199999999961e-01
1.113292800000000027e-01
1.113702400000000092e-01
1.114112000000000019e-01
1.114521600000000084e-01
1.114931200000000011e-01
1.115340800000000077e-01
1.115750400000000003e-01
1.116160000000000069e-01
1.116569599999999995e-01
1.116979200000000061e-01
1.117388799999999988e-01
1.117798400000000053e-01
1.118207999999999980e-01
1.118617600000000045e-01
1.119027199999999972e-01
1.119436800000000037e-01
1.119846399999999964e-01
1.120256000000000030e-01
1.120665599999999956e-01
1.121075200000000022e-01
1.121484800000000087e-01
1.121894400000000014e-01
1.122304000000000079e-01
1.122713600000000006e-01
1.123123200000000071e-01
1.123532799999999998e-01
1.123942400000000064e-01
1.124351999999999990e-01
1.124761600000000056e-01
1.125171199999999982e-01
1.125580800000000048e-01
1.125990399999999975e-01
1.126400000000000040e-01
1.126809599999999967e-01
1.127219200000000032e-01
1.127628799999999959e-01
1.128038400000000024e-01
1.128448000000000090e-01
1.128857600000000017e-01
1.129267200000000082e-01
1.129676800000000009e-01
1.130086400000000074e-01
1.130496000000000001e-01
1.130905600000000066e-01
1.131315199999999993e-01
1.131724800000000059e-01
1.132134399999999985e-01
1.132544000000000051e-01
1.132953599999999977e-01
1.133363200000000043e-01
1.133772799999999970e-01
1.134182400000000035e-01
1.134591999999999962e-01
1.135001600000000027e-01
1.135411200000000093e-01
1.135820800000000019e-01
1.136230400000000085e-01
1.136640000000000011e-01
1.137049600000000077e-01
1.137459200000000004e-01
1.137868800000000069e-01
1.138278399999999996e-01
1.138688000000000061e-01
1.139097599999999988e-01
1.139507200000000053e-01
1.139916799999999980e-01
1.140326400000000046e-01
1.140735999999999972e-01
1.141145600000000038e-01
1.141555199999999964e-01
1.141964800000000030e-01
1.142374399999999957e-01
1.142784000000000022e-01
1.143193600000000087e-01
1.143603200000000014e-01
1.144012800000000080e-01
1.144422400000000006e-01
1.144832000000000072e-01
1.145241599999999998e-01
1.145651200000000064e-01
1.146060799999999991e-01
1.146470400000000056e-01
1.146879999999999983e-01
1.147289600000000048e-01
1.147699199999999975e-01
1.148108800000000040e-01
1.148518399999999967e-01
1.148928000000000033e-01
1.149337599999999959e-01
1.149747200000000025e-01
1.150156800000000090e-01
1.150566400000000017e-01
1.150976000000000082e-01
1.151385600000000009e-01
1.151795200000000075e-01
1.152204800000000001e-01
1.152614400000000067e-01
1.153023999999999993e-01
1.153433600000000059e-01
1.153843199999999986e-01
1.154252800000000051e-01
1.154662399999999978e-01
1.155072000000000043e-01
1.155481599999999970e-01
1.155891200000000035e-01
1.156300799999999962e-01
1.156710400000000027e-01
1.157120000000000093e-01
1.157529600000000020e-01
1.157939200000000085e-01
1.158348800000000012e-01
1.158758400000000077e-01
1.159168000000000004e-01
1.159577600000000069e-01
1.159987199999999996e-01
1.160396800000000062e-01
1.160806399999999988e-01
1.161216000000000054e-01
1.161625599999999980e-01
1.162035200000000046e-01
1.162444799999999973e-01
1.162854400000000038e-01
1.163263999999999965e-01
1.163673600000000030e-01
1.164083199999999957e-01
1.164492800000000022e-01
1.164902400000000088e-01
1.165312000000000014e-01
1.165721600000000080e-01
1.166131200000000007e-01
1.166540800000000072e-01
1.166950399999999999e-01
1.167360000000000064e-01
1.167769599999999991e-01
1.168179200000000056e-01
1.168588799999999983e-01
1.168998400000000049e-01
1.169407999999999975e-01
1.169817600000000041e-01
1.170227199999999967e-01
1.170636800000000033e-01
1.171046399999999960e-01
1.171456000000000025e-01
1.171865600000000091e-01
1.172275200000000017e-01
1.172684800000000083e-01
1.173094400000000009e-01
1.173504000000000075e-01
1.173913600000000002e-01
1.174323200000000067e-01
1.174732799999999994e-01
1.175142400000000059e-01
1.175551999999999986e-01
1.175961600000000051e-01
1.176371199999999978e-01
1.176780800000000043e-01
1.177190399999999970e-01
1.177600000000000036e-01
1.178009599999999962e-01
1.178419200000000028e-01
1.178828800000000093e-01
1.179238400000000020e-01
1.179648000000000085e-01
1.180057600000000012e-01
1.180467200000000078e-01
1.180876800000000004e-01
1.181286400000000070e-01
1.181695999999999996e-01
1.182105600000000062e-01
1.182515199999999989e-01
1.182924800000000054e-01
1.183334399999999981e-01
1.183744000000000046e-01
1.184153599999999973e-01
1.184563200000000038e-01
1.184972799999999965e-01
1.185382400000000030e-01
1.185791999999999957e-01
1.186201600000000023e-01
1.186611200000000088e-01
1.187020800000000015e-01
1.187430400000000080e-01
1.187840000000000007e-01
1.188249600000000072e-01
1.188659199999999999e-01
1.189068800000000065e-01
1.189478399999999991e-01
1.189888000000000057e-01
1.190297599999999983e-01
1.190707200000000049e-01
1.191116799999999976e-01
1.191526400000000041e-01
1.191935999999999968e-01
1.192345600000000033e-01
1.192755199999999960e-01
1.193164800000000025e-01
1.193574400000000091e-01
1.193984000000000018e-01
1.194393600000000083e-01
1.194803200000000010e-01
1.195212800000000075e-01
1.195622400000000002e-01
1.196032000000000067e-01
1.196441599999999994e-01
1.196851200000000059e-01
1.197260799999999986e-01
1.197670400000000052e-01
1.198079999999999978e-01
1.198489600000000044e-01
1.198899199999999970e-01
1.199308800000000036e-01
1.199718399999999963e-01
1.200128000000000028e-01
1.200537600000000094e-01
1.200947200000000020e-01
1.201356800000000086e-01
1.201766400000000012e-01
1.202176000000000078e-01
1.202585600000000005e-01
1.202995200000000070e-01
1.203404799999999997e-01
1.203814400000000062e-01
1.204223999999999989e-01
1.204633600000000054e-01
1.205043199999999981e-01
1.205452800000000046e-01
1.205862399999999973e-01
1.206272000000000039e-01
1.206681599999999965e-01
1.207091200000000031e-01
1.207500799999999958e-01
1.207910400000000023e-01
1.208320000000000088e-01
1.208729600000000015e-01
1.209139200000000081e-01
1.209548800000000007e-01
1.209958400000000073e-01
1.210367999999999999e-01
1.210777600000000065e-01
1.211187199999999992e-01
1.211596800000000057e-01
1.212006399999999984e-01
1.212416000000000049e-01
1.212825599999999976e-01
1.213235200000000041e-01
1.213644799999999968e-01
1.214054400000000034e-01
1.214463999999999960e-01
1.214873600000000026e-01
1.215283200000000091e-01
1.215692800000000018e-01
1.216102400000000083e-01
1.216512000000000010e-01
1.216921600000000075e-01
1.217331200000000002e-01
1.217740800000000068e-01
1.218150399999999994e-01
1.218560000000000060e-01
1.218969599999999986e-01
1.219379200000000052e-01
1.219788799999999979e-01
1.220198400000000044e-01
1.220607999999999971e-01
1.221017600000000036e-01
1.221427199999999963e-01
1.221836800000000028e-01
1.222246400000000094e-01
1.222656000000000021e-01
1.223065600000000086e-01
1.223475200000000013e-01
1.223884800000000078e-01
1.224294400000000005e-01
1.224704000000000070e-01
1.225113599999999997e-01
1.225523200000000063e-01
1.225932799999999989e-01
1.226342400000000055e-01
1.226751999999999981e-01
1.227161600000000047e-01
1.227571199999999974e-01
1.227980800000000039e-01
1.228390399999999966e-01
1.228800000000000031e-01
1.229209599999999958e-01
1.229619200000000023e-01
1.230028800000000089e-01
1.230438400000000015e-01
1.230848000000000081e-01
1.231257600000000008e-01
1.231667200000000073e-01
1.232076800000000000e-01
1.232486400000000065e-01
1.232895999999999992e-01
1.233305600000000057e-01
1.233715199999999984e-01
1.234124800000000050e-01
1.234534399999999976e-01
1.234944000000000042e-01
1.235353599999999968e-01
1.235763200000000034e-01
1.236172799999999961e-01
1.236582400000000026e-01
1.236992000000000091e-01
1.237401600000000018e-01
1.237811200000000084e-01
1.238220800000000010e-01
1.238630400000000076e-01
1.239040000000000002e-01
1.239449600000000068e-01
1.239859199999999995e-01
1.240268800000000060e-01
1.240678399999999987e-01
1.241088000000000052e-01
1.241497599999999979e-01
1.241907200000000044e-01
1.242316799999999971e-01
1.242726400000000037e-01
1.243135999999999963e-01
1.243545600000000029e-01
1.243955200000000094e-01
1.244364800000000021e-01
1.244774400000000086e-01
1.245184000000000013e-01
1.245593600000000079e-01
1.246003200000000005e-01
1.246412800000000071e-01
1.246822399999999997e-01
1.247232000000000063e-01
1.247641599999999990e-01
1.248051200000000055e-01
1.248460799999999982e-01
1.248870400000000047e-01
1.249279999999999974e-01
1.249689600000000039e-01
1.250099199999999966e-01
1.250508800000000031e-01
1.250918400000000097e-01
1.251328000000000162e-01
1.251737599999999950e-01
1.252147200000000016e-01
1.252556800000000081e-01
1.252966400000000147e-01
1.253375999999999935e-01
1.253785600000000000e-01
1.254195200000000066e-01
1.254604800000000131e-01
1.255014399999999919e-01
1.255423999999999984e-01
1.255833600000000050e-01
1.256243200000000115e-01
1.256652799999999903e-01
1.257062399999999969e-01
1.257472000000000034e-01
1.257881600000000100e-01
1.258291200000000165e-01
1.258700799999999953e-01
1.259110400000000018e-01
1.259520000000000084e-01
1.259929600000000149e-01
1.260339199999999937e-01
1.260748800000000003e-01
1.261158400000000068e-01
1.261568000000000134e-01
1.261977599999999922e-01
1.262387199999999987e-01
1.262796800000000053e-01
1.263206400000000118e-01
1.263615999999999906e-01
1.264025599999999971e-01
1.264435200000000037e-01
1.264844800000000102e-01
1.265254399999999890e-01
1.265663999999999956e-01
1.266073600000000021e-01
1.266483200000000087e-01
1.266892800000000152e-01
1.267302399999999940e-01
1.267712000000000006e-01
1.268121600000000071e-01
1.268531200000000136e-01
1.268940799999999924e-01
1.269350399999999990e-01
1.269760000000000055e-01
1.270169600000000121e-01
1.270579199999999909e-01
1.270988799999999974e-01
1.271398400000000040e-01
1.271808000000000105e-01
1.272217599999999893e-01
1.272627199999999958e-01
1.273036800000000024e-01
1.273446400000000089e-01
1.273856000000000155e-01
1.274265599999999943e-01
1.274675200000000008e-01
1.275084800000000074e-01
1.275494400000000139e-01
1.275903999999999927e-01
1.276313599999999993e-01
1.276723200000000058e-01
1.277132800000000123e-01
1.277542399999999911e-01
1.277951999999999977e-01
1.278361600000000042e-01
1.278771200000000108e-01
1.279180799999999896e-01
1.279590399999999961e-01
1.280000000000000027e-01
1.280409600000000092e-01
1.280819200000000158e-01
1.281228799999999945e-01
1.281638400000000011e-01
1.282048000000000076e-01
1.282457600000000142e-01
1.282867199999999930e-01
1.283276799999999995e-01
1.283686400000000061e-01
1.284096000000000126e-01
1.284505599999999914e-01
1.284915199999999980e-01
1.285324800000000045e-01
1.285734400000000111e-01
1.286143999999999898e-01
1.286553599999999964e-01
1.286963200000000029e-01
1.287372800000000095e-01
1.287782400000000160e-01
1.288191999999999948e-01
1.288601600000000014e-01
1.289011200000000079e-01
1.289420800000000145e-01
1.289830399999999933e-01
1.290239999999999998e-01
1.290649600000000063e-01
1.291059200000000129e-01
1.291468799999999917e-01
1.291878399999999982e-01
1.292288000000000048e-01
1.292697600000000113e-01
1.293107199999999901e-01
1.293516799999999967e-01
1.293926400000000032e-01
1.294336000000000098e-01
1.294745600000000163e-01
1.295155199999999951e-01
1.295564800000000016e-01
1.295974400000000082e-01
1.296384000000000147e-01
1.296793599999999935e-01
1.297203200000000001e-01
1.297612800000000066e-01
1.298022400000000132e-01
1.298431999999999920e-01
1.298841599999999985e-01
1.299251200000000050e-01
1.299660800000000116e-01
1.300070399999999904e-01
1.300479999999999969e-01
1.300889600000000035e-01
1.301299200000000100e-01
1.301708800000000166e-01
1.302118399999999954e-01
1.302528000000000019e-01
1.302937600000000085e-01
1.303347200000000150e-01
1.303756799999999938e-01
1.304166400000000003e-01
1.304576000000000069e-01
1.304985600000000134e-01
1.305395199999999922e-01
1.305804799999999988e-01
1.306214400000000053e-01
1.306624000000000119e-01
1.307033599999999907e-01
1.307443199999999972e-01
1.307852800000000038e-01
1.308262400000000103e-01
1.308671999999999891e-01
1.309081599999999956e-01
1.309491200000000022e-01
1.309900800000000087e-01
1.310310400000000153e-01
1.310719999999999941e-01
1.311129600000000006e-01
1.311539200000000072e-01
1.311948800000000137e-01
1.312358399999999925e-01
1.312767999999999990e-01
1.313177600000000056e-01
1.313587200000000121e-01
1.313996799999999909e-01
1.314406399999999975e-01
1.314816000000000040e-01
1.315225600000000106e-01
1.315635199999999894e-01
1.316044799999999959e-01
1.316454400000000025e-01
1.316864000000000090e-01
1.317273600000000155e-01
1.317683199999999943e-01
1.318092800000000009e-01
1.318502400000000074e-01
1.318912000000000140e-01
1.319321599999999928e-01
1.319731199999999993e-01
1.320140800000000059e-01
1.320550400000000124e-01
1.320959999999999912e-01
1.321369599999999978e-01
1.321779200000000043e-01
1.322188800000000108e-01
1.322598399999999896e-01
1.323007999999999962e-01
1.323417600000000027e-01
1.323827200000000093e-01
1.324236800000000158e-01
1.324646399999999946e-01
1.325056000000000012e-01
1.325465600000000077e-01
1.325875200000000143e-01
1.326284799999999930e-01
1.326694399999999996e-01
1.327104000000000061e-01
1.327513600000000127e-01
1.327923199999999915e-01
1.328332799999999980e-01
1.328742400000000046e-01
1.329152000000000111e-01
1.329561599999999899e-01
1.329971199999999965e-01
1.330380800000000030e-01
1.330790400000000095e-01
1.331200000000000161e-01
1.331609599999999949e-01
1.332019200000000014e-01
1.332428800000000080e-01
1.332838400000000145e-01
1.333247999999999933e-01
1.333657599999999999e-01
1.334067200000000064e-01
1.334476800000000130e-01
1.334886399999999917e-01
1.335295999999999983e-01
1.335705600000000048e-01
1.336115200000000114e-01
1.336524799999999902e-01
1.336934399999999967e-01
1.337344000000000033e-01
1.337753600000000098e-01
1.338163200000000164e-01
1.338572799999999952e-01
1.338982400000000017e-01
1.339392000000000083e-01
1.339801600000000148e-01
1.340211199999999936e-01
1.340620800000000001e-01
1.341030400000000067e-01
1.341440000000000132e-01
1.341849599999999920e-01
1.342259199999999986e-01
1.342668800000000051e-01
1.343078400000000117e-01
1.343487999999999905e-01
1.343897599999999970e-01
1.344307200000000035e-01
1.344716800000000101e-01
1.345126400000000166e-01
1.345535999999999954e-01
1.345945600000000020e-01
1.346355200000000085e-01
1.346764800000000151e-01
1.347174399999999939e-01
1.347584000000000004e-01
1.347993600000000070e-01
1.348403200000000135e-01
1.348812799999999923e-01
1.349222399999999988e-01
1.349632000000000054e-01
1.350041600000000119e-01
1.350451199999999907e-01
1.350860799999999973e-01
1.351270400000000038e-01
1.351680000000000104e-01
1.352089599999999892e-01
1.352499199999999957e-01
1.352908800000000022e-01
1.353318400000000088e-01
1.353728000000000153e-01
1.354137599999999941e-01
1.354547200000000007e-01
1.354956800000000072e-01
1.355366400000000138e-01
1.355775999999999926e-01
1.356185599999999991e-01
1.356595200000000057e-01
1.357004800000000122e-01
1.357414399999999910e-01
1.357823999999999975e-01
1.358233600000000041e-01
1.358643200000000106e-01
1.359052799999999894e-01
1.359462399999999960e-01
1.359872000000000025e-01
1.360281600000000091e-01
1.360691200000000156e-01
1.361100799999999944e-01
1.361510400000000010e-01
1.361920000000000075e-01
1.362329600000000140e-01
1.362739199999999928e-01
1.363148799999999994e-01
1.363558400000000059e-01
1.363968000000000125e-01
1.364377599999999913e-01
1.364787199999999978e-01
1.365196800000000044e-01
1.365606400000000109e-01
1.366015999999999897e-01
1.366425599999999962e-01
1.366835200000000028e-01
1.367244800000000093e-01
1.367654400000000159e-01
1.368063999999999947e-01
1.368473600000000012e-01
1.368883200000000078e-01
1.369292800000000143e-01
1.369702399999999931e-01
1.370111999999999997e-01
1.370521600000000062e-01
1.370931200000000127e-01
1.371340799999999915e-01
1.371750399999999981e-01
1.372160000000000046e-01
1.372569600000000112e-01
1.372979199999999900e-01
1.373388799999999965e-01
1.373798400000000031e-01
1.374208000000000096e-01
1.374617600000000162e-01
1.375027199999999949e-01
1.375436800000000015e-01
1.375846400000000080e-01
1.376256000000000146e-01
1.376665599999999934e-01
1.377075199999999999e-01
1.377484800000000065e-01
1.377894400000000130e-01
1.378303999999999918e-01
1.378713599999999984e-01
1.379123200000000049e-01
1.379532800000000115e-01
1.379942399999999902e-01
1.380351999999999968e-01
1.380761600000000033e-01
1.381171200000000099e-01
1.381580800000000164e-01
1.381990399999999952e-01
1.382400000000000018e-01
1.382809600000000083e-01
1.383219200000000149e-01
1.383628799999999937e-01
1.384038400000000002e-01
1.384448000000000067e-01
1.384857600000000133e-01
1.385267199999999921e-01
1.385676799999999986e-01
1.386086400000000052e-01
1.386496000000000117e-01
1.386905599999999905e-01
1.387315199999999971e-01
1.387724800000000036e-01
1.388134400000000102e-01
1.388544000000000167e-01
1.388953599999999955e-01
1.389363200000000020e-01
1.389772800000000086e-01
1.390182400000000151e-01
1.390591999999999939e-01
1.391001600000000005e-01
1.391411200000000070e-01
1.391820800000000136e-01
1.392230399999999924e-01
1.392639999999999989e-01
1.393049600000000054e-01
1.393459200000000120e-01
1.393868799999999908e-01
1.394278399999999973e-01
1.394688000000000039e-01
1.395097600000000104e-01
1.395507199999999892e-01
1.395916799999999958e-01
1.396326400000000023e-01
1.396736000000000089e-01
1.397145600000000154e-01
1.397555199999999942e-01
1.397964800000000007e-01
1.398374400000000073e-01
1.398784000000000138e-01
1.399193599999999926e-01
1.399603199999999992e-01
1.400012800000000057e-01
1.400422400000000123e-01
1.400831999999999911e-01
1.401241599999999976e-01
1.401651200000000042e-01
1.402060800000000107e-01
1.402470399999999895e-01
1.402879999999999960e-01
1.403289600000000026e-01
1.403699200000000091e-01
1.404108800000000157e-01
1.404518399999999945e-01
1.404928000000000010e-01
1.405337600000000076e-01
1.405747200000000141e-01
1.406156799999999929e-01
1.406566399999999994e-01
1.406976000000000060e-01
1.407385600000000125e-01
1.407795199999999913e-01
1.408204799999999979e-01
1.408614400000000044e-01
1.409024000000000110e-01
1.409433599999999898e-01
1.409843199999999963e-01
1.410252800000000029e-01
1.410662400000000094e-01
1.411072000000000159e-01
1.411481599999999947e-01
1.411891200000000013e-01
1.412300800000000078e-01
1.412710400000000144e-01
1.413119999999999932e-01
1.413529599999999997e-01
1.413939200000000063e-01
1.414348800000000128e-01
1.414758399999999916e-01
1.415167999999999981e-01
1.415577600000000047e-01
1.415987200000000112e-01
1.416396799999999900e-01
1.416806399999999966e-01
1.417216000000000031e-01
1.417625600000000097e-01
1.418035200000000162e-01
1.418444799999999950e-01
1.418854400000000016e-01
1.419264000000000081e-01
1.419673600000000147e-01
1.420083199999999934e-01
1.420492800000000000e-01
1.420902400000000065e-01
1.421312000000000131e-01
1.421721599999999919e-01
1.422131199999999984e-01
1.422540800000000050e-01
1.422950400000000115e-01
1.423359999999999903e-01
1.423769599999999969e-01
1.424179200000000034e-01
1.424588800000000099e-01
1.424998400000000165e-01
1.425407999999999953e-01
1.425817600000000018e-01
1.426227200000000084e-01
1.426636800000000149e-01
1.427046399999999937e-01
1.427456000000000003e-01
1.427865600000000068e-01
1.428275200000000134e-01
1.428684799999999921e-01
1.429094399999999987e-01
1.429504000000000052e-01
1.429913600000000118e-01
1.430323199999999906e-01
1.430732799999999971e-01
1.431142400000000037e-01
1.431552000000000102e-01
1.431961600000000168e-01
1.432371199999999956e-01
1.432780800000000021e-01
1.433190400000000087e-01
1.433600000000000152e-01
1.434009599999999940e-01
1.434419200000000005e-01
1.434828800000000071e-01
1.435238400000000136e-01
1.435647999999999924e-01
1.436057599999999990e-01
1.436467200000000055e-01
1.436876800000000121e-01
1.437286399999999909e-01
1.437695999999999974e-01
1.438105600000000039e-01
1.438515200000000105e-01
1.438924799999999893e-01
1.439334399999999958e-01
1.439744000000000024e-01
1.440153600000000089e-01
1.440563200000000155e-01
1.440972799999999943e-01
1.441382400000000008e-01
1.441792000000000074e-01
1.442201600000000139e-01
1.442611199999999927e-01
1.443020799999999992e-01
1.443430400000000058e-01
1.443840000000000123e-01
1.444249599999999911e-01
1.444659199999999977e-01
1.445068800000000042e-01
1.445478400000000108e-01
1.445887999999999896e-01
1.446297599999999961e-01
1.446707200000000026e-01
1.447116800000000092e-01
1.447526400000000157e-01
1.447935999999999945e-01
1.448345600000000011e-01
1.448755200000000076e-01
1.449164800000000142e-01
1.449574399999999930e-01
1.449983999999999995e-01
1.450393600000000061e-01
1.450803200000000126e-01
1.451212799999999914e-01
1.451622399999999979e-01
1.452032000000000045e-01
1.452441600000000110e-01
1.452851199999999898e-01
1.453260799999999964e-01
1.453670400000000029e-01
1.454080000000000095e-01
1.454489600000000160e-01
1.454899199999999948e-01
1.455308800000000014e-01
1.455718400000000079e-01
1.456128000000000144e-01
1.456537599999999932e-01
1.456947199999999998e-01
1.457356800000000063e-01
1.457766400000000129e-01
1.458175999999999917e-01
1.458585599999999982e-01
1.458995200000000048e-01
1.459404800000000113e-01
1.459814399999999901e-01
1.460223999999999966e-01
1.460633600000000032e-01
1.461043200000000097e-01
1.461452800000000163e-01
1.461862399999999951e-01
1.462272000000000016e-01
1.462681600000000082e-01
1.463091200000000147e-01
1.463500799999999935e-01
1.463910400000000001e-01
1.464320000000000066e-01
1.464729600000000131e-01
1.465139199999999919e-01
1.465548799999999985e-01
1.465958400000000050e-01
1.466368000000000116e-01
1.466777599999999904e-01
1.467187199999999969e-01
1.467596800000000035e-01
1.468006400000000100e-01
1.468416000000000166e-01
1.468825599999999953e-01
1.469235200000000019e-01
1.469644800000000084e-01
1.470054400000000150e-01
1.470463999999999938e-01
1.470873600000000003e-01
1.471283200000000069e-01
1.471692800000000134e-01
1.472102399999999922e-01
1.472511999999999988e-01
1.472921600000000053e-01
1.473331200000000119e-01
1.473740799999999906e-01
1.474150399999999972e-01
1.474560000000000037e-01
1.474969600000000103e-01
1.475379200000000168e-01
1.475788799999999956e-01
1.476198400000000022e-01
1.476608000000000087e-01
1.477017600000000153e-01
1.477427199999999941e-01
1.477836800000000006e-01
1.478246400000000071e-01
1.478656000000000137e-01
1.479065599999999925e-01
1.479475199999999990e-01
1.479884800000000056e-01
1.480294400000000121e-01
1.480703999999999909e-01
1.481113599999999975e-01
1.481523200000000040e-01
1.481932800000000106e-01
1.482342399999999893e-01
1.482751999999999959e-01
1.483161600000000024e-01
1.483571200000000090e-01
1.483980800000000155e-01
1.484390399999999943e-01
1.484800000000000009e-01
1.485209600000000074e-01
1.485619200000000140e-01
1.486028799999999928e-01
1.486438399999999993e-01
1.486848000000000058e-01
1.487257600000000124e-01
1.487667199999999912e-01
1.488076799999999977e-01
1.488486400000000043e-01
1.488896000000000108e-01
1.489305599999999896e-01
1.489715199999999962e-01
1.490124800000000027e-01
1.490534400000000093e-01
1.490944000000000158e-01
1.491353599999999946e-01
1.491763200000000011e-01
1.492172800000000077e-01
1.492582400000000142e-01
1.492991999999999930e-01
1.493401599999999996e-01
1.493811200000000061e-01
1.494220800000000127e-01
1.494630399999999915e-01
1.495039999999999980e-01
1.495449600000000046e-01
1.495859200000000111e-01
1.496268799999999899e-01
1.496678399999999964e-01
1.497088000000000030e-01
1.497497600000000095e-01
1.497907200000000161e-01
1.498316799999999949e-01
1.498726400000000014e-01
1.499136000000000080e-01
1.499545600000000145e-01
1.499955199999999933e-01
1.500364799999999998e-01
1.500774400000000064e-01
1.501184000000000129e-01
1.501593599999999917e-01
1.502003199999999983e-01
1.502412800000000048e-01
1.502822400000000114e-01
1.503231999999999902e-01
1.503641599999999967e-01
1.504051200000000033e-01
1.504460800000000098e-01
1.504870400000000163e-01
1.505279999999999951e-01
1.505689600000000017e-01
1.506099200000000082e-01
1.506508800000000148e-01
1.506918399999999936e-01
1.507328000000000001e-01
1.507737600000000067e-01
1.508147200000000132e-01
1.508556799999999920e-01
1.508966399999999985e-01
1.509376000000000051e-01
1.509785600000000116e-01
1.510195199999999904e-01
1.510604799999999970e-01
1.511014400000000035e-01
1.511424000000000101e-01
1.511833600000000166e-01
1.512243199999999954e-01
1.512652800000000020e-01
1.513062400000000085e-01
1.513472000000000151e-01
1.513881599999999938e-01
1.514291200000000004e-01
1.514700800000000069e-01
1.515110400000000135e-01
1.515519999999999923e-01
1.515929599999999988e-01
1.516339200000000054e-01
1.516748800000000119e-01
1.517158399999999907e-01
1.517567999999999973e-01
1.517977600000000038e-01
1.518387200000000103e-01
1.518796800000000169e-01
1.519206399999999957e-01
1.519616000000000022e-01
1.520025600000000088e-01
1.520435200000000153e-01
1.520844799999999941e-01
1.521254400000000007e-01
1.521664000000000072e-01
1.522073600000000138e-01
1.522483199999999925e-01
1.522892799999999991e-01
1.523302400000000056e-01
1.523712000000000122e-01
1.524121599999999910e-01
1.524531199999999975e-01
1.524940800000000041e-01
1.525350400000000106e-01
1.525759999999999894e-01
1.526169599999999960e-01
1.526579200000000025e-01
1.526988800000000090e-01
1.527398400000000156e-01
1.527807999999999944e-01
1.528217600000000009e-01
1.528627200000000075e-01
1.529036800000000140e-01
1.529446399999999928e-01
1.529855999999999994e-01
1.530265600000000059e-01
1.530675200000000125e-01
1.531084799999999913e-01
1.531494399999999978e-01
1.531904000000000043e-01
1.532313600000000109e-01
1.532723199999999897e-01
1.533132799999999962e-01
1.533542400000000028e-01
1.533952000000000093e-01
1.534361600000000159e-01
1.534771199999999947e-01
1.535180800000000012e-01
1.535590400000000078e-01
1.536000000000000143e-01
1.536409599999999931e-01
1.536819199999999996e-01
1.537228800000000062e-01
1.537638400000000127e-01
1.538047999999999915e-01
1.538457599999999981e-01
1.538867200000000046e-01
1.539276800000000112e-01
1.539686399999999900e-01
1.540095999999999965e-01
1.540505600000000030e-01
1.540915200000000096e-01
1.541324800000000161e-01
1.541734399999999949e-01
1.542144000000000015e-01
1.542553600000000080e-01
1.542963200000000146e-01
1.543372799999999934e-01
1.543782399999999999e-01
1.544192000000000065e-01
1.544601600000000130e-01
1.545011199999999918e-01
1.545420799999999983e-01
1.545830400000000049e-01
1.546240000000000114e-01
1.546649599999999902e-01
1.547059199999999968e-01
1.547468800000000033e-01
1.547878400000000099e-01
1.548288000000000164e-01
1.548697599999999952e-01
1.549107200000000018e-01
1.549516800000000083e-01
1.549926400000000148e-01
1.550335999999999936e-01
1.550745600000000002e-01
1.551155200000000067e-01
1.551564800000000133e-01
1.551974399999999921e-01
1.552383999999999986e-01
1.552793600000000052e-01
1.553203200000000117e-01
1.553612799999999905e-01
1.554022399999999970e-01
1.554432000000000036e-01
1.554841600000000101e-01
1.555251200000000167e-01
1.555660799999999955e-01
1.556070400000000020e-01
1.556480000000000086e-01
1.556889600000000151e-01
1.557299199999999939e-01
1.557708800000000005e-01
1.558118400000000070e-01
1.558528000000000135e-01
1.558937599999999923e-01
1.559347199999999989e-01
1.559756800000000054e-01
1.560166400000000120e-01
1.560575999999999908e-01
1.560985599999999973e-01
1.561395200000000039e-01
1.561804800000000104e-01
1.562214400000000170e-01
1.562623999999999957e-01
1.563033600000000023e-01
1.563443200000000088e-01
1.563852800000000154e-01
1.564262399999999942e-01
1.564672000000000007e-01
1.565081600000000073e-01
1.565491200000000138e-01
1.565900799999999926e-01
1.566310399999999992e-01
1.566720000000000057e-01
1.567129600000000123e-01
1.567539199999999910e-01
1.567948799999999976e-01
1.568358400000000041e-01
1.568768000000000107e-01
1.569177599999999895e-01
1.569587199999999960e-01
1.569996800000000026e-01
1.570406400000000091e-01
1.570816000000000157e-01
1.571225599999999945e-01
1.571635200000000010e-01
1.572044800000000075e-01
1.572454400000000141e-01
1.572863999999999929e-01
1.573273599999999994e-01
1.573683200000000060e-01
1.574092800000000125e-01
1.574502399999999913e-01
1.574911999999999979e-01
1.575321600000000044e-01
1.575731200000000110e-01
1.576140799999999897e-01
1.576550399999999963e-01
1.576960000000000028e-01
1.577369600000000094e-01
1.577779200000000159e-01
1.578188799999999947e-01
1.578598400000000013e-01
1.579008000000000078e-01
1.579417600000000144e-01
1.579827199999999932e-01
1.580236799999999997e-01
1.580646400000000062e-01
1.581056000000000128e-01
1.581465599999999916e-01
1.581875199999999981e-01
1.582284800000000047e-01
1.582694400000000112e-01
1.583103999999999900e-01
1.583513599999999966e-01
1.583923200000000031e-01
1.584332800000000097e-01
1.584742400000000162e-01
1.585151999999999950e-01
1.585561600000000015e-01
1.585971200000000081e-01
1.586380800000000146e-01
1.586790399999999934e-01
1.587200000000000000e-01
1.587609600000000065e-01
1.588019200000000131e-01
1.588428799999999919e-01
1.588838399999999984e-01
1.589248000000000050e-01
1.589657600000000115e-01
1.590067199999999903e-01
1.590476799999999968e-01
1.590886400000000034e-01
1.591296000000000099e-01
1.591705600000000165e-01
1.592115199999999953e-01
1.592524800000000018e-01
1.592934400000000084e-01
1.593344000000000149e-01
1.593753599999999937e-01
1.594163200000000002e-01
1.594572800000000068e-01
1.594982400000000133e-01
1.595391999999999921e-01
1.595801599999999987e-01
1.596211200000000052e-01
1.596620800000000118e-01
1.597030399999999906e-01
1.597439999999999971e-01
1.597849600000000037e-01
1.598259200000000102e-01
1.598668800000000167e-01
1.599078399999999955e-01
1.599488000000000021e-01
1.599897600000000086e-01
1.600307200000000152e-01
1.600716799999999940e-01
1.601126400000000005e-01
1.601536000000000071e-01
1.601945600000000136e-01
1.602355199999999924e-01
1.602764799999999989e-01
1.603174400000000055e-01
1.603584000000000120e-01
1.603993599999999908e-01
1.604403199999999974e-01
1.604812800000000039e-01
1.605222400000000105e-01
1.605632000000000170e-01
1.606041599999999958e-01
1.606451200000000024e-01
1.606860800000000089e-01
1.607270400000000155e-01
1.607679999999999942e-01
1.608089600000000008e-01
1.608499200000000073e-01
1.608908800000000139e-01
1.609318399999999927e-01
1.609727999999999992e-01
1.610137600000000058e-01
1.610547200000000123e-01
1.610956799999999911e-01
1.611366399999999977e-01
1.611776000000000042e-01
1.612185600000000107e-01
1.612595199999999895e-01
1.613004799999999961e-01
1.613414400000000026e-01
1.613824000000000092e-01
1.614233600000000157e-01
1.614643199999999945e-01
1.615052800000000011e-01
1.615462400000000076e-01
1.615872000000000142e-01
1.616281599999999929e-01
1.616691199999999995e-01
1.617100800000000060e-01
1.617510400000000126e-01
1.617919999999999914e-01
1.618329599999999979e-01
1.618739200000000045e-01
1.619148800000000110e-01
1.619558399999999898e-01
1.619967999999999964e-01
1.620377600000000029e-01
1.620787200000000094e-01
1.621196800000000160e-01
1.621606399999999948e-01
1.622016000000000013e-01
1.622425600000000079e-01
1.622835200000000144e-01
1.623244799999999932e-01
1.623654399999999998e-01
1.624064000000000063e-01
1.624473600000000129e-01
1.624883199999999916e-01
