0.000000000000000000e+00
6.400000000000000134e-07
1.280000000000000027e-06
1.920000000000000252e-06
2.560000000000000054e-06
3.199999999999999855e-06
3.840000000000000504e-06
4.480000000000000305e-06
5.120000000000000107e-06
5.759999999999999909e-06
6.399999999999999710e-06
7.040000000000000359e-06
7.680000000000001008e-06
8.319999999999999962e-06
8.960000000000000611e-06
9.599999999999999566e-06
1.024000000000000021e-05
1.088000000000000086e-05
1.151999999999999982e-05
1.216000000000000047e-05
1.279999999999999942e-05
1.344000000000000007e-05
1.408000000000000072e-05
1.471999999999999967e-05
1.536000000000000202e-05
1.599999999999999928e-05
1.663999999999999992e-05
1.728000000000000057e-05
1.792000000000000122e-05
1.856000000000000187e-05
1.919999999999999913e-05
1.983999999999999978e-05
2.048000000000000043e-05
2.112000000000000108e-05
2.176000000000000173e-05
2.239999999999999899e-05
2.303999999999999964e-05
2.368000000000000028e-05
2.432000000000000093e-05
2.496000000000000158e-05
2.559999999999999884e-05
2.623999999999999949e-05
2.688000000000000014e-05
2.752000000000000079e-05
2.816000000000000144e-05
2.880000000000000208e-05
2.943999999999999935e-05
3.007999999999999999e-05
3.072000000000000403e-05
3.135999999999999790e-05
3.199999999999999855e-05
3.263999999999999920e-05
3.327999999999999985e-05
3.392000000000000050e-05
3.456000000000000115e-05
3.520000000000000180e-05
3.584000000000000244e-05
3.648000000000000309e-05
3.712000000000000374e-05
3.775999999999999761e-05
3.839999999999999826e-05
3.903999999999999891e-05
3.967999999999999956e-05
4.032000000000000021e-05
4.096000000000000086e-05
4.160000000000000151e-05
4.224000000000000215e-05
4.288000000000000280e-05
4.352000000000000345e-05
4.416000000000000410e-05
4.479999999999999797e-05
4.543999999999999862e-05
4.607999999999999927e-05
4.671999999999999992e-05
4.736000000000000057e-05
4.800000000000000122e-05
4.864000000000000186e-05
4.928000000000000251e-05
4.992000000000000316e-05
5.056000000000000381e-05
5.119999999999999768e-05
5.183999999999999833e-05
5.247999999999999898e-05
5.311999999999999963e-05
5.376000000000000028e-05
5.440000000000000093e-05
5.504000000000000158e-05
5.568000000000000222e-05
5.632000000000000287e-05
5.696000000000000352e-05
5.760000000000000417e-05
5.823999999999999804e-05
5.887999999999999869e-05
5.951999999999999934e-05
6.015999999999999999e-05
6.080000000000000064e-05
6.144000000000000806e-05
6.208000000000000193e-05
6.271999999999999581e-05
6.336000000000000323e-05
6.399999999999999710e-05
6.464000000000000453e-05
6.527999999999999840e-05
6.592000000000000583e-05
6.655999999999999970e-05
6.720000000000000712e-05
6.784000000000000100e-05
6.847999999999999487e-05
6.912000000000000229e-05
6.975999999999999617e-05
7.040000000000000359e-05
7.103999999999999746e-05
7.168000000000000489e-05
7.231999999999999876e-05
7.296000000000000619e-05
7.360000000000000006e-05
7.424000000000000748e-05
7.488000000000000135e-05
7.551999999999999523e-05
7.616000000000000265e-05
7.679999999999999652e-05
7.744000000000000395e-05
7.807999999999999782e-05
7.872000000000000525e-05
7.935999999999999912e-05
8.000000000000000654e-05
8.064000000000000042e-05
8.128000000000000784e-05
8.192000000000000171e-05
8.255999999999999559e-05
8.320000000000000301e-05
8.383999999999999688e-05
8.448000000000000431e-05
8.511999999999999818e-05
8.576000000000000561e-05
8.639999999999999948e-05
8.704000000000000690e-05
8.768000000000000078e-05
8.832000000000000820e-05
8.896000000000000207e-05
8.959999999999999595e-05
9.024000000000000337e-05
9.087999999999999724e-05
9.152000000000000467e-05
9.215999999999999854e-05
9.280000000000000597e-05
9.343999999999999984e-05
9.408000000000000726e-05
9.472000000000000113e-05
9.536000000000000856e-05
9.600000000000000243e-05
9.663999999999999630e-05
9.728000000000000373e-05
9.791999999999999760e-05
9.856000000000000503e-05
9.919999999999999890e-05
9.984000000000000632e-05
1.004800000000000002e-04
1.011200000000000076e-04
1.017600000000000015e-04
1.023999999999999954e-04
1.030400000000000028e-04
1.036799999999999967e-04
1.043200000000000041e-04
1.049599999999999980e-04
1.056000000000000054e-04
1.062399999999999993e-04
1.068800000000000067e-04
1.075200000000000006e-04
1.081600000000000080e-04
1.088000000000000019e-04
1.094399999999999957e-04
1.100800000000000032e-04
1.107199999999999970e-04
1.113600000000000044e-04
1.119999999999999983e-04
1.126400000000000057e-04
1.132799999999999996e-04
1.139200000000000070e-04
1.145600000000000009e-04
1.152000000000000083e-04
1.158400000000000022e-04
1.164799999999999961e-04
1.171200000000000035e-04
1.177599999999999974e-04
1.184000000000000048e-04
1.190399999999999987e-04
1.196800000000000061e-04
1.203200000000000000e-04
1.209600000000000074e-04
1.216000000000000013e-04
1.222399999999999951e-04
1.228800000000000161e-04
1.235200000000000100e-04
1.241600000000000039e-04
1.247999999999999977e-04
1.254399999999999916e-04
1.260800000000000126e-04
1.267200000000000065e-04
1.273600000000000003e-04
1.279999999999999942e-04
1.286400000000000152e-04
1.292800000000000091e-04
1.299200000000000029e-04
1.305599999999999968e-04
1.311999999999999907e-04
1.318400000000000117e-04
1.324800000000000055e-04
1.331199999999999994e-04
1.337599999999999933e-04
1.344000000000000142e-04
1.350400000000000081e-04
1.356800000000000020e-04
1.363199999999999959e-04
1.369599999999999897e-04
1.376000000000000107e-04
1.382400000000000046e-04
1.388799999999999985e-04
1.395199999999999923e-04
1.401600000000000133e-04
1.408000000000000072e-04
1.414400000000000011e-04
1.420799999999999949e-04
1.427200000000000159e-04
1.433600000000000098e-04
1.440000000000000036e-04
1.446399999999999975e-04
1.452799999999999914e-04
1.459200000000000124e-04
1.465600000000000062e-04
1.472000000000000001e-04
1.478399999999999940e-04
1.484800000000000150e-04
1.491200000000000088e-04
1.497600000000000027e-04
1.503999999999999966e-04
1.510399999999999905e-04
1.516800000000000114e-04
1.523200000000000053e-04
1.529599999999999992e-04
1.535999999999999930e-04
1.542400000000000140e-04
1.548800000000000079e-04
1.555200000000000018e-04
1.561599999999999956e-04
1.568000000000000166e-04
1.574400000000000105e-04
1.580800000000000044e-04
1.587199999999999982e-04
1.593599999999999921e-04
1.600000000000000131e-04
1.606400000000000070e-04
1.612800000000000008e-04
1.619199999999999947e-04
1.625600000000000157e-04
1.632000000000000096e-04
1.638400000000000034e-04
1.644799999999999973e-04
1.651199999999999912e-04
1.657600000000000122e-04
1.664000000000000060e-04
1.670399999999999999e-04
1.676799999999999938e-04
1.683200000000000147e-04
1.689600000000000086e-04
1.696000000000000025e-04
1.702399999999999964e-04
1.708799999999999902e-04
1.715200000000000112e-04
1.721600000000000051e-04
1.727999999999999990e-04
1.734399999999999928e-04
1.740800000000000138e-04
1.747200000000000077e-04
1.753600000000000016e-04
1.759999999999999954e-04
1.766400000000000164e-04
1.772800000000000103e-04
1.779200000000000041e-04
1.785599999999999980e-04
1.791999999999999919e-04
1.798400000000000129e-04
1.804800000000000067e-04
1.811200000000000006e-04
1.817599999999999945e-04
1.824000000000000155e-04
1.830400000000000093e-04
1.836800000000000032e-04
1.843199999999999971e-04
1.849599999999999910e-04
1.856000000000000119e-04
1.862400000000000058e-04
1.868799999999999997e-04
1.875199999999999935e-04
1.881600000000000145e-04
1.888000000000000084e-04
1.894400000000000023e-04
1.900799999999999961e-04
1.907200000000000171e-04
1.913600000000000110e-04
1.920000000000000049e-04
1.926399999999999987e-04
1.932799999999999926e-04
1.939200000000000136e-04
1.945600000000000075e-04
1.952000000000000013e-04
1.958399999999999952e-04
1.964800000000000162e-04
1.971200000000000101e-04
1.977600000000000039e-04
1.983999999999999978e-04
1.990399999999999917e-04
1.996800000000000126e-04
2.003200000000000065e-04
2.009600000000000004e-04
2.015999999999999943e-04
2.022400000000000152e-04
2.028800000000000091e-04
2.035200000000000030e-04
2.041599999999999969e-04
2.047999999999999907e-04
2.054400000000000117e-04
2.060800000000000056e-04
2.067199999999999995e-04
2.073599999999999933e-04
2.080000000000000143e-04
2.086400000000000082e-04
2.092800000000000020e-04
2.099199999999999959e-04
2.105600000000000169e-04
2.112000000000000108e-04
2.118400000000000046e-04
2.124799999999999985e-04
2.131199999999999924e-04
2.137600000000000134e-04
2.144000000000000072e-04
2.150400000000000011e-04
2.156799999999999950e-04
2.163200000000000160e-04
2.169600000000000098e-04
2.176000000000000037e-04
2.182399999999999976e-04
2.188799999999999915e-04
2.195200000000000124e-04
2.201600000000000063e-04
2.208000000000000002e-04
2.214399999999999940e-04
2.220800000000000150e-04
2.227200000000000089e-04
2.233600000000000028e-04
2.239999999999999966e-04
2.246400000000000176e-04
2.252800000000000115e-04
2.259200000000000054e-04
2.265599999999999992e-04
2.271999999999999931e-04
2.278400000000000141e-04
2.284800000000000080e-04
2.291200000000000018e-04
2.297599999999999957e-04
2.304000000000000167e-04
2.310400000000000106e-04
2.316800000000000044e-04
2.323199999999999983e-04
2.329599999999999922e-04
2.336000000000000131e-04
2.342400000000000070e-04
2.348800000000000009e-04
2.355199999999999948e-04
2.361600000000000157e-04
2.368000000000000096e-04
2.374400000000000035e-04
2.380799999999999974e-04
2.387200000000000183e-04
2.393600000000000122e-04
2.400000000000000061e-04
2.406400000000000000e-04
2.412799999999999938e-04
2.419200000000000148e-04
2.425600000000000087e-04
2.432000000000000025e-04
2.438399999999999964e-04
2.444799999999999903e-04
2.451199999999999842e-04
2.457600000000000322e-04
2.464000000000000261e-04
2.470400000000000200e-04
2.476800000000000139e-04
2.483200000000000077e-04
2.489600000000000016e-04
2.495999999999999955e-04
2.502399999999999894e-04
2.508799999999999832e-04
2.515200000000000313e-04
2.521600000000000252e-04
2.528000000000000191e-04
2.534400000000000129e-04
2.540800000000000068e-04
2.547200000000000007e-04
2.553599999999999945e-04
2.559999999999999884e-04
2.566399999999999823e-04
2.572800000000000304e-04
2.579200000000000242e-04
2.585600000000000181e-04
2.592000000000000120e-04
2.598400000000000059e-04
2.604799999999999997e-04
2.611199999999999936e-04
2.617599999999999875e-04
2.623999999999999813e-04
2.630400000000000294e-04
2.636800000000000233e-04
2.643200000000000172e-04
2.649600000000000110e-04
2.656000000000000049e-04
2.662399999999999988e-04
2.668799999999999927e-04
2.675199999999999865e-04
2.681599999999999804e-04
2.688000000000000285e-04
2.694400000000000224e-04
2.700800000000000162e-04
2.707200000000000101e-04
2.713600000000000040e-04
2.719999999999999979e-04
2.726399999999999917e-04
2.732799999999999856e-04
2.739199999999999795e-04
2.745600000000000276e-04
2.752000000000000214e-04
2.758400000000000153e-04
2.764800000000000092e-04
2.771200000000000030e-04
2.777599999999999969e-04
2.783999999999999908e-04
2.790399999999999847e-04
2.796800000000000327e-04
2.803200000000000266e-04
2.809600000000000205e-04
2.816000000000000144e-04
2.822400000000000082e-04
2.828800000000000021e-04
2.835199999999999960e-04
2.841599999999999899e-04
2.847999999999999837e-04
2.854400000000000318e-04
2.860800000000000257e-04
2.867200000000000196e-04
2.873600000000000134e-04
2.880000000000000073e-04
2.886400000000000012e-04
2.892799999999999950e-04
2.899199999999999889e-04
2.905599999999999828e-04
2.912000000000000309e-04
2.918400000000000247e-04
2.924800000000000186e-04
2.931200000000000125e-04
2.937600000000000064e-04
2.944000000000000002e-04
2.950399999999999941e-04
2.956799999999999880e-04
2.963199999999999818e-04
2.969600000000000299e-04
2.976000000000000238e-04
2.982400000000000177e-04
2.988800000000000115e-04
2.995200000000000054e-04
3.001599999999999993e-04
3.007999999999999932e-04
3.014399999999999870e-04
3.020799999999999809e-04
3.027200000000000290e-04
3.033600000000000229e-04
3.040000000000000167e-04
3.046400000000000106e-04
3.052800000000000045e-04
3.059199999999999984e-04
3.065599999999999922e-04
3.071999999999999861e-04
3.078399999999999800e-04
3.084800000000000281e-04
3.091200000000000219e-04
3.097600000000000158e-04
3.104000000000000097e-04
3.110400000000000035e-04
3.116799999999999974e-04
3.123199999999999913e-04
3.129599999999999852e-04
3.136000000000000332e-04
3.142400000000000271e-04
3.148800000000000210e-04
3.155200000000000149e-04
3.161600000000000087e-04
3.168000000000000026e-04
3.174399999999999965e-04
3.180799999999999903e-04
3.187199999999999842e-04
3.193600000000000323e-04
3.200000000000000262e-04
3.206400000000000200e-04
3.212800000000000139e-04
3.219200000000000078e-04
3.225600000000000017e-04
3.231999999999999955e-04
3.238399999999999894e-04
3.244799999999999833e-04
3.251200000000000314e-04
3.257600000000000252e-04
3.264000000000000191e-04
3.270400000000000130e-04
3.276800000000000069e-04
3.283200000000000007e-04
3.289599999999999946e-04
3.295999999999999885e-04
3.302399999999999823e-04
3.308800000000000304e-04
3.315200000000000243e-04
3.321600000000000182e-04
3.328000000000000120e-04
3.334400000000000059e-04
3.340799999999999998e-04
3.347199999999999937e-04
3.353599999999999875e-04
3.359999999999999814e-04
3.366400000000000295e-04
3.372800000000000234e-04
3.379200000000000172e-04
3.385600000000000111e-04
3.392000000000000050e-04
3.398399999999999989e-04
3.404799999999999927e-04
3.411199999999999866e-04
3.417599999999999805e-04
3.424000000000000286e-04
3.430400000000000224e-04
3.436800000000000163e-04
3.443200000000000102e-04
3.449600000000000040e-04
3.455999999999999979e-04
3.462399999999999918e-04
3.468799999999999857e-04
3.475200000000000337e-04
3.481600000000000276e-04
3.488000000000000215e-04
3.494400000000000154e-04
3.500800000000000092e-04
3.507200000000000031e-04
3.513599999999999970e-04
3.519999999999999908e-04
3.526399999999999847e-04
3.532800000000000328e-04
3.539200000000000267e-04
3.545600000000000205e-04
3.552000000000000144e-04
3.558400000000000083e-04
3.564800000000000022e-04
3.571199999999999960e-04
3.577599999999999899e-04
3.583999999999999838e-04
3.590400000000000319e-04
3.596800000000000257e-04
3.603200000000000196e-04
3.609600000000000135e-04
3.616000000000000074e-04
3.622400000000000012e-04
3.628799999999999951e-04
3.635199999999999890e-04
3.641599999999999828e-04
3.648000000000000309e-04
3.654400000000000248e-04
3.660800000000000187e-04
3.667200000000000125e-04
3.673600000000000064e-04
3.680000000000000003e-04
3.686399999999999942e-04
3.692799999999999880e-04
3.699199999999999819e-04
3.705600000000000300e-04
3.712000000000000239e-04
3.718400000000000177e-04
3.724800000000000116e-04
3.731200000000000055e-04
3.737599999999999993e-04
3.743999999999999932e-04
3.750399999999999871e-04
3.756799999999999810e-04
3.763200000000000290e-04
3.769600000000000229e-04
3.776000000000000168e-04
3.782400000000000107e-04
3.788800000000000045e-04
3.795199999999999984e-04
3.801599999999999923e-04
3.807999999999999862e-04
3.814400000000000342e-04
3.820800000000000281e-04
3.827200000000000220e-04
3.833600000000000159e-04
3.840000000000000097e-04
3.846400000000000036e-04
3.852799999999999975e-04
3.859199999999999913e-04
3.865599999999999852e-04
3.872000000000000333e-04
3.878400000000000272e-04
3.884800000000000210e-04
3.891200000000000149e-04
3.897600000000000088e-04
3.904000000000000027e-04
3.910399999999999965e-04
3.916799999999999904e-04
3.923199999999999843e-04
3.929600000000000324e-04
3.936000000000000262e-04
3.942400000000000201e-04
3.948800000000000140e-04
3.955200000000000079e-04
3.961600000000000017e-04
3.967999999999999956e-04
3.974399999999999895e-04
3.980799999999999833e-04
3.987200000000000314e-04
3.993600000000000253e-04
4.000000000000000192e-04
4.006400000000000130e-04
4.012800000000000069e-04
4.019200000000000008e-04
4.025599999999999947e-04
4.031999999999999885e-04
4.038399999999999824e-04
4.044800000000000305e-04
4.051200000000000244e-04
4.057600000000000182e-04
4.064000000000000121e-04
4.070400000000000060e-04
4.076799999999999998e-04
4.083199999999999937e-04
4.089599999999999876e-04
4.095999999999999815e-04
4.102400000000000295e-04
4.108800000000000234e-04
4.115200000000000173e-04
4.121600000000000112e-04
4.128000000000000050e-04
4.134399999999999989e-04
4.140799999999999928e-04
4.147199999999999867e-04
4.153600000000000347e-04
4.160000000000000286e-04
4.166400000000000225e-04
4.172800000000000164e-04
4.179200000000000102e-04
4.185600000000000041e-04
4.191999999999999980e-04
4.198399999999999918e-04
4.204799999999999857e-04
4.211200000000000338e-04
4.217600000000000277e-04
4.224000000000000215e-04
4.230400000000000154e-04
4.236800000000000093e-04
4.243200000000000032e-04
4.249599999999999970e-04
4.255999999999999909e-04
4.262399999999999848e-04
4.268800000000000329e-04
4.275200000000000267e-04
4.281600000000000206e-04
4.288000000000000145e-04
4.294400000000000083e-04
4.300800000000000022e-04
4.307199999999999961e-04
4.313599999999999900e-04
4.319999999999999838e-04
4.326400000000000319e-04
4.332800000000000258e-04
4.339200000000000197e-04
4.345600000000000135e-04
4.352000000000000074e-04
4.358400000000000013e-04
4.364799999999999952e-04
4.371199999999999890e-04
4.377599999999999829e-04
4.384000000000000310e-04
4.390400000000000249e-04
4.396800000000000187e-04
4.403200000000000126e-04
4.409600000000000065e-04
4.416000000000000003e-04
4.422399999999999942e-04
4.428799999999999881e-04
4.435200000000000362e-04
4.441600000000000300e-04
4.448000000000000239e-04
4.454400000000000178e-04
4.460800000000000117e-04
4.467200000000000055e-04
4.473599999999999994e-04
4.479999999999999933e-04
4.486399999999999872e-04
4.492800000000000352e-04
4.499200000000000291e-04
4.505600000000000230e-04
4.512000000000000169e-04
4.518400000000000107e-04
4.524800000000000046e-04
4.531199999999999985e-04
4.537599999999999923e-04
4.543999999999999862e-04
4.550400000000000343e-04
4.556800000000000282e-04
4.563200000000000220e-04
4.569600000000000159e-04
4.576000000000000098e-04
4.582400000000000037e-04
4.588799999999999975e-04
4.595199999999999914e-04
4.601599999999999853e-04
4.608000000000000334e-04
4.614400000000000272e-04
4.620800000000000211e-04
4.627200000000000150e-04
4.633600000000000088e-04
4.640000000000000027e-04
4.646399999999999966e-04
4.652799999999999905e-04
4.659199999999999843e-04
4.665600000000000324e-04
4.672000000000000263e-04
4.678400000000000202e-04
4.684800000000000140e-04
4.691200000000000079e-04
4.697600000000000018e-04
4.703999999999999957e-04
4.710399999999999895e-04
4.716799999999999834e-04
4.723200000000000315e-04
4.729600000000000254e-04
4.736000000000000192e-04
4.742400000000000131e-04
4.748800000000000070e-04
4.755200000000000008e-04
4.761599999999999947e-04
4.767999999999999886e-04
4.774400000000000367e-04
4.780800000000000305e-04
4.787200000000000244e-04
4.793600000000000183e-04
4.800000000000000122e-04
4.806400000000000060e-04
4.812799999999999999e-04
4.819199999999999938e-04
4.825599999999999877e-04
4.832000000000000357e-04
4.838400000000000296e-04
4.844800000000000235e-04
4.851200000000000173e-04
4.857600000000000112e-04
4.864000000000000051e-04
4.870399999999999990e-04
4.876799999999999928e-04
4.883199999999999867e-04
4.889599999999999806e-04
4.895999999999999745e-04
4.902399999999999683e-04
4.908799999999999622e-04
4.915200000000000645e-04
4.921600000000000584e-04
4.928000000000000522e-04
4.934400000000000461e-04
4.940800000000000400e-04
4.947200000000000339e-04
4.953600000000000277e-04
4.960000000000000216e-04
4.966400000000000155e-04
4.972800000000000093e-04
4.979200000000000032e-04
4.985599999999999971e-04
4.991999999999999910e-04
4.998399999999999848e-04
5.004799999999999787e-04
5.011199999999999726e-04
5.017599999999999665e-04
5.023999999999999603e-04
5.030400000000000626e-04
5.036800000000000565e-04
5.043200000000000504e-04
5.049600000000000442e-04
5.056000000000000381e-04
5.062400000000000320e-04
5.068800000000000259e-04
5.075200000000000197e-04
5.081600000000000136e-04
5.088000000000000075e-04
5.094400000000000013e-04
5.100799999999999952e-04
5.107199999999999891e-04
5.113599999999999830e-04
5.119999999999999768e-04
5.126399999999999707e-04
5.132799999999999646e-04
5.139199999999999584e-04
5.145600000000000607e-04
5.152000000000000546e-04
5.158400000000000485e-04
5.164800000000000424e-04
5.171200000000000362e-04
5.177600000000000301e-04
5.184000000000000240e-04
5.190400000000000178e-04
5.196800000000000117e-04
5.203200000000000056e-04
5.209599999999999995e-04
5.215999999999999933e-04
5.222399999999999872e-04
5.228799999999999811e-04
5.235199999999999750e-04
5.241599999999999688e-04
5.247999999999999627e-04
5.254400000000000650e-04
5.260800000000000589e-04
5.267200000000000527e-04
5.273600000000000466e-04
5.280000000000000405e-04
5.286400000000000344e-04
5.292800000000000282e-04
5.299200000000000221e-04
5.305600000000000160e-04
5.312000000000000098e-04
5.318400000000000037e-04
5.324799999999999976e-04
5.331199999999999915e-04
5.337599999999999853e-04
5.343999999999999792e-04
5.350399999999999731e-04
5.356799999999999670e-04
5.363199999999999608e-04
5.369600000000000631e-04
5.376000000000000570e-04
5.382400000000000509e-04
5.388800000000000447e-04
5.395200000000000386e-04
5.401600000000000325e-04
5.408000000000000263e-04
5.414400000000000202e-04
5.420800000000000141e-04
5.427200000000000080e-04
5.433600000000000018e-04
5.439999999999999957e-04
5.446399999999999896e-04
5.452799999999999835e-04
5.459199999999999773e-04
5.465599999999999712e-04
5.471999999999999651e-04
5.478399999999999589e-04
5.484800000000000612e-04
5.491200000000000551e-04
5.497600000000000490e-04
5.504000000000000429e-04
5.510400000000000367e-04
5.516800000000000306e-04
5.523200000000000245e-04
5.529600000000000183e-04
5.536000000000000122e-04
5.542400000000000061e-04
5.548800000000000000e-04
5.555199999999999938e-04
5.561599999999999877e-04
5.567999999999999816e-04
5.574399999999999755e-04
5.580799999999999693e-04
5.587199999999999632e-04
5.593600000000000655e-04
5.600000000000000594e-04
5.606400000000000532e-04
5.612800000000000471e-04
5.619200000000000410e-04
5.625600000000000349e-04
5.632000000000000287e-04
5.638400000000000226e-04
5.644800000000000165e-04
5.651200000000000103e-04
5.657600000000000042e-04
5.663999999999999981e-04
5.670399999999999920e-04
5.676799999999999858e-04
5.683199999999999797e-04
5.689599999999999736e-04
5.695999999999999674e-04
5.702399999999999613e-04
5.708800000000000636e-04
5.715200000000000575e-04
5.721600000000000514e-04
5.728000000000000452e-04
5.734400000000000391e-04
5.740800000000000330e-04
5.747200000000000268e-04
5.753600000000000207e-04
5.760000000000000146e-04
5.766400000000000085e-04
5.772800000000000023e-04
5.779199999999999962e-04
5.785599999999999901e-04
5.791999999999999840e-04
5.798399999999999778e-04
5.804799999999999717e-04
5.811199999999999656e-04
5.817599999999999594e-04
5.824000000000000617e-04
5.830400000000000556e-04
5.836800000000000495e-04
5.843200000000000434e-04
5.849600000000000372e-04
5.856000000000000311e-04
5.862400000000000250e-04
5.868800000000000188e-04
5.875200000000000127e-04
5.881600000000000066e-04
5.888000000000000005e-04
5.894399999999999943e-04
5.900799999999999882e-04
5.907199999999999821e-04
5.913599999999999760e-04
5.919999999999999698e-04
5.926399999999999637e-04
5.932800000000000660e-04
5.939200000000000599e-04
5.945600000000000537e-04
5.952000000000000476e-04
5.958400000000000415e-04
5.964800000000000353e-04
5.971200000000000292e-04
5.977600000000000231e-04
5.984000000000000170e-04
5.990400000000000108e-04
5.996800000000000047e-04
6.003199999999999986e-04
6.009599999999999925e-04
6.015999999999999863e-04
6.022399999999999802e-04
6.028799999999999741e-04
6.035199999999999679e-04
6.041599999999999618e-04
6.048000000000000641e-04
6.054400000000000580e-04
6.060800000000000519e-04
6.067200000000000457e-04
6.073600000000000396e-04
6.080000000000000335e-04
6.086400000000000273e-04
6.092800000000000212e-04
6.099200000000000151e-04
6.105600000000000090e-04
6.112000000000000028e-04
6.118399999999999967e-04
6.124799999999999906e-04
6.131199999999999845e-04
6.137599999999999783e-04
6.143999999999999722e-04
6.150399999999999661e-04
6.156799999999999599e-04
6.163200000000000622e-04
6.169600000000000561e-04
6.176000000000000500e-04
6.182400000000000439e-04
6.188800000000000377e-04
6.195200000000000316e-04
6.201600000000000255e-04
6.208000000000000193e-04
6.214400000000000132e-04
6.220800000000000071e-04
6.227200000000000010e-04
6.233599999999999948e-04
6.239999999999999887e-04
6.246399999999999826e-04
6.252799999999999764e-04
6.259199999999999703e-04
6.265599999999999642e-04
6.272000000000000665e-04
6.278400000000000604e-04
6.284800000000000542e-04
6.291200000000000481e-04
6.297600000000000420e-04
6.304000000000000358e-04
6.310400000000000297e-04
6.316800000000000236e-04
6.323200000000000175e-04
6.329600000000000113e-04
6.336000000000000052e-04
6.342399999999999991e-04
6.348799999999999930e-04
6.355199999999999868e-04
6.361599999999999807e-04
6.367999999999999746e-04
6.374399999999999684e-04
6.380799999999999623e-04
6.387200000000000646e-04
6.393600000000000585e-04
6.400000000000000524e-04
6.406400000000000462e-04
6.412800000000000401e-04
6.419200000000000340e-04
6.425600000000000278e-04
6.432000000000000217e-04
6.438400000000000156e-04
6.444800000000000095e-04
6.451200000000000033e-04
6.457599999999999972e-04
6.463999999999999911e-04
6.470399999999999850e-04
6.476799999999999788e-04
6.483199999999999727e-04
6.489599999999999666e-04
6.495999999999999604e-04
6.502400000000000627e-04
6.508800000000000566e-04
6.515200000000000505e-04
6.521600000000000443e-04
6.528000000000000382e-04
6.534400000000000321e-04
6.540800000000000260e-04
6.547200000000000198e-04
6.553600000000000137e-04
6.560000000000000076e-04
6.566400000000000015e-04
6.572799999999999953e-04
6.579199999999999892e-04
6.585599999999999831e-04
6.591999999999999769e-04
6.598399999999999708e-04
6.604799999999999647e-04
6.611200000000000670e-04
6.617600000000000609e-04
6.624000000000000547e-04
6.630400000000000486e-04
6.636800000000000425e-04
6.643200000000000363e-04
6.649600000000000302e-04
6.656000000000000241e-04
6.662400000000000180e-04
6.668800000000000118e-04
6.675200000000000057e-04
6.681599999999999996e-04
6.687999999999999935e-04
6.694399999999999873e-04
6.700799999999999812e-04
6.707199999999999751e-04
6.713599999999999689e-04
6.719999999999999628e-04
6.726400000000000651e-04
6.732800000000000590e-04
6.739200000000000529e-04
6.745600000000000467e-04
6.752000000000000406e-04
6.758400000000000345e-04
6.764800000000000283e-04
6.771200000000000222e-04
6.777600000000000161e-04
6.784000000000000100e-04
6.790400000000000038e-04
6.796799999999999977e-04
6.803199999999999916e-04
6.809599999999999854e-04
6.815999999999999793e-04
6.822399999999999732e-04
6.828799999999999671e-04
6.835199999999999609e-04
6.841600000000000632e-04
6.848000000000000571e-04
6.854400000000000510e-04
6.860800000000000448e-04
6.867200000000000387e-04
6.873600000000000326e-04
6.880000000000000265e-04
6.886400000000000203e-04
6.892800000000000142e-04
6.899200000000000081e-04
6.905600000000000020e-04
6.911999999999999958e-04
6.918399999999999897e-04
6.924799999999999836e-04
6.931199999999999774e-04
6.937599999999999713e-04
6.943999999999999652e-04
6.950400000000000675e-04
6.956800000000000614e-04
6.963200000000000552e-04
6.969600000000000491e-04
6.976000000000000430e-04
6.982400000000000368e-04
6.988800000000000307e-04
6.995200000000000246e-04
7.001600000000000185e-04
7.008000000000000123e-04
7.014400000000000062e-04
7.020800000000000001e-04
7.027199999999999940e-04
7.033599999999999878e-04
7.039999999999999817e-04
7.046399999999999756e-04
7.052799999999999694e-04
7.059199999999999633e-04
7.065600000000000656e-04
7.072000000000000595e-04
7.078400000000000533e-04
7.084800000000000472e-04
7.091200000000000411e-04
7.097600000000000350e-04
7.104000000000000288e-04
7.110400000000000227e-04
7.116800000000000166e-04
7.123200000000000105e-04
7.129600000000000043e-04
7.135999999999999982e-04
7.142399999999999921e-04
7.148799999999999859e-04
7.155199999999999798e-04
7.161599999999999737e-04
7.167999999999999676e-04
7.174399999999999614e-04
7.180800000000000637e-04
7.187200000000000576e-04
7.193600000000000515e-04
7.200000000000000453e-04
7.206400000000000392e-04
7.212800000000000331e-04
7.219200000000000270e-04
7.225600000000000208e-04
7.232000000000000147e-04
7.238400000000000086e-04
7.244800000000000025e-04
7.251199999999999963e-04
7.257599999999999902e-04
7.263999999999999841e-04
7.270399999999999779e-04
7.276799999999999718e-04
7.283199999999999657e-04
7.289600000000000680e-04
7.296000000000000619e-04
7.302400000000000557e-04
7.308800000000000496e-04
7.315200000000000435e-04
7.321600000000000373e-04
7.328000000000000312e-04
7.334400000000000251e-04
7.340800000000000190e-04
7.347200000000000128e-04
7.353600000000000067e-04
7.360000000000000006e-04
7.366399999999999944e-04
7.372799999999999883e-04
7.379199999999999822e-04
7.385599999999999761e-04
7.391999999999999699e-04
7.398399999999999638e-04
7.404800000000000661e-04
7.411200000000000600e-04
7.417600000000000538e-04
7.424000000000000477e-04
7.430400000000000416e-04
7.436800000000000355e-04
7.443200000000000293e-04
7.449600000000000232e-04
7.456000000000000171e-04
7.462400000000000110e-04
7.468800000000000048e-04
7.475199999999999987e-04
7.481599999999999926e-04
7.487999999999999864e-04
7.494399999999999803e-04
7.500799999999999742e-04
7.507199999999999681e-04
7.513599999999999619e-04
7.520000000000000642e-04
7.526400000000000581e-04
7.532800000000000520e-04
7.539200000000000458e-04
7.545600000000000397e-04
7.552000000000000336e-04
7.558400000000000275e-04
7.564800000000000213e-04
7.571200000000000152e-04
7.577600000000000091e-04
7.584000000000000030e-04
7.590399999999999968e-04
7.596799999999999907e-04
7.603199999999999846e-04
7.609599999999999784e-04
7.615999999999999723e-04
7.622399999999999662e-04
7.628800000000000685e-04
7.635200000000000623e-04
7.641600000000000562e-04
7.648000000000000501e-04
7.654400000000000440e-04
7.660800000000000378e-04
7.667200000000000317e-04
7.673600000000000256e-04
7.680000000000000195e-04
7.686400000000000133e-04
7.692800000000000072e-04
7.699200000000000011e-04
7.705599999999999949e-04
7.711999999999999888e-04
7.718399999999999827e-04
7.724799999999999766e-04
7.731199999999999704e-04
7.737599999999999643e-04
7.744000000000000666e-04
7.750400000000000605e-04
7.756800000000000543e-04
7.763200000000000482e-04
7.769600000000000421e-04
7.776000000000000360e-04
7.782400000000000298e-04
7.788800000000000237e-04
7.795200000000000176e-04
7.801600000000000115e-04
7.808000000000000053e-04
7.814399999999999992e-04
7.820799999999999931e-04
7.827199999999999869e-04
7.833599999999999808e-04
7.839999999999999747e-04
7.846399999999999686e-04
7.852799999999999624e-04
7.859200000000000647e-04
7.865600000000000586e-04
7.872000000000000525e-04
7.878400000000000463e-04
7.884800000000000402e-04
7.891200000000000341e-04
7.897600000000000280e-04
7.904000000000000218e-04
7.910400000000000157e-04
7.916800000000000096e-04
7.923200000000000034e-04
7.929599999999999973e-04
7.935999999999999912e-04
7.942399999999999851e-04
7.948799999999999789e-04
7.955199999999999728e-04
7.961599999999999667e-04
7.968000000000000690e-04
7.974400000000000628e-04
7.980800000000000567e-04
7.987200000000000506e-04
7.993600000000000445e-04
8.000000000000000383e-04
8.006400000000000322e-04
8.012800000000000261e-04
8.019200000000000200e-04
8.025600000000000138e-04
8.032000000000000077e-04
8.038400000000000016e-04
8.044799999999999954e-04
8.051199999999999893e-04
8.057599999999999832e-04
8.063999999999999771e-04
8.070399999999999709e-04
8.076799999999999648e-04
8.083200000000000671e-04
8.089600000000000610e-04
8.096000000000000548e-04
8.102400000000000487e-04
8.108800000000000426e-04
8.115200000000000365e-04
8.121600000000000303e-04
8.128000000000000242e-04
8.134400000000000181e-04
8.140800000000000120e-04
8.147200000000000058e-04
8.153599999999999997e-04
8.159999999999999936e-04
8.166399999999999874e-04
8.172799999999999813e-04
8.179199999999999752e-04
8.185599999999999691e-04
8.191999999999999629e-04
8.198400000000000652e-04
8.204800000000000591e-04
8.211200000000000530e-04
8.217600000000000468e-04
8.224000000000000407e-04
8.230400000000000346e-04
8.236800000000000285e-04
8.243200000000000223e-04
8.249600000000000162e-04
8.256000000000000101e-04
8.262400000000000039e-04
8.268799999999999978e-04
8.275199999999999917e-04
8.281599999999999856e-04
8.287999999999999794e-04
8.294399999999999733e-04
8.300799999999999672e-04
8.307200000000000695e-04
8.313600000000000633e-04
8.320000000000000572e-04
8.326400000000000511e-04
8.332800000000000450e-04
8.339200000000000388e-04
8.345600000000000327e-04
8.352000000000000266e-04
8.358400000000000205e-04
8.364800000000000143e-04
8.371200000000000082e-04
8.377600000000000021e-04
8.383999999999999959e-04
8.390399999999999898e-04
8.396799999999999837e-04
8.403199999999999776e-04
8.409599999999999714e-04
8.415999999999999653e-04
8.422400000000000676e-04
8.428800000000000615e-04
8.435200000000000553e-04
8.441600000000000492e-04
8.448000000000000431e-04
8.454400000000000370e-04
8.460800000000000308e-04
8.467200000000000247e-04
8.473600000000000186e-04
8.480000000000000124e-04
8.486400000000000063e-04
8.492800000000000002e-04
8.499199999999999941e-04
8.505599999999999879e-04
8.511999999999999818e-04
8.518399999999999757e-04
8.524799999999999696e-04
8.531200000000000718e-04
8.537600000000000657e-04
8.544000000000000596e-04
8.550400000000000535e-04
8.556800000000000473e-04
8.563200000000000412e-04
8.569600000000000351e-04
8.576000000000000290e-04
8.582400000000000228e-04
8.588800000000000167e-04
8.595200000000000106e-04
8.601600000000000044e-04
8.607999999999999983e-04
8.614399999999999922e-04
8.620799999999999861e-04
8.627199999999999799e-04
8.633599999999999738e-04
8.639999999999999677e-04
8.646400000000000700e-04
8.652800000000000638e-04
8.659200000000000577e-04
8.665600000000000516e-04
8.672000000000000455e-04
8.678400000000000393e-04
8.684800000000000332e-04
8.691200000000000271e-04
8.697600000000000210e-04
8.704000000000000148e-04
8.710400000000000087e-04
8.716800000000000026e-04
8.723199999999999964e-04
8.729599999999999903e-04
8.735999999999999842e-04
8.742399999999999781e-04
8.748799999999999719e-04
8.755199999999999658e-04
8.761600000000000681e-04
8.768000000000000620e-04
8.774400000000000558e-04
8.780800000000000497e-04
8.787200000000000436e-04
8.793600000000000375e-04
8.800000000000000313e-04
8.806400000000000252e-04
8.812800000000000191e-04
8.819200000000000129e-04
8.825600000000000068e-04
8.832000000000000007e-04
8.838399999999999946e-04
8.844799999999999884e-04
8.851199999999999823e-04
8.857599999999999762e-04
8.863999999999999701e-04
8.870400000000000723e-04
8.876800000000000662e-04
8.883200000000000601e-04
8.889600000000000540e-04
8.896000000000000478e-04
8.902400000000000417e-04
8.908800000000000356e-04
8.915200000000000295e-04
8.921600000000000233e-04
8.928000000000000172e-04
8.934400000000000111e-04
8.940800000000000049e-04
8.947199999999999988e-04
8.953599999999999927e-04
8.959999999999999866e-04
8.966399999999999804e-04
8.972799999999999743e-04
8.979199999999999682e-04
8.985600000000000705e-04
8.992000000000000643e-04
8.998400000000000582e-04
9.004800000000000521e-04
9.011200000000000460e-04
9.017600000000000398e-04
9.024000000000000337e-04
9.030400000000000276e-04
9.036800000000000214e-04
9.043200000000000153e-04
9.049600000000000092e-04
9.056000000000000031e-04
9.062399999999999969e-04
9.068799999999999908e-04
9.075199999999999847e-04
9.081599999999999786e-04
9.087999999999999724e-04
9.094399999999999663e-04
9.100800000000000686e-04
9.107200000000000625e-04
9.113600000000000563e-04
9.120000000000000502e-04
9.126400000000000441e-04
9.132800000000000380e-04
9.139200000000000318e-04
9.145600000000000257e-04
9.152000000000000196e-04
9.158400000000000134e-04
9.164800000000000073e-04
9.171200000000000012e-04
9.177599999999999951e-04
9.183999999999999889e-04
9.190399999999999828e-04
9.196799999999999767e-04
9.203199999999999706e-04
9.209600000000000728e-04
9.216000000000000667e-04
9.222400000000000606e-04
9.228800000000000545e-04
9.235200000000000483e-04
9.241600000000000422e-04
9.248000000000000361e-04
9.254400000000000300e-04
9.260800000000000238e-04
9.267200000000000177e-04
9.273600000000000116e-04
9.280000000000000054e-04
9.286399999999999993e-04
9.292799999999999932e-04
9.299199999999999871e-04
9.305599999999999809e-04
9.311999999999999748e-04
9.318399999999999687e-04
9.324800000000000710e-04
9.331200000000000648e-04
9.337600000000000587e-04
9.344000000000000526e-04
9.350400000000000465e-04
9.356800000000000403e-04
9.363200000000000342e-04
9.369600000000000281e-04
9.376000000000000219e-04
9.382400000000000158e-04
9.388800000000000097e-04
9.395200000000000036e-04
9.401599999999999974e-04
9.407999999999999913e-04
9.414399999999999852e-04
9.420799999999999791e-04
9.427199999999999729e-04
9.433599999999999668e-04
9.440000000000000691e-04
9.446400000000000630e-04
9.452800000000000568e-04
9.459200000000000507e-04
9.465600000000000446e-04
9.472000000000000385e-04
9.478400000000000323e-04
9.484800000000000262e-04
9.491200000000000201e-04
9.497600000000000139e-04
9.504000000000000078e-04
9.510400000000000017e-04
9.516799999999999956e-04
9.523199999999999894e-04
9.529599999999999833e-04
9.535999999999999772e-04
9.542399999999999710e-04
9.548800000000000733e-04
9.555200000000000672e-04
9.561600000000000611e-04
9.568000000000000550e-04
9.574400000000000488e-04
9.580800000000000427e-04
9.587200000000000366e-04
9.593600000000000304e-04
9.600000000000000243e-04
9.606400000000000182e-04
9.612800000000000121e-04
9.619200000000000059e-04
9.625599999999999998e-04
9.631999999999999937e-04
9.638399999999999876e-04
9.644799999999999814e-04
9.651199999999999753e-04
9.657599999999999692e-04
9.664000000000000715e-04
9.670400000000000653e-04
9.676800000000000592e-04
9.683200000000000531e-04
9.689600000000000470e-04
9.696000000000000408e-04
9.702400000000000347e-04
9.708800000000000286e-04
9.715200000000000224e-04
9.721600000000000163e-04
9.728000000000000102e-04
9.734400000000000041e-04
9.740799999999999979e-04
9.747199999999999918e-04
9.753599999999999857e-04
9.759999999999999796e-04
9.766399999999999734e-04
9.772800000000000757e-04
9.779199999999999612e-04
9.785600000000000635e-04
9.791999999999999489e-04
9.798400000000000512e-04
9.804799999999999367e-04
9.811200000000000390e-04
9.817599999999999244e-04
9.824000000000000267e-04
9.830400000000001290e-04
9.836800000000000144e-04
9.843200000000001167e-04
9.849600000000000022e-04
9.856000000000001045e-04
9.862399999999999899e-04
9.868800000000000922e-04
9.875199999999999777e-04
9.881600000000000800e-04
9.887999999999999654e-04
9.894400000000000677e-04
9.900799999999999532e-04
9.907200000000000555e-04
9.913599999999999409e-04
9.920000000000000432e-04
9.926399999999999287e-04
9.932800000000000309e-04
9.939199999999999164e-04
9.945600000000000187e-04
9.952000000000001210e-04
9.958400000000000064e-04
9.964800000000001087e-04
9.971199999999999942e-04
9.977600000000000965e-04
9.983999999999999819e-04
9.990400000000000842e-04
9.996799999999999697e-04
1.000320000000000072e-03
1.000959999999999957e-03
1.001600000000000060e-03
1.002239999999999945e-03
1.002880000000000047e-03
1.003519999999999933e-03
1.004160000000000035e-03
1.004799999999999921e-03
1.005440000000000023e-03
1.006080000000000125e-03
1.006720000000000011e-03
1.007360000000000113e-03
1.007999999999999998e-03
1.008640000000000101e-03
1.009279999999999986e-03
1.009920000000000088e-03
1.010559999999999974e-03
1.011200000000000076e-03
1.011839999999999962e-03
1.012480000000000064e-03
1.013119999999999949e-03
1.013760000000000052e-03
1.014399999999999937e-03
1.015040000000000039e-03
1.015679999999999925e-03
1.016320000000000027e-03
1.016960000000000129e-03
1.017600000000000015e-03
1.018240000000000117e-03
1.018880000000000003e-03
1.019520000000000105e-03
1.020159999999999990e-03
1.020800000000000093e-03
1.021439999999999978e-03
1.022080000000000080e-03
1.022719999999999966e-03
1.023360000000000068e-03
1.023999999999999954e-03
1.024640000000000056e-03
1.025279999999999941e-03
1.025920000000000044e-03
1.026559999999999929e-03
1.027200000000000031e-03
1.027839999999999917e-03
1.028480000000000019e-03
1.029120000000000121e-03
1.029760000000000007e-03
1.030400000000000109e-03
1.031039999999999995e-03
1.031680000000000097e-03
1.032319999999999982e-03
1.032960000000000085e-03
1.033599999999999970e-03
1.034240000000000072e-03
1.034879999999999958e-03
1.035520000000000060e-03
1.036159999999999946e-03
1.036800000000000048e-03
1.037439999999999933e-03
1.038080000000000036e-03
1.038719999999999921e-03
1.039360000000000023e-03
1.040000000000000126e-03
1.040640000000000011e-03
1.041280000000000113e-03
1.041919999999999999e-03
1.042560000000000101e-03
1.043199999999999987e-03
1.043840000000000089e-03
1.044479999999999974e-03
1.045120000000000077e-03
1.045759999999999962e-03
1.046400000000000064e-03
1.047039999999999950e-03
1.047680000000000052e-03
1.048319999999999938e-03
1.048960000000000040e-03
1.049599999999999925e-03
1.050240000000000028e-03
1.050880000000000130e-03
1.051520000000000015e-03
1.052160000000000118e-03
1.052800000000000003e-03
1.053440000000000105e-03
1.054079999999999991e-03
1.054720000000000093e-03
1.055359999999999979e-03
1.056000000000000081e-03
1.056639999999999966e-03
1.057280000000000069e-03
1.057919999999999954e-03
1.058560000000000056e-03
1.059199999999999942e-03
1.059840000000000044e-03
1.060479999999999930e-03
1.061120000000000032e-03
1.061759999999999917e-03
1.062400000000000020e-03
1.063040000000000122e-03
1.063680000000000007e-03
1.064320000000000110e-03
1.064959999999999995e-03
1.065600000000000097e-03
1.066239999999999983e-03
1.066880000000000085e-03
1.067519999999999971e-03
1.068160000000000073e-03
1.068799999999999958e-03
1.069440000000000061e-03
1.070079999999999946e-03
1.070720000000000048e-03
1.071359999999999934e-03
1.072000000000000036e-03
1.072639999999999922e-03
1.073280000000000024e-03
1.073920000000000126e-03
1.074560000000000012e-03
1.075200000000000114e-03
1.075839999999999999e-03
1.076480000000000102e-03
1.077119999999999987e-03
1.077760000000000089e-03
1.078399999999999975e-03
1.079040000000000077e-03
1.079679999999999963e-03
1.080320000000000065e-03
1.080959999999999950e-03
1.081600000000000053e-03
1.082239999999999938e-03
1.082880000000000040e-03
1.083519999999999926e-03
1.084160000000000028e-03
1.084800000000000130e-03
1.085440000000000016e-03
1.086080000000000118e-03
1.086720000000000004e-03
1.087360000000000106e-03
1.087999999999999991e-03
1.088640000000000094e-03
1.089279999999999979e-03
1.089920000000000081e-03
1.090559999999999967e-03
1.091200000000000069e-03
1.091839999999999955e-03
1.092480000000000057e-03
1.093119999999999942e-03
1.093760000000000045e-03
1.094399999999999930e-03
1.095040000000000032e-03
1.095679999999999918e-03
1.096320000000000020e-03
1.096960000000000122e-03
1.097600000000000008e-03
1.098240000000000110e-03
1.098879999999999996e-03
1.099520000000000098e-03
1.100159999999999983e-03
1.100800000000000086e-03
1.101439999999999971e-03
1.102080000000000073e-03
1.102719999999999959e-03
1.103360000000000061e-03
1.103999999999999947e-03
1.104640000000000049e-03
1.105279999999999934e-03
1.105920000000000037e-03
1.106559999999999922e-03
1.107200000000000024e-03
1.107840000000000127e-03
1.108480000000000012e-03
1.109120000000000114e-03
1.109760000000000000e-03
1.110400000000000102e-03
1.111039999999999988e-03
1.111680000000000090e-03
1.112319999999999975e-03
1.112960000000000078e-03
1.113599999999999963e-03
1.114240000000000065e-03
1.114879999999999951e-03
1.115520000000000053e-03
1.116159999999999939e-03
1.116800000000000041e-03
1.117439999999999926e-03
1.118080000000000029e-03
1.118720000000000131e-03
1.119360000000000016e-03
1.120000000000000119e-03
1.120640000000000004e-03
1.121280000000000106e-03
1.121919999999999992e-03
1.122560000000000094e-03
1.123199999999999980e-03
1.123840000000000082e-03
1.124479999999999967e-03
1.125120000000000070e-03
1.125759999999999955e-03
1.126400000000000057e-03
1.127039999999999943e-03
1.127680000000000045e-03
1.128319999999999931e-03
1.128960000000000033e-03
1.129599999999999918e-03
1.130240000000000021e-03
1.130880000000000123e-03
1.131520000000000008e-03
1.132160000000000111e-03
1.132799999999999996e-03
1.133440000000000098e-03
1.134079999999999984e-03
1.134720000000000086e-03
1.135359999999999972e-03
1.136000000000000074e-03
1.136639999999999959e-03
1.137280000000000062e-03
1.137919999999999947e-03
1.138560000000000049e-03
1.139199999999999935e-03
1.139840000000000037e-03
1.140479999999999923e-03
1.141120000000000025e-03
1.141760000000000127e-03
1.142400000000000013e-03
1.143040000000000115e-03
1.143680000000000000e-03
1.144320000000000103e-03
1.144959999999999988e-03
1.145600000000000090e-03
1.146239999999999976e-03
1.146880000000000078e-03
1.147519999999999964e-03
1.148160000000000066e-03
1.148799999999999951e-03
1.149440000000000054e-03
1.150079999999999939e-03
1.150720000000000041e-03
1.151359999999999927e-03
1.152000000000000029e-03
1.152640000000000131e-03
1.153280000000000017e-03
1.153920000000000119e-03
1.154560000000000005e-03
1.155200000000000107e-03
1.155839999999999992e-03
1.156480000000000095e-03
1.157119999999999980e-03
1.157760000000000082e-03
1.158399999999999968e-03
1.159040000000000070e-03
1.159679999999999956e-03
1.160320000000000058e-03
1.160959999999999943e-03
1.161600000000000046e-03
1.162239999999999931e-03
1.162880000000000033e-03
1.163519999999999919e-03
1.164160000000000021e-03
1.164800000000000123e-03
1.165440000000000009e-03
1.166080000000000111e-03
1.166719999999999997e-03
1.167360000000000099e-03
1.167999999999999984e-03
1.168640000000000087e-03
1.169279999999999972e-03
1.169920000000000074e-03
1.170559999999999960e-03
1.171200000000000062e-03
1.171839999999999948e-03
1.172480000000000050e-03
1.173119999999999935e-03
1.173760000000000038e-03
1.174399999999999923e-03
1.175040000000000025e-03
1.175680000000000128e-03
1.176320000000000013e-03
1.176960000000000115e-03
1.177600000000000001e-03
1.178240000000000103e-03
1.178879999999999989e-03
1.179520000000000091e-03
1.180159999999999976e-03
1.180800000000000079e-03
1.181439999999999964e-03
1.182080000000000066e-03
1.182719999999999952e-03
1.183360000000000054e-03
1.183999999999999940e-03
1.184640000000000042e-03
1.185279999999999927e-03
1.185920000000000030e-03
1.186560000000000132e-03
1.187200000000000017e-03
1.187840000000000120e-03
1.188480000000000005e-03
1.189120000000000107e-03
1.189759999999999993e-03
1.190400000000000095e-03
1.191039999999999981e-03
1.191680000000000083e-03
1.192319999999999968e-03
1.192960000000000071e-03
1.193599999999999956e-03
1.194240000000000058e-03
1.194879999999999944e-03
1.195520000000000046e-03
1.196159999999999932e-03
1.196800000000000034e-03
1.197439999999999919e-03
1.198080000000000022e-03
1.198720000000000124e-03
1.199360000000000009e-03
1.200000000000000112e-03
1.200639999999999997e-03
1.201280000000000099e-03
1.201919999999999985e-03
1.202560000000000087e-03
1.203199999999999973e-03
1.203840000000000075e-03
1.204479999999999960e-03
1.205120000000000063e-03
1.205759999999999948e-03
1.206400000000000050e-03
1.207039999999999936e-03
1.207680000000000038e-03
1.208319999999999924e-03
1.208960000000000026e-03
1.209600000000000128e-03
1.210240000000000014e-03
1.210880000000000116e-03
1.211520000000000001e-03
1.212160000000000104e-03
1.212799999999999989e-03
1.213440000000000091e-03
1.214079999999999977e-03
1.214720000000000079e-03
1.215359999999999965e-03
1.216000000000000067e-03
1.216639999999999952e-03
1.217280000000000055e-03
1.217919999999999940e-03
1.218560000000000042e-03
1.219199999999999928e-03
1.219840000000000030e-03
1.220480000000000132e-03
1.221120000000000018e-03
1.221760000000000120e-03
1.222400000000000006e-03
1.223040000000000108e-03
1.223679999999999993e-03
1.224320000000000096e-03
1.224959999999999981e-03
1.225600000000000083e-03
1.226239999999999969e-03
1.226880000000000071e-03
1.227519999999999957e-03
1.228160000000000059e-03
1.228799999999999944e-03
1.229440000000000047e-03
1.230079999999999932e-03
1.230720000000000034e-03
1.231359999999999920e-03
1.232000000000000022e-03
1.232640000000000124e-03
1.233280000000000010e-03
1.233920000000000112e-03
1.234559999999999998e-03
1.235200000000000100e-03
1.235839999999999985e-03
1.236480000000000088e-03
1.237119999999999973e-03
1.237760000000000075e-03
1.238399999999999961e-03
1.239040000000000063e-03
1.239679999999999949e-03
1.240320000000000051e-03
1.240959999999999936e-03
1.241600000000000039e-03
1.242239999999999924e-03
1.242880000000000026e-03
1.243520000000000129e-03
1.244160000000000014e-03
1.244800000000000116e-03
1.245440000000000002e-03
1.246080000000000104e-03
1.246719999999999990e-03
1.247360000000000092e-03
1.247999999999999977e-03
1.248640000000000080e-03
1.249279999999999965e-03
1.249920000000000067e-03
1.250559999999999953e-03
1.251200000000000055e-03
1.251839999999999941e-03
1.252480000000000043e-03
1.253119999999999928e-03
1.253760000000000031e-03
1.254400000000000133e-03
1.255040000000000018e-03
1.255680000000000121e-03
1.256320000000000006e-03
1.256960000000000108e-03
1.257599999999999994e-03
1.258240000000000096e-03
1.258879999999999982e-03
1.259520000000000084e-03
1.260159999999999969e-03
1.260800000000000072e-03
1.261439999999999957e-03
1.262080000000000059e-03
1.262719999999999945e-03
1.263360000000000047e-03
1.263999999999999933e-03
1.264640000000000035e-03
1.265279999999999920e-03
1.265920000000000023e-03
1.266560000000000125e-03
1.267200000000000010e-03
1.267840000000000113e-03
1.268479999999999998e-03
1.269120000000000100e-03
1.269759999999999986e-03
1.270400000000000088e-03
1.271039999999999974e-03
1.271680000000000076e-03
1.272319999999999961e-03
1.272960000000000064e-03
1.273599999999999949e-03
1.274240000000000051e-03
1.274879999999999937e-03
1.275520000000000039e-03
1.276159999999999925e-03
1.276800000000000027e-03
1.277440000000000129e-03
1.278080000000000015e-03
1.278720000000000117e-03
1.279360000000000002e-03
1.280000000000000105e-03
1.280639999999999990e-03
1.281280000000000092e-03
1.281919999999999978e-03
1.282560000000000080e-03
1.283199999999999966e-03
1.283840000000000068e-03
1.284479999999999953e-03
1.285120000000000056e-03
1.285759999999999941e-03
1.286400000000000043e-03
1.287039999999999929e-03
1.287680000000000031e-03
1.288320000000000133e-03
1.288960000000000019e-03
1.289600000000000121e-03
1.290240000000000007e-03
1.290880000000000109e-03
1.291519999999999994e-03
1.292160000000000097e-03
1.292799999999999982e-03
1.293440000000000084e-03
1.294079999999999970e-03
1.294720000000000072e-03
1.295359999999999958e-03
1.296000000000000060e-03
1.296639999999999945e-03
1.297280000000000048e-03
1.297919999999999933e-03
1.298560000000000035e-03
1.299199999999999921e-03
1.299840000000000023e-03
1.300480000000000125e-03
1.301120000000000011e-03
1.301760000000000113e-03
1.302399999999999999e-03
1.303040000000000101e-03
1.303679999999999986e-03
1.304320000000000089e-03
1.304959999999999974e-03
1.305600000000000076e-03
1.306239999999999962e-03
1.306880000000000064e-03
1.307519999999999950e-03
1.308160000000000052e-03
1.308799999999999937e-03
1.309440000000000040e-03
1.310079999999999925e-03
1.310720000000000027e-03
1.311360000000000130e-03
1.312000000000000015e-03
1.312640000000000117e-03
1.313280000000000003e-03
1.313920000000000105e-03
1.314559999999999991e-03
1.315200000000000093e-03
1.315839999999999978e-03
1.316480000000000081e-03
1.317119999999999966e-03
1.317760000000000068e-03
1.318399999999999954e-03
1.319040000000000056e-03
1.319679999999999942e-03
1.320320000000000044e-03
1.320959999999999929e-03
1.321600000000000032e-03
1.322240000000000134e-03
1.322880000000000019e-03
1.323520000000000122e-03
1.324160000000000007e-03
1.324800000000000109e-03
1.325439999999999995e-03
1.326080000000000097e-03
1.326719999999999983e-03
1.327360000000000085e-03
1.327999999999999970e-03
1.328640000000000073e-03
1.329279999999999958e-03
1.329920000000000060e-03
1.330559999999999946e-03
1.331200000000000048e-03
1.331839999999999934e-03
1.332480000000000036e-03
1.333119999999999921e-03
1.333760000000000024e-03
1.334400000000000126e-03
1.335040000000000011e-03
1.335680000000000114e-03
1.336319999999999999e-03
1.336960000000000101e-03
1.337599999999999987e-03
1.338240000000000089e-03
1.338879999999999975e-03
1.339520000000000077e-03
1.340159999999999962e-03
1.340800000000000065e-03
1.341439999999999950e-03
1.342080000000000052e-03
1.342719999999999938e-03
1.343360000000000040e-03
1.343999999999999926e-03
1.344640000000000028e-03
1.345280000000000130e-03
1.345920000000000016e-03
1.346560000000000118e-03
1.347200000000000003e-03
1.347840000000000106e-03
1.348479999999999991e-03
1.349120000000000093e-03
1.349759999999999979e-03
1.350400000000000081e-03
1.351039999999999967e-03
1.351680000000000069e-03
1.352319999999999954e-03
1.352960000000000057e-03
1.353599999999999942e-03
1.354240000000000044e-03
1.354879999999999930e-03
1.355520000000000032e-03
1.356160000000000134e-03
1.356800000000000020e-03
1.357440000000000122e-03
1.358080000000000008e-03
1.358720000000000110e-03
1.359359999999999995e-03
1.360000000000000098e-03
1.360639999999999983e-03
1.361280000000000085e-03
1.361919999999999971e-03
1.362560000000000073e-03
1.363199999999999959e-03
1.363840000000000061e-03
1.364479999999999946e-03
1.365120000000000049e-03
1.365759999999999934e-03
1.366400000000000036e-03
1.367039999999999922e-03
1.367680000000000024e-03
1.368320000000000126e-03
1.368960000000000012e-03
1.369600000000000114e-03
1.370240000000000000e-03
1.370880000000000102e-03
1.371519999999999987e-03
1.372160000000000090e-03
1.372799999999999975e-03
1.373440000000000077e-03
1.374079999999999963e-03
1.374720000000000065e-03
1.375359999999999951e-03
1.376000000000000053e-03
1.376639999999999938e-03
1.377280000000000041e-03
1.377919999999999926e-03
1.378560000000000028e-03
1.379200000000000131e-03
1.379840000000000016e-03
1.380480000000000118e-03
1.381120000000000004e-03
1.381760000000000106e-03
1.382399999999999992e-03
1.383040000000000094e-03
1.383679999999999979e-03
1.384320000000000082e-03
1.384959999999999967e-03
1.385600000000000069e-03
1.386239999999999955e-03
1.386880000000000057e-03
1.387519999999999943e-03
1.388160000000000045e-03
1.388799999999999930e-03
1.389440000000000033e-03
1.390080000000000135e-03
1.390720000000000020e-03
1.391360000000000123e-03
1.392000000000000008e-03
1.392640000000000110e-03
1.393279999999999996e-03
1.393920000000000098e-03
1.394559999999999984e-03
1.395200000000000086e-03
1.395839999999999971e-03
1.396480000000000074e-03
1.397119999999999959e-03
1.397760000000000061e-03
1.398399999999999947e-03
1.399040000000000049e-03
1.399679999999999935e-03
1.400320000000000037e-03
1.400959999999999922e-03
1.401600000000000025e-03
1.402240000000000127e-03
1.402880000000000012e-03
1.403520000000000115e-03
1.404160000000000000e-03
1.404800000000000102e-03
1.405439999999999988e-03
1.406080000000000090e-03
1.406719999999999976e-03
1.407360000000000078e-03
1.407999999999999963e-03
1.408640000000000066e-03
1.409279999999999951e-03
1.409920000000000053e-03
1.410559999999999939e-03
1.411200000000000041e-03
1.411839999999999927e-03
1.412480000000000029e-03
1.413120000000000131e-03
1.413760000000000017e-03
1.414400000000000119e-03
1.415040000000000004e-03
1.415680000000000107e-03
1.416319999999999992e-03
1.416960000000000094e-03
1.417599999999999980e-03
1.418240000000000082e-03
1.418879999999999968e-03
1.419520000000000070e-03
1.420159999999999955e-03
1.420800000000000058e-03
1.421439999999999943e-03
1.422080000000000045e-03
1.422719999999999931e-03
1.423360000000000033e-03
1.424000000000000135e-03
1.424640000000000021e-03
1.425280000000000123e-03
1.425920000000000009e-03
1.426560000000000111e-03
1.427199999999999996e-03
1.427840000000000099e-03
1.428479999999999984e-03
1.429120000000000086e-03
1.429759999999999972e-03
1.430400000000000074e-03
1.431039999999999960e-03
1.431680000000000062e-03
1.432319999999999947e-03
1.432960000000000050e-03
1.433599999999999935e-03
1.434240000000000037e-03
1.434879999999999923e-03
1.435520000000000025e-03
1.436160000000000127e-03
1.436800000000000013e-03
1.437440000000000115e-03
1.438080000000000001e-03
1.438720000000000103e-03
1.439359999999999988e-03
1.440000000000000091e-03
1.440639999999999976e-03
1.441280000000000078e-03
1.441919999999999964e-03
1.442560000000000066e-03
1.443199999999999952e-03
1.443840000000000054e-03
1.444479999999999939e-03
1.445120000000000042e-03
1.445759999999999927e-03
1.446400000000000029e-03
1.447040000000000132e-03
1.447680000000000017e-03
1.448320000000000119e-03
1.448960000000000005e-03
1.449600000000000107e-03
1.450239999999999993e-03
1.450880000000000095e-03
1.451519999999999980e-03
1.452160000000000083e-03
1.452799999999999968e-03
1.453440000000000070e-03
1.454079999999999956e-03
1.454720000000000058e-03
1.455359999999999944e-03
1.456000000000000046e-03
1.456639999999999931e-03
1.457280000000000034e-03
1.457920000000000136e-03
1.458560000000000021e-03
1.459200000000000124e-03
1.459840000000000009e-03
1.460480000000000111e-03
1.461119999999999997e-03
1.461760000000000099e-03
1.462399999999999985e-03
1.463040000000000087e-03
1.463679999999999972e-03
1.464320000000000075e-03
1.464959999999999960e-03
1.465600000000000062e-03
1.466239999999999948e-03
1.466880000000000050e-03
1.467519999999999936e-03
1.468160000000000038e-03
1.468799999999999923e-03
1.469440000000000026e-03
1.470080000000000128e-03
1.470720000000000013e-03
1.471360000000000116e-03
1.472000000000000001e-03
1.472640000000000103e-03
1.473279999999999989e-03
1.473920000000000091e-03
1.474559999999999977e-03
1.475200000000000079e-03
1.475839999999999964e-03
1.476480000000000067e-03
1.477119999999999952e-03
1.477760000000000054e-03
1.478399999999999940e-03
1.479040000000000042e-03
1.479679999999999928e-03
1.480320000000000030e-03
1.480960000000000132e-03
1.481600000000000018e-03
1.482240000000000120e-03
1.482880000000000005e-03
1.483520000000000108e-03
1.484159999999999993e-03
1.484800000000000095e-03
1.485439999999999981e-03
1.486080000000000083e-03
1.486719999999999969e-03
1.487360000000000071e-03
1.487999999999999956e-03
1.488640000000000059e-03
1.489279999999999944e-03
1.489920000000000046e-03
1.490559999999999932e-03
1.491200000000000034e-03
1.491840000000000136e-03
1.492480000000000022e-03
1.493120000000000124e-03
1.493760000000000010e-03
1.494400000000000112e-03
1.495039999999999997e-03
1.495680000000000100e-03
1.496319999999999985e-03
1.496960000000000087e-03
1.497599999999999973e-03
1.498240000000000075e-03
1.498879999999999961e-03
1.499520000000000063e-03
1.500159999999999948e-03
1.500800000000000051e-03
1.501439999999999936e-03
1.502080000000000038e-03
1.502719999999999924e-03
1.503360000000000026e-03
1.504000000000000128e-03
1.504640000000000014e-03
1.505280000000000116e-03
1.505920000000000002e-03
1.506560000000000104e-03
1.507199999999999989e-03
1.507840000000000092e-03
1.508479999999999977e-03
1.509120000000000079e-03
1.509759999999999965e-03
1.510400000000000067e-03
1.511039999999999953e-03
1.511680000000000055e-03
1.512319999999999940e-03
1.512960000000000043e-03
1.513599999999999928e-03
1.514240000000000030e-03
1.514880000000000133e-03
1.515520000000000018e-03
1.516160000000000120e-03
1.516800000000000006e-03
1.517440000000000108e-03
1.518079999999999994e-03
1.518720000000000096e-03
1.519359999999999981e-03
1.520000000000000084e-03
1.520639999999999969e-03
1.521280000000000071e-03
1.521919999999999957e-03
1.522560000000000059e-03
1.523199999999999945e-03
1.523840000000000047e-03
1.524479999999999932e-03
1.525120000000000035e-03
1.525760000000000137e-03
1.526400000000000022e-03
1.527040000000000125e-03
1.527680000000000010e-03
1.528320000000000112e-03
1.528959999999999998e-03
1.529600000000000100e-03
1.530239999999999986e-03
1.530880000000000088e-03
1.531519999999999973e-03
1.532160000000000076e-03
1.532799999999999961e-03
1.533440000000000063e-03
1.534079999999999949e-03
1.534720000000000051e-03
1.535359999999999937e-03
1.536000000000000039e-03
1.536639999999999924e-03
1.537280000000000027e-03
1.537920000000000129e-03
1.538560000000000014e-03
1.539200000000000117e-03
1.539840000000000002e-03
1.540480000000000104e-03
1.541119999999999990e-03
1.541760000000000092e-03
1.542399999999999978e-03
1.543040000000000080e-03
1.543679999999999965e-03
1.544320000000000068e-03
1.544959999999999953e-03
1.545600000000000055e-03
1.546239999999999941e-03
1.546880000000000043e-03
1.547519999999999929e-03
1.548160000000000031e-03
1.548800000000000133e-03
1.549440000000000019e-03
1.550080000000000121e-03
1.550720000000000006e-03
1.551360000000000109e-03
1.551999999999999994e-03
1.552640000000000096e-03
1.553279999999999982e-03
1.553920000000000084e-03
1.554559999999999970e-03
1.555200000000000072e-03
1.555839999999999957e-03
1.556480000000000060e-03
1.557119999999999945e-03
1.557760000000000047e-03
1.558399999999999933e-03
1.559040000000000035e-03
1.559680000000000137e-03
1.560320000000000023e-03
1.560960000000000125e-03
1.561600000000000011e-03
1.562240000000000113e-03
1.562879999999999998e-03
1.563520000000000101e-03
1.564159999999999986e-03
1.564800000000000088e-03
1.565439999999999974e-03
1.566080000000000076e-03
1.566719999999999962e-03
1.567360000000000064e-03
1.567999999999999949e-03
1.568640000000000052e-03
1.569279999999999937e-03
1.569920000000000039e-03
1.570559999999999925e-03
1.571200000000000027e-03
1.571840000000000129e-03
1.572480000000000015e-03
1.573120000000000117e-03
1.573760000000000003e-03
1.574400000000000105e-03
1.575039999999999990e-03
1.575680000000000093e-03
1.576319999999999978e-03
1.576960000000000080e-03
1.577599999999999966e-03
1.578240000000000068e-03
1.578879999999999954e-03
1.579520000000000056e-03
1.580159999999999941e-03
1.580800000000000044e-03
1.581439999999999929e-03
1.582080000000000031e-03
1.582720000000000134e-03
1.583360000000000019e-03
1.584000000000000121e-03
1.584640000000000007e-03
1.585280000000000109e-03
1.585919999999999995e-03
1.586560000000000097e-03
1.587199999999999982e-03
1.587840000000000085e-03
1.588479999999999970e-03
1.589120000000000072e-03
1.589759999999999958e-03
1.590400000000000060e-03
1.591039999999999946e-03
1.591680000000000048e-03
1.592319999999999933e-03
1.592960000000000036e-03
1.593600000000000138e-03
1.594240000000000023e-03
1.594880000000000126e-03
1.595520000000000011e-03
1.596160000000000113e-03
1.596799999999999999e-03
1.597440000000000101e-03
1.598079999999999987e-03
1.598720000000000089e-03
1.599359999999999974e-03
1.600000000000000077e-03
1.600639999999999962e-03
1.601280000000000064e-03
1.601919999999999950e-03
1.602560000000000052e-03
1.603199999999999938e-03
1.603840000000000040e-03
1.604479999999999925e-03
1.605120000000000028e-03
1.605760000000000130e-03
1.606400000000000015e-03
1.607040000000000118e-03
1.607680000000000003e-03
1.608320000000000105e-03
1.608959999999999991e-03
1.609600000000000093e-03
1.610239999999999979e-03
1.610880000000000081e-03
1.611519999999999966e-03
1.612160000000000069e-03
1.612799999999999954e-03
1.613440000000000056e-03
1.614079999999999942e-03
1.614720000000000044e-03
1.615359999999999930e-03
1.616000000000000032e-03
1.616640000000000134e-03
1.617280000000000020e-03
1.617920000000000122e-03
1.618560000000000007e-03
1.619200000000000110e-03
1.619839999999999995e-03
1.620480000000000097e-03
1.621119999999999983e-03
1.621760000000000085e-03
1.622399999999999971e-03
1.623040000000000073e-03
1.623679999999999958e-03
1.624320000000000061e-03
1.624959999999999946e-03
1.625600000000000048e-03
1.626239999999999934e-03
1.626880000000000036e-03
1.627520000000000138e-03
1.628160000000000024e-03
1.628800000000000126e-03
1.629440000000000012e-03
1.630080000000000114e-03
1.630719999999999999e-03
1.631360000000000102e-03
1.631999999999999987e-03
1.632640000000000089e-03
1.633279999999999975e-03
1.633920000000000077e-03
1.634559999999999963e-03
1.635200000000000065e-03
1.635839999999999950e-03
1.636480000000000053e-03
1.637119999999999938e-03
1.637760000000000040e-03
1.638399999999999926e-03
1.639040000000000028e-03
1.639680000000000130e-03
1.640320000000000016e-03
1.640960000000000118e-03
1.641600000000000004e-03
1.642240000000000106e-03
1.642879999999999991e-03
1.643520000000000094e-03
1.644159999999999979e-03
1.644800000000000081e-03
1.645439999999999967e-03
1.646080000000000069e-03
1.646719999999999955e-03
1.647360000000000057e-03
1.647999999999999942e-03
1.648640000000000045e-03
1.649279999999999930e-03
1.649920000000000032e-03
1.650560000000000135e-03
1.651200000000000020e-03
1.651840000000000122e-03
1.652480000000000008e-03
1.653120000000000110e-03
1.653759999999999996e-03
1.654400000000000098e-03
1.655039999999999983e-03
1.655680000000000086e-03
1.656319999999999971e-03
1.656960000000000073e-03
1.657599999999999959e-03
1.658240000000000061e-03
1.658879999999999947e-03
1.659520000000000049e-03
1.660159999999999934e-03
1.660800000000000037e-03
1.661440000000000139e-03
1.662080000000000024e-03
1.662720000000000127e-03
1.663360000000000012e-03
1.664000000000000114e-03
1.664640000000000000e-03
1.665280000000000102e-03
1.665919999999999988e-03
1.666560000000000090e-03
1.667199999999999975e-03
1.667840000000000078e-03
1.668479999999999963e-03
1.669120000000000065e-03
1.669759999999999951e-03
1.670400000000000053e-03
1.671039999999999939e-03
1.671680000000000041e-03
1.672320000000000143e-03
1.672960000000000029e-03
1.673600000000000131e-03
1.674240000000000016e-03
1.674880000000000119e-03
1.675520000000000004e-03
1.676160000000000106e-03
1.676799999999999992e-03
1.677440000000000094e-03
1.678079999999999980e-03
1.678720000000000082e-03
1.679359999999999967e-03
1.680000000000000070e-03
1.680639999999999955e-03
1.681280000000000057e-03
1.681919999999999943e-03
1.682560000000000045e-03
1.683199999999999931e-03
1.683840000000000033e-03
1.684480000000000135e-03
1.685120000000000021e-03
1.685760000000000123e-03
1.686400000000000008e-03
1.687040000000000111e-03
1.687679999999999996e-03
1.688320000000000098e-03
1.688959999999999984e-03
1.689600000000000086e-03
1.690239999999999972e-03
1.690880000000000074e-03
1.691519999999999959e-03
1.692160000000000062e-03
1.692799999999999947e-03
1.693440000000000049e-03
1.694079999999999935e-03
1.694720000000000037e-03
1.695360000000000139e-03
1.696000000000000025e-03
1.696640000000000127e-03
1.697280000000000013e-03
1.697920000000000115e-03
1.698560000000000000e-03
1.699200000000000103e-03
1.699839999999999988e-03
1.700480000000000090e-03
1.701119999999999976e-03
1.701760000000000078e-03
1.702399999999999964e-03
1.703040000000000066e-03
1.703679999999999951e-03
1.704320000000000054e-03
1.704959999999999939e-03
1.705600000000000041e-03
1.706240000000000144e-03
1.706880000000000029e-03
1.707520000000000131e-03
1.708160000000000017e-03
1.708800000000000119e-03
1.709440000000000005e-03
1.710080000000000107e-03
1.710719999999999992e-03
1.711360000000000095e-03
1.711999999999999980e-03
1.712640000000000082e-03
1.713279999999999968e-03
1.713920000000000070e-03
1.714559999999999956e-03
1.715200000000000058e-03
1.715839999999999943e-03
1.716480000000000046e-03
1.717119999999999931e-03
1.717760000000000033e-03
1.718400000000000136e-03
1.719040000000000021e-03
1.719680000000000123e-03
1.720320000000000009e-03
1.720960000000000111e-03
1.721599999999999997e-03
1.722240000000000099e-03
1.722879999999999984e-03
1.723520000000000087e-03
1.724159999999999972e-03
1.724800000000000074e-03
1.725439999999999960e-03
1.726080000000000062e-03
1.726719999999999948e-03
1.727360000000000050e-03
1.727999999999999935e-03
1.728640000000000038e-03
1.729280000000000140e-03
1.729920000000000025e-03
1.730560000000000128e-03
1.731200000000000013e-03
1.731840000000000115e-03
1.732480000000000001e-03
1.733120000000000103e-03
1.733759999999999989e-03
1.734400000000000091e-03
1.735039999999999976e-03
1.735680000000000079e-03
1.736319999999999964e-03
1.736960000000000066e-03
1.737599999999999952e-03
1.738240000000000054e-03
1.738879999999999940e-03
1.739520000000000042e-03
1.740160000000000144e-03
1.740800000000000030e-03
1.741440000000000132e-03
1.742080000000000017e-03
1.742720000000000120e-03
1.743360000000000005e-03
1.744000000000000107e-03
1.744639999999999993e-03
1.745280000000000095e-03
1.745919999999999981e-03
1.746560000000000083e-03
1.747199999999999968e-03
1.747840000000000071e-03
1.748479999999999956e-03
1.749120000000000058e-03
1.749759999999999944e-03
1.750400000000000046e-03
1.751039999999999932e-03
1.751680000000000034e-03
1.752320000000000136e-03
1.752960000000000022e-03
1.753600000000000124e-03
1.754240000000000009e-03
1.754880000000000112e-03
1.755519999999999997e-03
1.756160000000000099e-03
1.756799999999999985e-03
1.757440000000000087e-03
1.758079999999999973e-03
1.758720000000000075e-03
1.759359999999999960e-03
1.760000000000000063e-03
1.760639999999999948e-03
1.761280000000000050e-03
1.761919999999999936e-03
1.762560000000000038e-03
1.763200000000000140e-03
1.763840000000000026e-03
1.764480000000000128e-03
1.765120000000000014e-03
1.765760000000000116e-03
1.766400000000000001e-03
1.767040000000000104e-03
1.767679999999999989e-03
1.768320000000000091e-03
1.768959999999999977e-03
1.769600000000000079e-03
1.770239999999999965e-03
1.770880000000000067e-03
1.771519999999999952e-03
1.772160000000000055e-03
1.772799999999999940e-03
1.773440000000000042e-03
1.774080000000000145e-03
1.774720000000000030e-03
1.775360000000000132e-03
1.776000000000000018e-03
1.776640000000000120e-03
1.777280000000000006e-03
1.777920000000000108e-03
1.778559999999999993e-03
1.779200000000000096e-03
1.779839999999999981e-03
1.780480000000000083e-03
1.781119999999999969e-03
1.781760000000000071e-03
1.782399999999999957e-03
1.783040000000000059e-03
1.783679999999999944e-03
1.784320000000000047e-03
1.784959999999999932e-03
1.785600000000000034e-03
1.786240000000000137e-03
1.786880000000000022e-03
1.787520000000000124e-03
1.788160000000000010e-03
1.788800000000000112e-03
1.789439999999999998e-03
1.790080000000000100e-03
1.790719999999999985e-03
1.791360000000000088e-03
1.791999999999999973e-03
1.792640000000000075e-03
1.793279999999999961e-03
1.793920000000000063e-03
1.794559999999999949e-03
1.795200000000000051e-03
1.795839999999999936e-03
1.796480000000000039e-03
1.797120000000000141e-03
1.797760000000000026e-03
1.798400000000000129e-03
1.799040000000000014e-03
1.799680000000000116e-03
1.800320000000000002e-03
1.800960000000000104e-03
1.801599999999999990e-03
1.802240000000000092e-03
1.802879999999999977e-03
1.803520000000000080e-03
1.804159999999999965e-03
1.804800000000000067e-03
1.805439999999999953e-03
1.806080000000000055e-03
1.806719999999999941e-03
1.807360000000000043e-03
1.808000000000000145e-03
1.808640000000000031e-03
1.809280000000000133e-03
1.809920000000000018e-03
1.810560000000000121e-03
1.811200000000000006e-03
1.811840000000000108e-03
1.812479999999999994e-03
1.813120000000000096e-03
1.813759999999999982e-03
1.814400000000000084e-03
1.815039999999999969e-03
1.815680000000000072e-03
1.816319999999999957e-03
1.816960000000000059e-03
1.817599999999999945e-03
1.818240000000000047e-03
1.818879999999999933e-03
1.819520000000000035e-03
1.820160000000000137e-03
1.820800000000000023e-03
1.821440000000000125e-03
1.822080000000000010e-03
1.822720000000000113e-03
1.823359999999999998e-03
1.824000000000000100e-03
1.824639999999999986e-03
1.825280000000000088e-03
1.825919999999999974e-03
1.826560000000000076e-03
1.827199999999999961e-03
1.827840000000000064e-03
1.828479999999999949e-03
1.829120000000000051e-03
1.829759999999999937e-03
1.830400000000000039e-03
1.831040000000000141e-03
1.831680000000000027e-03
1.832320000000000129e-03
1.832960000000000015e-03
1.833600000000000117e-03
1.834240000000000002e-03
1.834880000000000105e-03
1.835519999999999990e-03
1.836160000000000092e-03
1.836799999999999978e-03
1.837440000000000080e-03
1.838079999999999966e-03
1.838720000000000068e-03
1.839359999999999953e-03
1.840000000000000056e-03
1.840639999999999941e-03
1.841280000000000043e-03
1.841920000000000146e-03
1.842560000000000031e-03
1.843200000000000133e-03
1.843840000000000019e-03
1.844480000000000121e-03
1.845120000000000007e-03
1.845760000000000109e-03
1.846399999999999994e-03
1.847040000000000097e-03
1.847679999999999982e-03
1.848320000000000084e-03
1.848959999999999970e-03
1.849600000000000072e-03
1.850239999999999958e-03
1.850880000000000060e-03
1.851519999999999945e-03
1.852160000000000048e-03
1.852799999999999933e-03
1.853440000000000035e-03
1.854080000000000138e-03
1.854720000000000023e-03
1.855360000000000125e-03
1.856000000000000011e-03
1.856640000000000113e-03
1.857279999999999999e-03
1.857920000000000101e-03
1.858559999999999986e-03
1.859200000000000089e-03
1.859839999999999974e-03
1.860480000000000076e-03
1.861119999999999962e-03
1.861760000000000064e-03
1.862399999999999950e-03
1.863040000000000052e-03
1.863679999999999937e-03
1.864320000000000040e-03
1.864960000000000142e-03
1.865600000000000027e-03
1.866240000000000130e-03
1.866880000000000015e-03
1.867520000000000117e-03
1.868160000000000003e-03
1.868800000000000105e-03
1.869439999999999991e-03
1.870080000000000093e-03
1.870719999999999978e-03
1.871360000000000081e-03
1.871999999999999966e-03
1.872640000000000068e-03
1.873279999999999954e-03
1.873920000000000056e-03
1.874559999999999942e-03
1.875200000000000044e-03
1.875840000000000146e-03
1.876480000000000032e-03
1.877120000000000134e-03
1.877760000000000019e-03
1.878400000000000122e-03
1.879040000000000007e-03
1.879680000000000109e-03
1.880319999999999995e-03
1.880960000000000097e-03
1.881599999999999983e-03
1.882240000000000085e-03
1.882879999999999970e-03
1.883520000000000073e-03
1.884159999999999958e-03
1.884800000000000060e-03
1.885439999999999946e-03
1.886080000000000048e-03
1.886719999999999934e-03
1.887360000000000036e-03
1.888000000000000138e-03
1.888640000000000024e-03
1.889280000000000126e-03
1.889920000000000011e-03
1.890560000000000114e-03
1.891199999999999999e-03
1.891840000000000101e-03
1.892479999999999987e-03
1.893120000000000089e-03
1.893759999999999975e-03
1.894400000000000077e-03
1.895039999999999962e-03
1.895680000000000065e-03
1.896319999999999950e-03
1.896960000000000052e-03
1.897599999999999938e-03
1.898240000000000040e-03
1.898880000000000142e-03
1.899520000000000028e-03
1.900160000000000130e-03
1.900800000000000016e-03
1.901440000000000118e-03
1.902080000000000003e-03
1.902720000000000106e-03
1.903359999999999991e-03
1.904000000000000093e-03
1.904639999999999979e-03
1.905280000000000081e-03
1.905919999999999967e-03
1.906560000000000069e-03
1.907199999999999954e-03
1.907840000000000057e-03
1.908479999999999942e-03
1.909120000000000044e-03
1.909760000000000147e-03
1.910400000000000032e-03
1.911040000000000134e-03
1.911680000000000020e-03
1.912320000000000122e-03
1.912960000000000008e-03
1.913600000000000110e-03
1.914239999999999995e-03
1.914880000000000098e-03
1.915519999999999983e-03
1.916160000000000085e-03
1.916799999999999971e-03
1.917440000000000073e-03
1.918079999999999959e-03
1.918720000000000061e-03
1.919359999999999946e-03
1.920000000000000049e-03
1.920639999999999934e-03
1.921280000000000036e-03
1.921920000000000139e-03
1.922560000000000024e-03
1.923200000000000126e-03
1.923840000000000012e-03
1.924480000000000114e-03
1.925120000000000000e-03
1.925760000000000102e-03
1.926399999999999987e-03
1.927040000000000090e-03
1.927679999999999975e-03
1.928320000000000077e-03
1.928959999999999963e-03
1.929600000000000065e-03
1.930239999999999951e-03
1.930880000000000053e-03
1.931519999999999938e-03
1.932160000000000041e-03
1.932800000000000143e-03
1.933440000000000028e-03
1.934080000000000131e-03
1.934720000000000016e-03
1.935360000000000118e-03
1.936000000000000004e-03
1.936640000000000106e-03
1.937279999999999992e-03
1.937920000000000094e-03
1.938559999999999979e-03
1.939200000000000082e-03
1.939839999999999967e-03
1.940480000000000069e-03
1.941119999999999955e-03
1.941760000000000057e-03
1.942399999999999943e-03
1.943040000000000045e-03
1.943680000000000147e-03
1.944320000000000033e-03
1.944960000000000135e-03
1.945600000000000020e-03
1.946240000000000123e-03
1.946880000000000008e-03
1.947520000000000110e-03
1.948159999999999996e-03
1.948800000000000098e-03
1.949439999999999984e-03
1.950080000000000086e-03
1.950719999999999971e-03
1.951360000000000074e-03
1.951999999999999959e-03
1.952640000000000061e-03
1.953279999999999947e-03
1.953920000000000049e-03
1.954560000000000151e-03
1.955200000000000254e-03
1.955839999999999922e-03
1.956480000000000025e-03
1.957120000000000127e-03
1.957760000000000229e-03
1.958399999999999898e-03
1.959040000000000000e-03
1.959680000000000102e-03
1.960320000000000205e-03
1.960959999999999873e-03
1.961599999999999976e-03
1.962240000000000078e-03
1.962880000000000180e-03
1.963519999999999849e-03
1.964159999999999951e-03
1.964800000000000053e-03
1.965440000000000156e-03
1.966080000000000258e-03
1.966719999999999927e-03
1.967360000000000029e-03
1.968000000000000131e-03
1.968640000000000233e-03
1.969279999999999902e-03
1.969920000000000004e-03
1.970560000000000107e-03
1.971200000000000209e-03
1.971839999999999878e-03
1.972479999999999980e-03
1.973120000000000082e-03
1.973760000000000184e-03
1.974399999999999853e-03
1.975039999999999955e-03
1.975680000000000058e-03
1.976320000000000160e-03
1.976959999999999829e-03
1.977599999999999931e-03
1.978240000000000033e-03
1.978880000000000135e-03
1.979520000000000238e-03
1.980159999999999906e-03
1.980800000000000009e-03
1.981440000000000111e-03
1.982080000000000213e-03
1.982719999999999882e-03
1.983359999999999984e-03
1.984000000000000086e-03
1.984640000000000189e-03
1.985279999999999857e-03
1.985919999999999960e-03
1.986560000000000062e-03
1.987200000000000164e-03
1.987839999999999833e-03
1.988479999999999935e-03
1.989120000000000037e-03
1.989760000000000140e-03
1.990400000000000242e-03
1.991039999999999911e-03
1.991680000000000013e-03
1.992320000000000115e-03
1.992960000000000217e-03
1.993599999999999886e-03
1.994239999999999988e-03
1.994880000000000091e-03
1.995520000000000193e-03
1.996159999999999862e-03
1.996799999999999964e-03
1.997440000000000066e-03
1.998080000000000168e-03
1.998719999999999837e-03
1.999359999999999939e-03
2.000000000000000042e-03
2.000640000000000144e-03
2.001280000000000246e-03
2.001919999999999915e-03
2.002560000000000017e-03
2.003200000000000119e-03
2.003840000000000222e-03
2.004479999999999890e-03
2.005119999999999993e-03
2.005760000000000095e-03
2.006400000000000197e-03
2.007039999999999866e-03
2.007679999999999968e-03
2.008320000000000070e-03
2.008960000000000173e-03
2.009599999999999841e-03
2.010239999999999944e-03
2.010880000000000046e-03
2.011520000000000148e-03
2.012160000000000250e-03
2.012799999999999919e-03
2.013440000000000021e-03
2.014080000000000124e-03
2.014720000000000226e-03
2.015359999999999895e-03
2.015999999999999997e-03
2.016640000000000099e-03
2.017280000000000201e-03
2.017919999999999870e-03
2.018559999999999972e-03
2.019200000000000075e-03
2.019840000000000177e-03
2.020479999999999846e-03
2.021119999999999948e-03
2.021760000000000050e-03
2.022400000000000152e-03
2.023040000000000255e-03
2.023679999999999923e-03
2.024320000000000026e-03
2.024960000000000128e-03
2.025600000000000230e-03
2.026239999999999899e-03
2.026880000000000001e-03
2.027520000000000103e-03
2.028160000000000206e-03
2.028799999999999874e-03
2.029439999999999977e-03
2.030080000000000079e-03
2.030720000000000181e-03
2.031359999999999850e-03
2.031999999999999952e-03
2.032640000000000054e-03
2.033280000000000157e-03
2.033920000000000259e-03
2.034559999999999928e-03
2.035200000000000030e-03
2.035840000000000132e-03
2.036480000000000234e-03
2.037119999999999903e-03
2.037760000000000005e-03
2.038400000000000108e-03
2.039040000000000210e-03
2.039679999999999879e-03
2.040319999999999981e-03
2.040960000000000083e-03
2.041600000000000185e-03
2.042239999999999854e-03
2.042879999999999956e-03
2.043520000000000059e-03
2.044160000000000161e-03
2.044799999999999830e-03
2.045439999999999932e-03
2.046080000000000034e-03
2.046720000000000136e-03
2.047360000000000239e-03
2.047999999999999907e-03
2.048640000000000010e-03
2.049280000000000112e-03
2.049920000000000214e-03
2.050559999999999883e-03
2.051199999999999985e-03
2.051840000000000087e-03
2.052480000000000190e-03
2.053119999999999858e-03
2.053759999999999961e-03
2.054400000000000063e-03
2.055040000000000165e-03
2.055679999999999834e-03
2.056319999999999936e-03
2.056960000000000038e-03
2.057600000000000141e-03
2.058240000000000243e-03
2.058879999999999912e-03
2.059520000000000014e-03
2.060160000000000116e-03
2.060800000000000218e-03
2.061439999999999887e-03
2.062079999999999989e-03
2.062720000000000092e-03
2.063360000000000194e-03
2.063999999999999863e-03
2.064639999999999965e-03
2.065280000000000067e-03
2.065920000000000169e-03
2.066559999999999838e-03
2.067199999999999940e-03
2.067840000000000043e-03
2.068480000000000145e-03
2.069120000000000247e-03
2.069759999999999916e-03
2.070400000000000018e-03
2.071040000000000120e-03
2.071680000000000223e-03
2.072319999999999891e-03
2.072959999999999994e-03
2.073600000000000096e-03
2.074240000000000198e-03
2.074879999999999867e-03
2.075519999999999969e-03
2.076160000000000071e-03
2.076800000000000174e-03
2.077439999999999842e-03
2.078079999999999945e-03
2.078720000000000047e-03
2.079360000000000149e-03
2.080000000000000251e-03
2.080639999999999920e-03
2.081280000000000022e-03
2.081920000000000125e-03
2.082560000000000227e-03
2.083199999999999896e-03
2.083839999999999998e-03
2.084480000000000100e-03
2.085120000000000202e-03
2.085759999999999871e-03
2.086399999999999973e-03
2.087040000000000076e-03
2.087680000000000178e-03
2.088319999999999847e-03
2.088959999999999949e-03
2.089600000000000051e-03
2.090240000000000153e-03
2.090880000000000256e-03
2.091519999999999924e-03
2.092160000000000027e-03
2.092800000000000129e-03
2.093440000000000231e-03
2.094079999999999900e-03
2.094720000000000002e-03
2.095360000000000104e-03
2.096000000000000207e-03
2.096639999999999875e-03
2.097279999999999978e-03
2.097920000000000080e-03
2.098560000000000182e-03
2.099199999999999851e-03
2.099839999999999953e-03
2.100480000000000055e-03
2.101120000000000158e-03
2.101760000000000260e-03
2.102399999999999929e-03
2.103040000000000031e-03
2.103680000000000133e-03
2.104320000000000235e-03
2.104959999999999904e-03
2.105600000000000006e-03
2.106240000000000109e-03
2.106880000000000211e-03
2.107519999999999880e-03
2.108159999999999982e-03
2.108800000000000084e-03
2.109440000000000186e-03
2.110079999999999855e-03
2.110719999999999957e-03
2.111360000000000060e-03
2.112000000000000162e-03
2.112639999999999831e-03
2.113279999999999933e-03
2.113920000000000035e-03
2.114560000000000137e-03
2.115200000000000240e-03
2.115839999999999908e-03
2.116480000000000011e-03
2.117120000000000113e-03
2.117760000000000215e-03
2.118399999999999884e-03
2.119039999999999986e-03
2.119680000000000088e-03
2.120320000000000191e-03
2.120959999999999859e-03
2.121599999999999962e-03
2.122240000000000064e-03
2.122880000000000166e-03
2.123519999999999835e-03
2.124159999999999937e-03
2.124800000000000039e-03
2.125440000000000142e-03
2.126080000000000244e-03
2.126719999999999913e-03
2.127360000000000015e-03
2.128000000000000117e-03
2.128640000000000219e-03
2.129279999999999888e-03
2.129919999999999990e-03
2.130560000000000093e-03
2.131200000000000195e-03
2.131839999999999864e-03
2.132479999999999966e-03
2.133120000000000068e-03
2.133760000000000170e-03
2.134399999999999839e-03
2.135039999999999941e-03
2.135680000000000044e-03
2.136320000000000146e-03
2.136960000000000248e-03
2.137599999999999917e-03
2.138240000000000019e-03
2.138880000000000121e-03
2.139520000000000224e-03
2.140159999999999892e-03
2.140799999999999995e-03
2.141440000000000097e-03
2.142080000000000199e-03
2.142719999999999868e-03
2.143359999999999970e-03
2.144000000000000072e-03
2.144640000000000175e-03
2.145279999999999843e-03
2.145919999999999946e-03
2.146560000000000048e-03
2.147200000000000150e-03
2.147840000000000252e-03
2.148479999999999921e-03
2.149120000000000023e-03
2.149760000000000126e-03
2.150400000000000228e-03
2.151039999999999897e-03
2.151679999999999999e-03
2.152320000000000101e-03
2.152960000000000203e-03
2.153599999999999872e-03
2.154239999999999974e-03
2.154880000000000077e-03
2.155520000000000179e-03
2.156159999999999848e-03
2.156799999999999950e-03
2.157440000000000052e-03
2.158080000000000154e-03
2.158720000000000257e-03
2.159359999999999925e-03
2.160000000000000028e-03
2.160640000000000130e-03
2.161280000000000232e-03
2.161919999999999901e-03
2.162560000000000003e-03
2.163200000000000105e-03
2.163840000000000208e-03
2.164479999999999876e-03
2.165119999999999979e-03
2.165760000000000081e-03
2.166400000000000183e-03
2.167039999999999852e-03
2.167679999999999954e-03
2.168320000000000056e-03
2.168960000000000159e-03
2.169600000000000261e-03
2.170239999999999930e-03
2.170880000000000032e-03
2.171520000000000134e-03
2.172160000000000236e-03
2.172799999999999905e-03
2.173440000000000007e-03
2.174080000000000110e-03
2.174720000000000212e-03
2.175359999999999881e-03
2.175999999999999983e-03
2.176640000000000085e-03
2.177280000000000187e-03
2.177919999999999856e-03
2.178559999999999958e-03
2.179200000000000061e-03
2.179840000000000163e-03
2.180479999999999832e-03
2.181119999999999934e-03
2.181760000000000036e-03
2.182400000000000138e-03
2.183040000000000241e-03
2.183679999999999909e-03
2.184320000000000012e-03
2.184960000000000114e-03
2.185600000000000216e-03
2.186239999999999885e-03
2.186879999999999987e-03
2.187520000000000089e-03
2.188160000000000192e-03
2.188799999999999860e-03
2.189439999999999963e-03
2.190080000000000065e-03
2.190720000000000167e-03
2.191359999999999836e-03
2.191999999999999938e-03
2.192640000000000040e-03
2.193280000000000143e-03
2.193920000000000245e-03
2.194559999999999914e-03
2.195200000000000016e-03
2.195840000000000118e-03
2.196480000000000220e-03
2.197119999999999889e-03
2.197759999999999991e-03
2.198400000000000094e-03
2.199040000000000196e-03
2.199679999999999865e-03
2.200319999999999967e-03
2.200960000000000069e-03
2.201600000000000171e-03
2.202239999999999840e-03
2.202879999999999942e-03
2.203520000000000045e-03
2.204160000000000147e-03
2.204800000000000249e-03
2.205439999999999918e-03
2.206080000000000020e-03
2.206720000000000122e-03
2.207360000000000225e-03
2.207999999999999893e-03
2.208639999999999996e-03
2.209280000000000098e-03
2.209920000000000200e-03
2.210559999999999869e-03
2.211199999999999971e-03
2.211840000000000073e-03
2.212480000000000176e-03
2.213119999999999844e-03
2.213759999999999947e-03
2.214400000000000049e-03
2.215040000000000151e-03
2.215680000000000253e-03
2.216319999999999922e-03
2.216960000000000024e-03
2.217600000000000127e-03
2.218240000000000229e-03
2.218879999999999898e-03
2.219520000000000000e-03
2.220160000000000102e-03
2.220800000000000204e-03
2.221439999999999873e-03
2.222079999999999975e-03
2.222720000000000078e-03
2.223360000000000180e-03
2.223999999999999849e-03
2.224639999999999951e-03
2.225280000000000053e-03
2.225920000000000155e-03
2.226560000000000258e-03
2.227199999999999926e-03
2.227840000000000029e-03
2.228480000000000131e-03
2.229120000000000233e-03
2.229759999999999902e-03
2.230400000000000004e-03
2.231040000000000106e-03
2.231680000000000209e-03
2.232319999999999877e-03
2.232959999999999980e-03
2.233600000000000082e-03
2.234240000000000184e-03
2.234879999999999853e-03
2.235519999999999955e-03
2.236160000000000057e-03
2.236800000000000160e-03
2.237440000000000262e-03
2.238079999999999931e-03
2.238720000000000033e-03
2.239360000000000135e-03
2.240000000000000237e-03
2.240639999999999906e-03
2.241280000000000008e-03
2.241920000000000111e-03
2.242560000000000213e-03
2.243199999999999882e-03
2.243839999999999984e-03
2.244480000000000086e-03
2.245120000000000188e-03
2.245759999999999857e-03
2.246399999999999959e-03
2.247040000000000062e-03
2.247680000000000164e-03
2.248319999999999833e-03
2.248959999999999935e-03
2.249600000000000037e-03
2.250240000000000139e-03
2.250880000000000242e-03
2.251519999999999910e-03
2.252160000000000013e-03
2.252800000000000115e-03
2.253440000000000217e-03
2.254079999999999886e-03
2.254719999999999988e-03
2.255360000000000090e-03
2.256000000000000193e-03
2.256639999999999861e-03
2.257279999999999964e-03
2.257920000000000066e-03
2.258560000000000168e-03
2.259199999999999837e-03
2.259839999999999939e-03
2.260480000000000041e-03
2.261120000000000144e-03
2.261760000000000246e-03
2.262399999999999915e-03
2.263040000000000017e-03
2.263680000000000119e-03
2.264320000000000221e-03
2.264959999999999890e-03
2.265599999999999992e-03
2.266240000000000095e-03
2.266880000000000197e-03
2.267519999999999866e-03
2.268159999999999968e-03
2.268800000000000070e-03
2.269440000000000172e-03
2.270079999999999841e-03
2.270719999999999943e-03
2.271360000000000046e-03
2.272000000000000148e-03
2.272640000000000250e-03
2.273279999999999919e-03
2.273920000000000021e-03
2.274560000000000123e-03
2.275200000000000226e-03
2.275839999999999894e-03
2.276479999999999997e-03
2.277120000000000099e-03
2.277760000000000201e-03
2.278399999999999870e-03
2.279039999999999972e-03
2.279680000000000074e-03
2.280320000000000177e-03
2.280959999999999845e-03
2.281599999999999948e-03
2.282240000000000050e-03
2.282880000000000152e-03
2.283520000000000254e-03
2.284159999999999923e-03
2.284800000000000025e-03
2.285440000000000128e-03
2.286080000000000230e-03
2.286719999999999899e-03
2.287360000000000001e-03
2.288000000000000103e-03
2.288640000000000205e-03
2.289279999999999874e-03
2.289919999999999976e-03
2.290560000000000079e-03
2.291200000000000181e-03
2.291839999999999850e-03
2.292479999999999952e-03
2.293120000000000054e-03
2.293760000000000156e-03
2.294400000000000259e-03
2.295039999999999927e-03
2.295680000000000030e-03
2.296320000000000132e-03
2.296960000000000234e-03
2.297599999999999903e-03
2.298240000000000005e-03
2.298880000000000107e-03
2.299520000000000210e-03
2.300159999999999878e-03
2.300799999999999981e-03
2.301440000000000083e-03
2.302080000000000185e-03
2.302719999999999854e-03
2.303359999999999956e-03
2.304000000000000058e-03
2.304640000000000161e-03
2.305280000000000263e-03
2.305919999999999932e-03
2.306560000000000034e-03
2.307200000000000136e-03
2.307840000000000238e-03
2.308479999999999907e-03
2.309120000000000009e-03
2.309760000000000112e-03
2.310400000000000214e-03
2.311039999999999883e-03
2.311679999999999985e-03
2.312320000000000087e-03
2.312960000000000189e-03
2.313599999999999858e-03
2.314239999999999960e-03
2.314880000000000063e-03
2.315520000000000165e-03
2.316159999999999834e-03
2.316799999999999936e-03
2.317440000000000038e-03
2.318080000000000140e-03
2.318720000000000243e-03
2.319359999999999911e-03
2.320000000000000014e-03
2.320640000000000116e-03
2.321280000000000218e-03
2.321919999999999887e-03
2.322559999999999989e-03
2.323200000000000091e-03
2.323840000000000194e-03
2.324479999999999862e-03
2.325119999999999965e-03
2.325760000000000067e-03
2.326400000000000169e-03
2.327039999999999838e-03
2.327679999999999940e-03
2.328320000000000042e-03
2.328960000000000145e-03
2.329600000000000247e-03
2.330239999999999916e-03
2.330880000000000018e-03
2.331520000000000120e-03
2.332160000000000222e-03
2.332799999999999891e-03
2.333439999999999993e-03
2.334080000000000096e-03
2.334720000000000198e-03
2.335359999999999867e-03
2.335999999999999969e-03
2.336640000000000071e-03
2.337280000000000173e-03
2.337919999999999842e-03
2.338559999999999944e-03
2.339200000000000047e-03
2.339840000000000149e-03
2.340480000000000251e-03
2.341119999999999920e-03
2.341760000000000022e-03
2.342400000000000124e-03
2.343040000000000227e-03
2.343679999999999895e-03
2.344319999999999998e-03
2.344960000000000100e-03
2.345600000000000202e-03
2.346239999999999871e-03
2.346879999999999973e-03
2.347520000000000075e-03
2.348160000000000178e-03
2.348799999999999846e-03
2.349439999999999949e-03
2.350080000000000051e-03
2.350720000000000153e-03
2.351360000000000255e-03
2.351999999999999924e-03
2.352640000000000026e-03
2.353280000000000129e-03
2.353920000000000231e-03
2.354559999999999900e-03
2.355200000000000002e-03
2.355840000000000104e-03
2.356480000000000206e-03
2.357119999999999875e-03
2.357759999999999977e-03
2.358400000000000080e-03
2.359040000000000182e-03
2.359679999999999851e-03
2.360319999999999953e-03
2.360960000000000055e-03
2.361600000000000157e-03
2.362240000000000260e-03
2.362879999999999928e-03
2.363520000000000031e-03
2.364160000000000133e-03
2.364800000000000235e-03
2.365439999999999904e-03
2.366080000000000006e-03
2.366720000000000108e-03
2.367360000000000211e-03
2.367999999999999879e-03
2.368639999999999982e-03
2.369280000000000084e-03
2.369920000000000186e-03
2.370559999999999855e-03
2.371199999999999957e-03
2.371840000000000059e-03
2.372480000000000162e-03
2.373120000000000264e-03
2.373759999999999933e-03
2.374400000000000035e-03
2.375040000000000137e-03
2.375680000000000239e-03
2.376319999999999908e-03
2.376960000000000010e-03
2.377600000000000113e-03
2.378240000000000215e-03
2.378879999999999884e-03
2.379519999999999986e-03
2.380160000000000088e-03
2.380800000000000190e-03
2.381439999999999859e-03
2.382079999999999961e-03
2.382720000000000064e-03
2.383360000000000166e-03
2.383999999999999835e-03
2.384639999999999937e-03
2.385280000000000039e-03
2.385920000000000141e-03
2.386560000000000244e-03
2.387199999999999912e-03
2.387840000000000015e-03
2.388480000000000117e-03
2.389120000000000219e-03
2.389759999999999888e-03
2.390399999999999990e-03
2.391040000000000092e-03
2.391680000000000195e-03
2.392319999999999863e-03
2.392959999999999966e-03
2.393600000000000068e-03
2.394240000000000170e-03
2.394879999999999839e-03
2.395519999999999941e-03
2.396160000000000043e-03
2.396800000000000146e-03
2.397440000000000248e-03
2.398079999999999917e-03
2.398720000000000019e-03
2.399360000000000121e-03
2.400000000000000223e-03
2.400639999999999892e-03
2.401279999999999994e-03
2.401920000000000097e-03
2.402560000000000199e-03
2.403199999999999868e-03
2.403839999999999970e-03
2.404480000000000072e-03
2.405120000000000174e-03
2.405759999999999843e-03
2.406399999999999945e-03
2.407040000000000048e-03
2.407680000000000150e-03
2.408320000000000252e-03
2.408959999999999921e-03
2.409600000000000023e-03
2.410240000000000125e-03
2.410880000000000228e-03
2.411519999999999896e-03
2.412159999999999999e-03
2.412800000000000101e-03
2.413440000000000203e-03
2.414079999999999872e-03
2.414719999999999974e-03
2.415360000000000076e-03
2.416000000000000179e-03
2.416639999999999847e-03
2.417279999999999950e-03
2.417920000000000052e-03
2.418560000000000154e-03
2.419200000000000256e-03
2.419839999999999925e-03
2.420480000000000027e-03
2.421120000000000130e-03
2.421760000000000232e-03
2.422399999999999901e-03
2.423040000000000003e-03
2.423680000000000105e-03
2.424320000000000207e-03
2.424959999999999876e-03
2.425599999999999978e-03
2.426240000000000081e-03
2.426880000000000183e-03
2.427519999999999852e-03
2.428159999999999954e-03
2.428800000000000056e-03
2.429440000000000158e-03
2.430080000000000261e-03
2.430719999999999929e-03
2.431360000000000032e-03
2.432000000000000134e-03
2.432640000000000236e-03
2.433279999999999905e-03
2.433920000000000007e-03
2.434560000000000109e-03
2.435200000000000212e-03
2.435839999999999880e-03
2.436479999999999983e-03
2.437120000000000085e-03
2.437760000000000187e-03
2.438399999999999856e-03
2.439039999999999958e-03
2.439680000000000060e-03
2.440320000000000163e-03
2.440960000000000265e-03
2.441599999999999934e-03
2.442240000000000036e-03
2.442880000000000138e-03
2.443520000000000240e-03
2.444159999999999909e-03
2.444800000000000011e-03
2.445440000000000114e-03
2.446080000000000216e-03
2.446719999999999885e-03
2.447359999999999987e-03
2.448000000000000089e-03
2.448640000000000191e-03
2.449279999999999860e-03
2.449919999999999962e-03
2.450560000000000065e-03
2.451200000000000167e-03
2.451839999999999836e-03
2.452479999999999938e-03
2.453120000000000040e-03
2.453760000000000142e-03
2.454400000000000245e-03
2.455039999999999913e-03
2.455680000000000016e-03
2.456320000000000118e-03
2.456960000000000220e-03
2.457599999999999889e-03
2.458239999999999991e-03
2.458880000000000093e-03
2.459520000000000196e-03
2.460159999999999864e-03
2.460799999999999967e-03
2.461440000000000069e-03
2.462080000000000171e-03
2.462719999999999840e-03
2.463359999999999942e-03
2.464000000000000044e-03
2.464640000000000147e-03
2.465280000000000249e-03
2.465919999999999918e-03
2.466560000000000020e-03
2.467200000000000122e-03
2.467840000000000224e-03
2.468479999999999893e-03
2.469119999999999995e-03
2.469760000000000098e-03
2.470400000000000200e-03
2.471039999999999869e-03
2.471679999999999971e-03
2.472320000000000073e-03
2.472960000000000175e-03
2.473599999999999844e-03
2.474239999999999946e-03
2.474880000000000049e-03
2.475520000000000151e-03
2.476160000000000253e-03
2.476799999999999922e-03
2.477440000000000024e-03
2.478080000000000126e-03
2.478720000000000229e-03
2.479359999999999897e-03
2.480000000000000000e-03
2.480640000000000102e-03
2.481280000000000204e-03
2.481919999999999873e-03
2.482559999999999975e-03
2.483200000000000077e-03
2.483840000000000180e-03
2.484479999999999848e-03
2.485119999999999951e-03
2.485760000000000053e-03
2.486400000000000155e-03
2.487040000000000257e-03
2.487679999999999926e-03
2.488320000000000028e-03
2.488960000000000131e-03
2.489600000000000233e-03
2.490239999999999902e-03
2.490880000000000004e-03
2.491520000000000106e-03
2.492160000000000208e-03
2.492799999999999877e-03
2.493439999999999979e-03
2.494080000000000082e-03
2.494720000000000184e-03
2.495359999999999853e-03
2.495999999999999955e-03
2.496640000000000057e-03
2.497280000000000159e-03
2.497920000000000262e-03
2.498559999999999930e-03
2.499200000000000033e-03
2.499840000000000135e-03
2.500480000000000237e-03
2.501119999999999906e-03
2.501760000000000008e-03
2.502400000000000110e-03
2.503040000000000213e-03
2.503679999999999881e-03
2.504319999999999984e-03
2.504960000000000086e-03
2.505600000000000188e-03
2.506239999999999857e-03
2.506879999999999959e-03
2.507520000000000061e-03
2.508160000000000164e-03
2.508800000000000266e-03
2.509439999999999935e-03
2.510080000000000037e-03
2.510720000000000139e-03
2.511360000000000241e-03
2.511999999999999910e-03
2.512640000000000012e-03
2.513280000000000115e-03
2.513920000000000217e-03
2.514559999999999886e-03
2.515199999999999988e-03
2.515840000000000090e-03
2.516480000000000192e-03
2.517119999999999861e-03
2.517759999999999963e-03
2.518400000000000066e-03
2.519040000000000168e-03
2.519679999999999837e-03
2.520319999999999939e-03
2.520960000000000041e-03
2.521600000000000143e-03
2.522240000000000246e-03
2.522879999999999914e-03
2.523520000000000017e-03
2.524160000000000119e-03
2.524800000000000221e-03
2.525439999999999890e-03
2.526079999999999992e-03
2.526720000000000094e-03
2.527360000000000197e-03
2.527999999999999865e-03
2.528639999999999968e-03
2.529280000000000070e-03
2.529920000000000172e-03
2.530559999999999841e-03
2.531199999999999943e-03
2.531840000000000045e-03
2.532480000000000148e-03
2.533120000000000250e-03
2.533759999999999919e-03
2.534400000000000021e-03
2.535040000000000123e-03
2.535680000000000225e-03
2.536319999999999894e-03
2.536959999999999996e-03
2.537600000000000099e-03
2.538240000000000201e-03
2.538879999999999870e-03
