0.000000000000000000e+00
1.600000000000000033e-07
3.200000000000000067e-07
4.800000000000000630e-07
6.400000000000000134e-07
7.999999999999999638e-07
9.600000000000001260e-07
1.120000000000000076e-06
1.280000000000000027e-06
1.439999999999999977e-06
1.599999999999999928e-06
1.760000000000000090e-06
1.920000000000000252e-06
2.079999999999999991e-06
2.240000000000000153e-06
2.399999999999999891e-06
2.560000000000000054e-06
2.720000000000000216e-06
2.879999999999999954e-06
3.040000000000000117e-06
3.199999999999999855e-06
3.360000000000000017e-06
3.520000000000000180e-06
3.679999999999999918e-06
3.840000000000000504e-06
3.999999999999999819e-06
4.159999999999999981e-06
4.320000000000000143e-06
4.480000000000000305e-06
4.640000000000000468e-06
4.799999999999999783e-06
4.959999999999999945e-06
5.120000000000000107e-06
5.280000000000000269e-06
5.440000000000000431e-06
5.599999999999999747e-06
5.759999999999999909e-06
5.920000000000000071e-06
6.080000000000000233e-06
6.240000000000000395e-06
6.399999999999999710e-06
6.559999999999999873e-06
6.720000000000000035e-06
6.880000000000000197e-06
7.040000000000000359e-06
7.200000000000000521e-06
7.359999999999999836e-06
7.519999999999999999e-06
7.680000000000001008e-06
7.839999999999999476e-06
7.999999999999999638e-06
8.159999999999999800e-06
8.319999999999999962e-06
8.480000000000000124e-06
8.640000000000000287e-06
8.800000000000000449e-06
8.960000000000000611e-06
9.120000000000000773e-06
9.280000000000000935e-06
9.439999999999999403e-06
9.599999999999999566e-06
9.759999999999999728e-06
9.919999999999999890e-06
1.008000000000000005e-05
1.024000000000000021e-05
1.040000000000000038e-05
1.056000000000000054e-05
1.072000000000000070e-05
1.088000000000000086e-05
1.104000000000000103e-05
1.119999999999999949e-05
1.135999999999999966e-05
1.151999999999999982e-05
1.167999999999999998e-05
1.184000000000000014e-05
1.200000000000000030e-05
1.216000000000000047e-05
1.232000000000000063e-05
1.248000000000000079e-05
1.264000000000000095e-05
1.279999999999999942e-05
1.295999999999999958e-05
1.311999999999999975e-05
1.327999999999999991e-05
1.344000000000000007e-05
1.360000000000000023e-05
1.376000000000000039e-05
1.392000000000000056e-05
1.408000000000000072e-05
1.424000000000000088e-05
1.440000000000000104e-05
1.455999999999999951e-05
1.471999999999999967e-05
1.487999999999999983e-05
1.504000000000000000e-05
1.520000000000000016e-05
1.536000000000000202e-05
1.552000000000000048e-05
1.567999999999999895e-05
1.584000000000000081e-05
1.599999999999999928e-05
1.616000000000000113e-05
1.631999999999999960e-05
1.648000000000000146e-05
1.663999999999999992e-05
1.680000000000000178e-05
1.696000000000000025e-05
1.711999999999999872e-05
1.728000000000000057e-05
1.743999999999999904e-05
1.760000000000000090e-05
1.775999999999999937e-05
1.792000000000000122e-05
1.807999999999999969e-05
1.824000000000000155e-05
1.840000000000000001e-05
1.856000000000000187e-05
1.872000000000000034e-05
1.887999999999999881e-05
1.904000000000000066e-05
1.919999999999999913e-05
1.936000000000000099e-05
1.951999999999999946e-05
1.968000000000000131e-05
1.983999999999999978e-05
2.000000000000000164e-05
2.016000000000000010e-05
2.032000000000000196e-05
2.048000000000000043e-05
2.063999999999999890e-05
2.080000000000000075e-05
2.095999999999999922e-05
2.112000000000000108e-05
2.127999999999999955e-05
2.144000000000000140e-05
2.159999999999999987e-05
2.176000000000000173e-05
2.192000000000000019e-05
2.208000000000000205e-05
2.224000000000000052e-05
2.239999999999999899e-05
2.256000000000000084e-05
2.271999999999999931e-05
2.288000000000000117e-05
2.303999999999999964e-05
2.320000000000000149e-05
2.335999999999999996e-05
2.352000000000000182e-05
2.368000000000000028e-05
2.384000000000000214e-05
2.400000000000000061e-05
2.415999999999999908e-05
2.432000000000000093e-05
2.447999999999999940e-05
2.464000000000000126e-05
2.479999999999999972e-05
2.496000000000000158e-05
2.512000000000000005e-05
2.528000000000000191e-05
2.544000000000000037e-05
2.559999999999999884e-05
2.576000000000000070e-05
2.591999999999999917e-05
2.608000000000000102e-05
2.623999999999999949e-05
2.640000000000000135e-05
2.655999999999999981e-05
2.672000000000000167e-05
2.688000000000000014e-05
2.704000000000000200e-05
2.720000000000000046e-05
2.735999999999999893e-05
2.752000000000000079e-05
2.767999999999999926e-05
2.784000000000000111e-05
2.799999999999999958e-05
2.816000000000000144e-05
2.831999999999999990e-05
2.848000000000000176e-05
2.864000000000000023e-05
2.880000000000000208e-05
2.896000000000000055e-05
2.911999999999999902e-05
2.928000000000000088e-05
2.943999999999999935e-05
2.960000000000000120e-05
2.975999999999999967e-05
2.992000000000000153e-05
3.007999999999999999e-05
3.024000000000000185e-05
3.040000000000000032e-05
3.055999999999999879e-05
3.072000000000000403e-05
3.088000000000000250e-05
3.104000000000000097e-05
3.119999999999999944e-05
3.135999999999999790e-05
3.152000000000000315e-05
3.168000000000000162e-05
3.184000000000000008e-05
3.199999999999999855e-05
3.216000000000000380e-05
3.232000000000000226e-05
3.248000000000000073e-05
3.263999999999999920e-05
3.279999999999999767e-05
3.296000000000000291e-05
3.312000000000000138e-05
3.327999999999999985e-05
3.343999999999999832e-05
3.360000000000000356e-05
3.376000000000000203e-05
3.392000000000000050e-05
3.407999999999999897e-05
3.423999999999999743e-05
3.440000000000000268e-05
3.456000000000000115e-05
3.471999999999999961e-05
3.487999999999999808e-05
3.504000000000000333e-05
3.520000000000000180e-05
3.536000000000000026e-05
3.551999999999999873e-05
3.568000000000000398e-05
3.584000000000000244e-05
3.600000000000000091e-05
3.615999999999999938e-05
3.631999999999999785e-05
3.648000000000000309e-05
3.664000000000000156e-05
3.680000000000000003e-05
3.695999999999999850e-05
3.712000000000000374e-05
3.728000000000000221e-05
3.744000000000000068e-05
3.759999999999999915e-05
3.775999999999999761e-05
3.792000000000000286e-05
3.808000000000000133e-05
3.823999999999999979e-05
3.839999999999999826e-05
3.856000000000000351e-05
3.872000000000000197e-05
3.888000000000000044e-05
3.903999999999999891e-05
3.920000000000000416e-05
3.936000000000000262e-05
3.952000000000000109e-05
3.967999999999999956e-05
3.983999999999999803e-05
4.000000000000000327e-05
4.016000000000000174e-05
4.032000000000000021e-05
4.047999999999999868e-05
4.064000000000000392e-05
4.080000000000000239e-05
4.096000000000000086e-05
4.111999999999999933e-05
4.127999999999999779e-05
4.144000000000000304e-05
4.160000000000000151e-05
4.175999999999999997e-05
4.191999999999999844e-05
4.208000000000000369e-05
4.224000000000000215e-05
4.240000000000000062e-05
4.255999999999999909e-05
4.271999999999999756e-05
4.288000000000000280e-05
4.304000000000000127e-05
4.319999999999999974e-05
4.335999999999999821e-05
4.352000000000000345e-05
4.368000000000000192e-05
4.384000000000000039e-05
4.399999999999999886e-05
4.416000000000000410e-05
4.432000000000000257e-05
4.448000000000000104e-05
4.463999999999999950e-05
4.479999999999999797e-05
4.496000000000000322e-05
4.512000000000000169e-05
4.528000000000000015e-05
4.543999999999999862e-05
4.560000000000000387e-05
4.576000000000000233e-05
4.592000000000000080e-05
4.607999999999999927e-05
4.623999999999999774e-05
4.640000000000000298e-05
4.656000000000000145e-05
4.671999999999999992e-05
4.687999999999999839e-05
4.704000000000000363e-05
4.720000000000000210e-05
4.736000000000000057e-05
4.751999999999999904e-05
4.768000000000000428e-05
4.784000000000000275e-05
4.800000000000000122e-05
4.815999999999999968e-05
4.831999999999999815e-05
4.848000000000000340e-05
4.864000000000000186e-05
4.880000000000000033e-05
4.895999999999999880e-05
4.912000000000000405e-05
4.928000000000000251e-05
4.944000000000000098e-05
4.959999999999999945e-05
4.975999999999999792e-05
4.992000000000000316e-05
5.008000000000000163e-05
5.024000000000000010e-05
5.039999999999999857e-05
5.056000000000000381e-05
5.072000000000000228e-05
5.088000000000000075e-05
5.103999999999999922e-05
5.119999999999999768e-05
5.136000000000000293e-05
5.152000000000000140e-05
5.167999999999999986e-05
5.183999999999999833e-05
5.200000000000000358e-05
5.216000000000000204e-05
5.232000000000000051e-05
5.247999999999999898e-05
5.264000000000000422e-05
5.280000000000000269e-05
5.296000000000000116e-05
5.311999999999999963e-05
5.327999999999999810e-05
5.344000000000000334e-05
5.360000000000000181e-05
5.376000000000000028e-05
5.391999999999999875e-05
5.408000000000000399e-05
5.424000000000000246e-05
5.440000000000000093e-05
5.455999999999999939e-05
5.471999999999999786e-05
5.488000000000000311e-05
5.504000000000000158e-05
5.520000000000000004e-05
5.535999999999999851e-05
5.552000000000000376e-05
5.568000000000000222e-05
5.584000000000000069e-05
5.599999999999999916e-05
5.616000000000000440e-05
5.632000000000000287e-05
5.648000000000000134e-05
5.663999999999999981e-05
5.679999999999999828e-05
5.696000000000000352e-05
5.712000000000000199e-05
5.728000000000000046e-05
5.743999999999999893e-05
5.760000000000000417e-05
5.776000000000000264e-05
5.792000000000000111e-05
5.807999999999999957e-05
5.823999999999999804e-05
5.840000000000000329e-05
5.856000000000000175e-05
5.872000000000000022e-05
5.887999999999999869e-05
5.904000000000000394e-05
5.920000000000000240e-05
5.936000000000000087e-05
5.951999999999999934e-05
5.968000000000000458e-05
5.984000000000000305e-05
6.000000000000000152e-05
6.015999999999999999e-05
6.031999999999999846e-05
6.048000000000000370e-05
6.064000000000000217e-05
6.080000000000000064e-05
6.095999999999999910e-05
6.111999999999999757e-05
6.127999999999999604e-05
6.144000000000000806e-05
6.160000000000000653e-05
6.176000000000000500e-05
6.192000000000000347e-05
6.208000000000000193e-05
6.224000000000000040e-05
6.239999999999999887e-05
6.255999999999999734e-05
6.271999999999999581e-05
6.288000000000000783e-05
6.304000000000000630e-05
6.320000000000000476e-05
6.336000000000000323e-05
6.352000000000000170e-05
6.368000000000000017e-05
6.383999999999999864e-05
6.399999999999999710e-05
6.415999999999999557e-05
6.432000000000000759e-05
6.448000000000000606e-05
6.464000000000000453e-05
6.480000000000000300e-05
6.496000000000000147e-05
6.511999999999999993e-05
6.527999999999999840e-05
6.543999999999999687e-05
6.559999999999999534e-05
6.576000000000000736e-05
6.592000000000000583e-05
6.608000000000000429e-05
6.624000000000000276e-05
6.640000000000000123e-05
6.655999999999999970e-05
6.671999999999999817e-05
6.687999999999999663e-05
6.703999999999999510e-05
6.720000000000000712e-05
6.736000000000000559e-05
6.752000000000000406e-05
6.768000000000000253e-05
6.784000000000000100e-05
6.799999999999999946e-05
6.815999999999999793e-05
6.831999999999999640e-05
6.847999999999999487e-05
6.864000000000000689e-05
6.880000000000000536e-05
6.896000000000000383e-05
6.912000000000000229e-05
6.928000000000000076e-05
6.943999999999999923e-05
6.959999999999999770e-05
6.975999999999999617e-05
6.992000000000000819e-05
7.008000000000000665e-05
7.024000000000000512e-05
7.040000000000000359e-05
7.056000000000000206e-05
7.072000000000000053e-05
7.087999999999999899e-05
7.103999999999999746e-05
7.119999999999999593e-05
7.136000000000000795e-05
7.152000000000000642e-05
7.168000000000000489e-05
7.184000000000000336e-05
7.200000000000000182e-05
7.216000000000000029e-05
7.231999999999999876e-05
7.247999999999999723e-05
7.263999999999999570e-05
7.280000000000000772e-05
7.296000000000000619e-05
7.312000000000000465e-05
7.328000000000000312e-05
7.344000000000000159e-05
7.360000000000000006e-05
7.375999999999999853e-05
7.391999999999999699e-05
7.407999999999999546e-05
7.424000000000000748e-05
7.440000000000000595e-05
7.456000000000000442e-05
7.472000000000000289e-05
7.488000000000000135e-05
7.503999999999999982e-05
7.519999999999999829e-05
7.535999999999999676e-05
7.551999999999999523e-05
7.568000000000000725e-05
7.584000000000000572e-05
7.600000000000000418e-05
7.616000000000000265e-05
7.632000000000000112e-05
7.647999999999999959e-05
7.663999999999999806e-05
7.679999999999999652e-05
7.695999999999999499e-05
7.712000000000000701e-05
7.728000000000000548e-05
7.744000000000000395e-05
7.760000000000000242e-05
7.776000000000000089e-05
7.791999999999999935e-05
7.807999999999999782e-05
7.823999999999999629e-05
7.840000000000000831e-05
7.856000000000000678e-05
7.872000000000000525e-05
7.888000000000000372e-05
7.904000000000000218e-05
7.920000000000000065e-05
7.935999999999999912e-05
7.951999999999999759e-05
7.967999999999999606e-05
7.984000000000000808e-05
8.000000000000000654e-05
8.016000000000000501e-05
8.032000000000000348e-05
8.048000000000000195e-05
8.064000000000000042e-05
8.079999999999999888e-05
8.095999999999999735e-05
8.111999999999999582e-05
8.128000000000000784e-05
8.144000000000000631e-05
8.160000000000000478e-05
8.176000000000000325e-05
8.192000000000000171e-05
8.208000000000000018e-05
8.223999999999999865e-05
8.239999999999999712e-05
8.255999999999999559e-05
8.272000000000000761e-05
8.288000000000000608e-05
8.304000000000000454e-05
8.320000000000000301e-05
8.336000000000000148e-05
8.351999999999999995e-05
8.367999999999999842e-05
8.383999999999999688e-05
8.399999999999999535e-05
8.416000000000000737e-05
8.432000000000000584e-05
8.448000000000000431e-05
8.464000000000000278e-05
8.480000000000000124e-05
8.495999999999999971e-05
8.511999999999999818e-05
8.527999999999999665e-05
8.543999999999999512e-05
8.560000000000000714e-05
8.576000000000000561e-05
8.592000000000000407e-05
8.608000000000000254e-05
8.624000000000000101e-05
8.639999999999999948e-05
8.655999999999999795e-05
8.671999999999999641e-05
8.688000000000000844e-05
8.704000000000000690e-05
8.720000000000000537e-05
8.736000000000000384e-05
8.752000000000000231e-05
8.768000000000000078e-05
8.783999999999999924e-05
8.799999999999999771e-05
8.815999999999999618e-05
8.832000000000000820e-05
8.848000000000000667e-05
8.864000000000000514e-05
8.880000000000000360e-05
8.896000000000000207e-05
8.912000000000000054e-05
8.927999999999999901e-05
8.943999999999999748e-05
8.959999999999999595e-05
8.976000000000000797e-05
8.992000000000000643e-05
9.008000000000000490e-05
9.024000000000000337e-05
9.040000000000000184e-05
9.056000000000000031e-05
9.071999999999999877e-05
9.087999999999999724e-05
9.103999999999999571e-05
9.120000000000000773e-05
9.136000000000000620e-05
9.152000000000000467e-05
9.168000000000000314e-05
9.184000000000000160e-05
9.200000000000000007e-05
9.215999999999999854e-05
9.231999999999999701e-05
9.247999999999999548e-05
9.264000000000000750e-05
9.280000000000000597e-05
9.296000000000000443e-05
9.312000000000000290e-05
9.328000000000000137e-05
9.343999999999999984e-05
9.359999999999999831e-05
9.375999999999999677e-05
9.391999999999999524e-05
9.408000000000000726e-05
9.424000000000000573e-05
9.440000000000000420e-05
9.456000000000000267e-05
9.472000000000000113e-05
9.487999999999999960e-05
9.503999999999999807e-05
9.519999999999999654e-05
9.536000000000000856e-05
9.552000000000000703e-05
9.568000000000000550e-05
9.584000000000000396e-05
9.600000000000000243e-05
9.616000000000000090e-05
9.631999999999999937e-05
9.647999999999999784e-05
9.663999999999999630e-05
9.680000000000000833e-05
9.696000000000000679e-05
9.712000000000000526e-05
9.728000000000000373e-05
9.744000000000000220e-05
9.760000000000000067e-05
9.775999999999999913e-05
9.791999999999999760e-05
9.807999999999999607e-05
9.824000000000000809e-05
9.840000000000000656e-05
9.856000000000000503e-05
9.872000000000000349e-05
9.888000000000000196e-05
9.904000000000000043e-05
9.919999999999999890e-05
9.935999999999999737e-05
9.951999999999999584e-05
9.968000000000000786e-05
9.984000000000000632e-05
1.000000000000000048e-04
1.001600000000000033e-04
1.003200000000000017e-04
1.004800000000000002e-04
1.006399999999999987e-04
1.007999999999999971e-04
1.009599999999999956e-04
1.011200000000000076e-04
1.012800000000000061e-04
1.014400000000000046e-04
1.016000000000000030e-04
1.017600000000000015e-04
1.019200000000000000e-04
1.020799999999999984e-04
1.022399999999999969e-04
1.023999999999999954e-04
1.025600000000000074e-04
1.027200000000000059e-04
1.028800000000000043e-04
1.030400000000000028e-04
1.032000000000000013e-04
1.033599999999999997e-04
1.035199999999999982e-04
1.036799999999999967e-04
1.038400000000000087e-04
1.040000000000000072e-04
1.041600000000000056e-04
1.043200000000000041e-04
1.044800000000000026e-04
1.046400000000000010e-04
1.047999999999999995e-04
1.049599999999999980e-04
1.051199999999999964e-04
1.052800000000000084e-04
1.054400000000000069e-04
1.056000000000000054e-04
1.057600000000000039e-04
1.059200000000000023e-04
1.060800000000000008e-04
1.062399999999999993e-04
1.063999999999999977e-04
1.065599999999999962e-04
1.067200000000000082e-04
1.068800000000000067e-04
1.070400000000000052e-04
1.072000000000000036e-04
1.073600000000000021e-04
1.075200000000000006e-04
1.076799999999999990e-04
1.078399999999999975e-04
1.079999999999999960e-04
1.081600000000000080e-04
1.083200000000000064e-04
1.084800000000000049e-04
1.086400000000000034e-04
1.088000000000000019e-04
1.089600000000000003e-04
1.091199999999999988e-04
1.092799999999999973e-04
1.094399999999999957e-04
1.096000000000000077e-04
1.097600000000000062e-04
1.099200000000000047e-04
1.100800000000000032e-04
1.102400000000000016e-04
1.104000000000000001e-04
1.105599999999999986e-04
1.107199999999999970e-04
1.108800000000000090e-04
1.110400000000000075e-04
1.112000000000000060e-04
1.113600000000000044e-04
1.115200000000000029e-04
1.116800000000000014e-04
1.118399999999999999e-04
1.119999999999999983e-04
1.121599999999999968e-04
1.123200000000000088e-04
1.124800000000000073e-04
1.126400000000000057e-04
1.128000000000000042e-04
1.129600000000000027e-04
1.131200000000000011e-04
1.132799999999999996e-04
1.134399999999999981e-04
1.135999999999999966e-04
1.137600000000000086e-04
1.139200000000000070e-04
1.140800000000000055e-04
1.142400000000000040e-04
1.144000000000000024e-04
1.145600000000000009e-04
1.147199999999999994e-04
1.148799999999999979e-04
1.150399999999999963e-04
1.152000000000000083e-04
1.153600000000000068e-04
1.155200000000000053e-04
1.156800000000000037e-04
1.158400000000000022e-04
1.160000000000000007e-04
1.161599999999999991e-04
1.163199999999999976e-04
1.164799999999999961e-04
1.166400000000000081e-04
1.168000000000000066e-04
1.169600000000000050e-04
1.171200000000000035e-04
1.172800000000000020e-04
1.174400000000000004e-04
1.175999999999999989e-04
1.177599999999999974e-04
1.179199999999999958e-04
1.180800000000000079e-04
1.182400000000000063e-04
1.184000000000000048e-04
1.185600000000000033e-04
1.187200000000000017e-04
1.188800000000000002e-04
1.190399999999999987e-04
1.191999999999999971e-04
1.193600000000000092e-04
1.195200000000000076e-04
1.196800000000000061e-04
1.198400000000000046e-04
1.200000000000000030e-04
1.201600000000000015e-04
1.203200000000000000e-04
1.204799999999999984e-04
1.206399999999999969e-04
1.208000000000000089e-04
1.209600000000000074e-04
1.211200000000000059e-04
1.212800000000000043e-04
1.214400000000000028e-04
1.216000000000000013e-04
1.217599999999999997e-04
1.219199999999999982e-04
1.220799999999999967e-04
1.222399999999999951e-04
1.223999999999999936e-04
1.225599999999999921e-04
1.227199999999999906e-04
1.228800000000000161e-04
1.230400000000000146e-04
1.232000000000000131e-04
1.233600000000000115e-04
1.235200000000000100e-04
1.236800000000000085e-04
1.238400000000000069e-04
1.240000000000000054e-04
1.241600000000000039e-04
1.243200000000000023e-04
1.244800000000000008e-04
1.246399999999999993e-04
1.247999999999999977e-04
1.249599999999999962e-04
1.251199999999999947e-04
1.252799999999999931e-04
1.254399999999999916e-04
1.255999999999999901e-04
1.257600000000000157e-04
1.259200000000000141e-04
1.260800000000000126e-04
1.262400000000000111e-04
1.264000000000000095e-04
1.265600000000000080e-04
1.267200000000000065e-04
1.268800000000000049e-04
1.270400000000000034e-04
1.272000000000000019e-04
1.273600000000000003e-04
1.275199999999999988e-04
1.276799999999999973e-04
1.278399999999999957e-04
1.279999999999999942e-04
1.281599999999999927e-04
1.283199999999999911e-04
1.284799999999999896e-04
1.286400000000000152e-04
1.288000000000000137e-04
1.289600000000000121e-04
1.291200000000000106e-04
1.292800000000000091e-04
1.294400000000000075e-04
1.296000000000000060e-04
1.297600000000000045e-04
1.299200000000000029e-04
1.300800000000000014e-04
1.302399999999999999e-04
1.303999999999999983e-04
1.305599999999999968e-04
1.307199999999999953e-04
1.308799999999999937e-04
1.310399999999999922e-04
1.311999999999999907e-04
1.313600000000000162e-04
1.315200000000000147e-04
1.316800000000000132e-04
1.318400000000000117e-04
1.320000000000000101e-04
1.321600000000000086e-04
1.323200000000000071e-04
1.324800000000000055e-04
1.326400000000000040e-04
1.328000000000000025e-04
1.329600000000000009e-04
1.331199999999999994e-04
1.332799999999999979e-04
1.334399999999999963e-04
1.335999999999999948e-04
1.337599999999999933e-04
1.339199999999999917e-04
1.340799999999999902e-04
1.342400000000000158e-04
1.344000000000000142e-04
1.345600000000000127e-04
1.347200000000000112e-04
1.348800000000000097e-04
1.350400000000000081e-04
1.352000000000000066e-04
1.353600000000000051e-04
1.355200000000000035e-04
1.356800000000000020e-04
1.358400000000000005e-04
1.359999999999999989e-04
1.361599999999999974e-04
1.363199999999999959e-04
1.364799999999999943e-04
1.366399999999999928e-04
1.367999999999999913e-04
1.369599999999999897e-04
1.371200000000000153e-04
1.372800000000000138e-04
1.374400000000000122e-04
1.376000000000000107e-04
1.377600000000000092e-04
1.379200000000000077e-04
1.380800000000000061e-04
1.382400000000000046e-04
1.384000000000000031e-04
1.385600000000000015e-04
1.387200000000000000e-04
1.388799999999999985e-04
1.390399999999999969e-04
1.391999999999999954e-04
1.393599999999999939e-04
1.395199999999999923e-04
1.396799999999999908e-04
1.398400000000000164e-04
1.400000000000000148e-04
1.401600000000000133e-04
1.403200000000000118e-04
1.404800000000000102e-04
1.406400000000000087e-04
1.408000000000000072e-04
1.409600000000000056e-04
1.411200000000000041e-04
1.412800000000000026e-04
1.414400000000000011e-04
1.415999999999999995e-04
1.417599999999999980e-04
1.419199999999999965e-04
1.420799999999999949e-04
1.422399999999999934e-04
1.423999999999999919e-04
1.425599999999999903e-04
1.427200000000000159e-04
1.428800000000000144e-04
1.430400000000000128e-04
1.432000000000000113e-04
1.433600000000000098e-04
1.435200000000000082e-04
1.436800000000000067e-04
1.438400000000000052e-04
1.440000000000000036e-04
1.441600000000000021e-04
1.443200000000000006e-04
1.444799999999999991e-04
1.446399999999999975e-04
1.447999999999999960e-04
1.449599999999999945e-04
1.451199999999999929e-04
1.452799999999999914e-04
1.454399999999999899e-04
1.456000000000000154e-04
1.457600000000000139e-04
1.459200000000000124e-04
1.460800000000000108e-04
1.462400000000000093e-04
1.464000000000000078e-04
1.465600000000000062e-04
1.467200000000000047e-04
1.468800000000000032e-04
1.470400000000000016e-04
1.472000000000000001e-04
1.473599999999999986e-04
1.475199999999999971e-04
1.476799999999999955e-04
1.478399999999999940e-04
1.479999999999999925e-04
1.481599999999999909e-04
1.483200000000000165e-04
1.484800000000000150e-04
1.486400000000000134e-04
1.488000000000000119e-04
1.489600000000000104e-04
1.491200000000000088e-04
1.492800000000000073e-04
1.494400000000000058e-04
1.496000000000000042e-04
1.497600000000000027e-04
1.499200000000000012e-04
1.500799999999999996e-04
1.502399999999999981e-04
1.503999999999999966e-04
1.505599999999999951e-04
1.507199999999999935e-04
1.508799999999999920e-04
1.510399999999999905e-04
1.512000000000000160e-04
1.513600000000000145e-04
1.515200000000000130e-04
1.516800000000000114e-04
1.518400000000000099e-04
1.520000000000000084e-04
1.521600000000000068e-04
1.523200000000000053e-04
1.524800000000000038e-04
1.526400000000000022e-04
1.528000000000000007e-04
1.529599999999999992e-04
1.531199999999999976e-04
1.532799999999999961e-04
1.534399999999999946e-04
1.535999999999999930e-04
1.537599999999999915e-04
1.539199999999999900e-04
1.540800000000000156e-04
1.542400000000000140e-04
1.544000000000000125e-04
1.545600000000000110e-04
1.547200000000000094e-04
1.548800000000000079e-04
1.550400000000000064e-04
1.552000000000000048e-04
1.553600000000000033e-04
1.555200000000000018e-04
1.556800000000000002e-04
1.558399999999999987e-04
1.559999999999999972e-04
1.561599999999999956e-04
1.563199999999999941e-04
1.564799999999999926e-04
1.566399999999999910e-04
1.568000000000000166e-04
1.569600000000000151e-04
1.571200000000000136e-04
1.572800000000000120e-04
1.574400000000000105e-04
1.576000000000000090e-04
1.577600000000000074e-04
1.579200000000000059e-04
1.580800000000000044e-04
1.582400000000000028e-04
1.584000000000000013e-04
1.585599999999999998e-04
1.587199999999999982e-04
1.588799999999999967e-04
1.590399999999999952e-04
1.591999999999999936e-04
1.593599999999999921e-04
1.595199999999999906e-04
1.596800000000000162e-04
1.598400000000000146e-04
1.600000000000000131e-04
1.601600000000000116e-04
1.603200000000000100e-04
1.604800000000000085e-04
1.606400000000000070e-04
1.608000000000000054e-04
1.609600000000000039e-04
1.611200000000000024e-04
1.612800000000000008e-04
1.614399999999999993e-04
1.615999999999999978e-04
1.617599999999999962e-04
1.619199999999999947e-04
1.620799999999999932e-04
1.622399999999999916e-04
1.623999999999999901e-04
1.625600000000000157e-04
1.627200000000000142e-04
1.628800000000000126e-04
1.630400000000000111e-04
1.632000000000000096e-04
1.633600000000000080e-04
1.635200000000000065e-04
1.636800000000000050e-04
1.638400000000000034e-04
1.640000000000000019e-04
1.641600000000000004e-04
1.643199999999999988e-04
1.644799999999999973e-04
1.646399999999999958e-04
1.647999999999999942e-04
1.649599999999999927e-04
1.651199999999999912e-04
1.652800000000000167e-04
1.654400000000000152e-04
1.656000000000000137e-04
1.657600000000000122e-04
1.659200000000000106e-04
1.660800000000000091e-04
1.662400000000000076e-04
1.664000000000000060e-04
1.665600000000000045e-04
1.667200000000000030e-04
1.668800000000000014e-04
1.670399999999999999e-04
1.671999999999999984e-04
1.673599999999999968e-04
1.675199999999999953e-04
1.676799999999999938e-04
1.678399999999999922e-04
1.679999999999999907e-04
1.681600000000000163e-04
1.683200000000000147e-04
1.684800000000000132e-04
1.686400000000000117e-04
1.688000000000000101e-04
1.689600000000000086e-04
1.691200000000000071e-04
1.692800000000000056e-04
1.694400000000000040e-04
1.696000000000000025e-04
1.697600000000000010e-04
1.699199999999999994e-04
1.700799999999999979e-04
1.702399999999999964e-04
1.703999999999999948e-04
1.705599999999999933e-04
1.707199999999999918e-04
1.708799999999999902e-04
1.710400000000000158e-04
1.712000000000000143e-04
1.713600000000000127e-04
1.715200000000000112e-04
1.716800000000000097e-04
1.718400000000000081e-04
1.720000000000000066e-04
1.721600000000000051e-04
1.723200000000000036e-04
1.724800000000000020e-04
1.726400000000000005e-04
1.727999999999999990e-04
1.729599999999999974e-04
1.731199999999999959e-04
1.732799999999999944e-04
1.734399999999999928e-04
1.735999999999999913e-04
1.737600000000000169e-04
1.739200000000000153e-04
1.740800000000000138e-04
1.742400000000000123e-04
1.744000000000000107e-04
1.745600000000000092e-04
1.747200000000000077e-04
1.748800000000000061e-04
1.750400000000000046e-04
1.752000000000000031e-04
1.753600000000000016e-04
1.755200000000000000e-04
1.756799999999999985e-04
1.758399999999999970e-04
1.759999999999999954e-04
1.761599999999999939e-04
1.763199999999999924e-04
1.764799999999999908e-04
1.766400000000000164e-04
1.768000000000000149e-04
1.769600000000000133e-04
1.771200000000000118e-04
1.772800000000000103e-04
1.774400000000000087e-04
1.776000000000000072e-04
1.777600000000000057e-04
1.779200000000000041e-04
1.780800000000000026e-04
1.782400000000000011e-04
1.783999999999999996e-04
1.785599999999999980e-04
1.787199999999999965e-04
1.788799999999999950e-04
1.790399999999999934e-04
1.791999999999999919e-04
1.793599999999999904e-04
1.795200000000000159e-04
1.796800000000000144e-04
1.798400000000000129e-04
1.800000000000000113e-04
1.801600000000000098e-04
1.803200000000000083e-04
1.804800000000000067e-04
1.806400000000000052e-04
1.808000000000000037e-04
1.809600000000000021e-04
1.811200000000000006e-04
1.812799999999999991e-04
1.814399999999999975e-04
1.815999999999999960e-04
1.817599999999999945e-04
1.819199999999999930e-04
1.820799999999999914e-04
1.822400000000000170e-04
1.824000000000000155e-04
1.825600000000000139e-04
1.827200000000000124e-04
1.828800000000000109e-04
1.830400000000000093e-04
1.832000000000000078e-04
1.833600000000000063e-04
1.835200000000000047e-04
1.836800000000000032e-04
1.838400000000000017e-04
1.840000000000000001e-04
1.841599999999999986e-04
1.843199999999999971e-04
1.844799999999999955e-04
1.846399999999999940e-04
1.847999999999999925e-04
1.849599999999999910e-04
1.851200000000000165e-04
1.852800000000000150e-04
1.854400000000000135e-04
1.856000000000000119e-04
1.857600000000000104e-04
1.859200000000000089e-04
1.860800000000000073e-04
1.862400000000000058e-04
1.864000000000000043e-04
1.865600000000000027e-04
1.867200000000000012e-04
1.868799999999999997e-04
1.870399999999999981e-04
1.871999999999999966e-04
1.873599999999999951e-04
1.875199999999999935e-04
1.876799999999999920e-04
1.878399999999999905e-04
1.880000000000000161e-04
1.881600000000000145e-04
1.883200000000000130e-04
1.884800000000000115e-04
1.886400000000000099e-04
1.888000000000000084e-04
1.889600000000000069e-04
1.891200000000000053e-04
1.892800000000000038e-04
1.894400000000000023e-04
1.896000000000000007e-04
1.897599999999999992e-04
1.899199999999999977e-04
1.900799999999999961e-04
1.902399999999999946e-04
1.903999999999999931e-04
1.905599999999999915e-04
1.907200000000000171e-04
1.908800000000000156e-04
1.910400000000000141e-04
1.912000000000000125e-04
1.913600000000000110e-04
1.915200000000000095e-04
1.916800000000000079e-04
1.918400000000000064e-04
1.920000000000000049e-04
1.921600000000000033e-04
1.923200000000000018e-04
1.924800000000000003e-04
1.926399999999999987e-04
1.927999999999999972e-04
1.929599999999999957e-04
1.931199999999999941e-04
1.932799999999999926e-04
1.934399999999999911e-04
1.936000000000000167e-04
1.937600000000000151e-04
1.939200000000000136e-04
1.940800000000000121e-04
1.942400000000000105e-04
1.944000000000000090e-04
1.945600000000000075e-04
1.947200000000000059e-04
1.948800000000000044e-04
1.950400000000000029e-04
1.952000000000000013e-04
1.953599999999999998e-04
1.955199999999999983e-04
1.956799999999999967e-04
1.958399999999999952e-04
1.959999999999999937e-04
1.961599999999999921e-04
1.963199999999999906e-04
1.964800000000000162e-04
1.966400000000000146e-04
1.968000000000000131e-04
1.969600000000000116e-04
1.971200000000000101e-04
1.972800000000000085e-04
1.974400000000000070e-04
1.976000000000000055e-04
1.977600000000000039e-04
1.979200000000000024e-04
1.980800000000000009e-04
1.982399999999999993e-04
1.983999999999999978e-04
1.985599999999999963e-04
1.987199999999999947e-04
1.988799999999999932e-04
1.990399999999999917e-04
1.992000000000000172e-04
1.993600000000000157e-04
1.995200000000000142e-04
1.996800000000000126e-04
1.998400000000000111e-04
2.000000000000000096e-04
2.001600000000000081e-04
2.003200000000000065e-04
2.004800000000000050e-04
2.006400000000000035e-04
2.008000000000000019e-04
2.009600000000000004e-04
2.011199999999999989e-04
2.012799999999999973e-04
2.014399999999999958e-04
2.015999999999999943e-04
2.017599999999999927e-04
2.019199999999999912e-04
2.020800000000000168e-04
2.022400000000000152e-04
2.024000000000000137e-04
2.025600000000000122e-04
2.027200000000000106e-04
2.028800000000000091e-04
2.030400000000000076e-04
2.032000000000000061e-04
2.033600000000000045e-04
2.035200000000000030e-04
2.036800000000000015e-04
2.038399999999999999e-04
2.039999999999999984e-04
2.041599999999999969e-04
2.043199999999999953e-04
2.044799999999999938e-04
2.046399999999999923e-04
2.047999999999999907e-04
2.049600000000000163e-04
2.051200000000000148e-04
2.052800000000000132e-04
2.054400000000000117e-04
2.056000000000000102e-04
2.057600000000000086e-04
2.059200000000000071e-04
2.060800000000000056e-04
2.062400000000000041e-04
2.064000000000000025e-04
2.065600000000000010e-04
2.067199999999999995e-04
2.068799999999999979e-04
2.070399999999999964e-04
2.071999999999999949e-04
2.073599999999999933e-04
2.075199999999999918e-04
2.076800000000000174e-04
2.078400000000000158e-04
2.080000000000000143e-04
2.081600000000000128e-04
2.083200000000000112e-04
2.084800000000000097e-04
2.086400000000000082e-04
2.088000000000000066e-04
2.089600000000000051e-04
2.091200000000000036e-04
2.092800000000000020e-04
2.094400000000000005e-04
2.095999999999999990e-04
2.097599999999999975e-04
2.099199999999999959e-04
2.100799999999999944e-04
2.102399999999999929e-04
2.103999999999999913e-04
2.105600000000000169e-04
2.107200000000000154e-04
2.108800000000000138e-04
2.110400000000000123e-04
2.112000000000000108e-04
2.113600000000000092e-04
2.115200000000000077e-04
2.116800000000000062e-04
2.118400000000000046e-04
2.120000000000000031e-04
2.121600000000000016e-04
2.123200000000000000e-04
2.124799999999999985e-04
2.126399999999999970e-04
2.127999999999999955e-04
2.129599999999999939e-04
2.131199999999999924e-04
2.132800000000000180e-04
2.134400000000000164e-04
2.136000000000000149e-04
2.137600000000000134e-04
2.139200000000000118e-04
2.140800000000000103e-04
2.142400000000000088e-04
2.144000000000000072e-04
2.145600000000000057e-04
2.147200000000000042e-04
2.148800000000000026e-04
2.150400000000000011e-04
2.151999999999999996e-04
2.153599999999999980e-04
2.155199999999999965e-04
2.156799999999999950e-04
2.158399999999999935e-04
2.159999999999999919e-04
2.161600000000000175e-04
2.163200000000000160e-04
2.164800000000000144e-04
2.166400000000000129e-04
2.168000000000000114e-04
2.169600000000000098e-04
2.171200000000000083e-04
2.172800000000000068e-04
2.174400000000000052e-04
2.176000000000000037e-04
2.177600000000000022e-04
2.179200000000000006e-04
2.180799999999999991e-04
2.182399999999999976e-04
2.183999999999999960e-04
2.185599999999999945e-04
2.187199999999999930e-04
2.188799999999999915e-04
2.190400000000000170e-04
2.192000000000000155e-04
2.193600000000000140e-04
2.195200000000000124e-04
2.196800000000000109e-04
2.198400000000000094e-04
2.200000000000000078e-04
2.201600000000000063e-04
2.203200000000000048e-04
2.204800000000000032e-04
2.206400000000000017e-04
2.208000000000000002e-04
2.209599999999999986e-04
2.211199999999999971e-04
2.212799999999999956e-04
2.214399999999999940e-04
2.215999999999999925e-04
2.217600000000000181e-04
2.219200000000000166e-04
2.220800000000000150e-04
2.222400000000000135e-04
2.224000000000000120e-04
2.225600000000000104e-04
2.227200000000000089e-04
2.228800000000000074e-04
2.230400000000000058e-04
2.232000000000000043e-04
2.233600000000000028e-04
2.235200000000000012e-04
2.236799999999999997e-04
2.238399999999999982e-04
2.239999999999999966e-04
2.241599999999999951e-04
2.243199999999999936e-04
2.244799999999999920e-04
2.246400000000000176e-04
2.248000000000000161e-04
2.249600000000000146e-04
2.251200000000000130e-04
2.252800000000000115e-04
2.254400000000000100e-04
2.256000000000000084e-04
2.257600000000000069e-04
2.259200000000000054e-04
2.260800000000000038e-04
2.262400000000000023e-04
2.264000000000000008e-04
2.265599999999999992e-04
2.267199999999999977e-04
2.268799999999999962e-04
2.270399999999999946e-04
2.271999999999999931e-04
2.273599999999999916e-04
2.275200000000000171e-04
2.276800000000000156e-04
2.278400000000000141e-04
2.280000000000000126e-04
2.281600000000000110e-04
2.283200000000000095e-04
2.284800000000000080e-04
2.286400000000000064e-04
2.288000000000000049e-04
2.289600000000000034e-04
2.291200000000000018e-04
2.292800000000000003e-04
2.294399999999999988e-04
2.295999999999999972e-04
2.297599999999999957e-04
2.299199999999999942e-04
2.300799999999999926e-04
2.302400000000000182e-04
2.304000000000000167e-04
2.305600000000000151e-04
2.307200000000000136e-04
2.308800000000000121e-04
2.310400000000000106e-04
2.312000000000000090e-04
2.313600000000000075e-04
2.315200000000000060e-04
2.316800000000000044e-04
2.318400000000000029e-04
2.320000000000000014e-04
2.321599999999999998e-04
2.323199999999999983e-04
2.324799999999999968e-04
2.326399999999999952e-04
2.327999999999999937e-04
2.329599999999999922e-04
2.331200000000000177e-04
2.332800000000000162e-04
2.334400000000000147e-04
2.336000000000000131e-04
2.337600000000000116e-04
2.339200000000000101e-04
2.340800000000000086e-04
2.342400000000000070e-04
2.344000000000000055e-04
2.345600000000000040e-04
2.347200000000000024e-04
2.348800000000000009e-04
2.350399999999999994e-04
2.351999999999999978e-04
2.353599999999999963e-04
2.355199999999999948e-04
2.356799999999999932e-04
2.358399999999999917e-04
2.360000000000000173e-04
2.361600000000000157e-04
2.363200000000000142e-04
2.364800000000000127e-04
2.366400000000000111e-04
2.368000000000000096e-04
2.369600000000000081e-04
2.371200000000000065e-04
2.372800000000000050e-04
2.374400000000000035e-04
2.376000000000000020e-04
2.377600000000000004e-04
2.379199999999999989e-04
2.380799999999999974e-04
2.382399999999999958e-04
2.383999999999999943e-04
2.385599999999999928e-04
2.387200000000000183e-04
2.388800000000000168e-04
2.390400000000000153e-04
2.392000000000000137e-04
2.393600000000000122e-04
2.395200000000000107e-04
2.396800000000000091e-04
2.398400000000000076e-04
2.400000000000000061e-04
2.401600000000000045e-04
2.403200000000000030e-04
2.404800000000000015e-04
2.406400000000000000e-04
2.407999999999999984e-04
2.409599999999999969e-04
2.411199999999999954e-04
2.412799999999999938e-04
2.414399999999999923e-04
2.416000000000000179e-04
2.417600000000000163e-04
2.419200000000000148e-04
2.420800000000000133e-04
2.422400000000000117e-04
2.424000000000000102e-04
2.425600000000000087e-04
2.427200000000000071e-04
2.428800000000000056e-04
2.430400000000000041e-04
2.432000000000000025e-04
2.433600000000000010e-04
2.435199999999999995e-04
2.436799999999999980e-04
2.438399999999999964e-04
2.439999999999999949e-04
2.441599999999999934e-04
2.443200000000000189e-04
2.444799999999999903e-04
2.446400000000000159e-04
2.447999999999999872e-04
2.449600000000000128e-04
2.451199999999999842e-04
2.452800000000000097e-04
2.454399999999999811e-04
2.456000000000000067e-04
2.457600000000000322e-04
2.459200000000000036e-04
2.460800000000000292e-04
2.462400000000000005e-04
2.464000000000000261e-04
2.465599999999999975e-04
2.467200000000000231e-04
2.468799999999999944e-04
2.470400000000000200e-04
2.471999999999999914e-04
2.473600000000000169e-04
2.475199999999999883e-04
2.476800000000000139e-04
2.478399999999999852e-04
2.480000000000000108e-04
2.481599999999999822e-04
2.483200000000000077e-04
2.484799999999999791e-04
2.486400000000000047e-04
2.488000000000000302e-04
2.489600000000000016e-04
2.491200000000000272e-04
2.492799999999999985e-04
2.494400000000000241e-04
2.495999999999999955e-04
2.497600000000000211e-04
2.499199999999999924e-04
2.500800000000000180e-04
2.502399999999999894e-04
2.504000000000000149e-04
2.505599999999999863e-04
2.507200000000000119e-04
2.508799999999999832e-04
2.510400000000000088e-04
2.511999999999999802e-04
2.513600000000000057e-04
2.515200000000000313e-04
2.516800000000000027e-04
2.518400000000000282e-04
2.519999999999999996e-04
2.521600000000000252e-04
2.523199999999999965e-04
2.524800000000000221e-04
2.526399999999999935e-04
2.528000000000000191e-04
2.529599999999999904e-04
2.531200000000000160e-04
2.532799999999999874e-04
2.534400000000000129e-04
2.535999999999999843e-04
2.537600000000000099e-04
2.539199999999999812e-04
2.540800000000000068e-04
2.542400000000000324e-04
2.544000000000000037e-04
2.545600000000000293e-04
2.547200000000000007e-04
2.548800000000000262e-04
2.550399999999999976e-04
2.552000000000000232e-04
2.553599999999999945e-04
2.555200000000000201e-04
2.556799999999999915e-04
2.558400000000000171e-04
2.559999999999999884e-04
2.561600000000000140e-04
2.563199999999999854e-04
2.564800000000000109e-04
2.566399999999999823e-04
2.568000000000000079e-04
2.569599999999999792e-04
2.571200000000000048e-04
2.572800000000000304e-04
2.574400000000000017e-04
2.576000000000000273e-04
2.577599999999999987e-04
2.579200000000000242e-04
2.580799999999999956e-04
2.582400000000000212e-04
2.583999999999999925e-04
2.585600000000000181e-04
2.587199999999999895e-04
2.588800000000000151e-04
2.590399999999999864e-04
2.592000000000000120e-04
2.593599999999999834e-04
2.595200000000000089e-04
2.596799999999999803e-04
2.598400000000000059e-04
2.600000000000000314e-04
2.601600000000000028e-04
2.603200000000000284e-04
2.604799999999999997e-04
2.606400000000000253e-04
2.607999999999999967e-04
2.609600000000000222e-04
2.611199999999999936e-04
2.612800000000000192e-04
2.614399999999999905e-04
2.616000000000000161e-04
2.617599999999999875e-04
2.619200000000000131e-04
2.620799999999999844e-04
2.622400000000000100e-04
2.623999999999999813e-04
2.625600000000000069e-04
2.627200000000000325e-04
2.628800000000000039e-04
2.630400000000000294e-04
2.632000000000000008e-04
2.633600000000000264e-04
2.635199999999999977e-04
2.636800000000000233e-04
2.638399999999999947e-04
2.640000000000000202e-04
2.641599999999999916e-04
2.643200000000000172e-04
2.644799999999999885e-04
2.646400000000000141e-04
2.647999999999999855e-04
2.649600000000000110e-04
2.651199999999999824e-04
2.652800000000000080e-04
2.654399999999999793e-04
2.656000000000000049e-04
2.657600000000000305e-04
2.659200000000000019e-04
2.660800000000000274e-04
2.662399999999999988e-04
2.664000000000000244e-04
2.665599999999999957e-04
2.667200000000000213e-04
2.668799999999999927e-04
2.670400000000000182e-04
2.671999999999999896e-04
2.673600000000000152e-04
2.675199999999999865e-04
2.676800000000000121e-04
2.678399999999999835e-04
2.680000000000000090e-04
2.681599999999999804e-04
2.683200000000000060e-04
2.684800000000000316e-04
2.686400000000000029e-04
2.688000000000000285e-04
2.689599999999999999e-04
2.691200000000000254e-04
2.692799999999999968e-04
2.694400000000000224e-04
2.695999999999999937e-04
2.697600000000000193e-04
2.699199999999999907e-04
2.700800000000000162e-04
2.702399999999999876e-04
2.704000000000000132e-04
2.705599999999999845e-04
2.707200000000000101e-04
2.708799999999999815e-04
2.710400000000000070e-04
2.712000000000000326e-04
2.713600000000000040e-04
2.715200000000000296e-04
2.716800000000000009e-04
2.718400000000000265e-04
2.719999999999999979e-04
2.721600000000000234e-04
2.723199999999999948e-04
2.724800000000000204e-04
2.726399999999999917e-04
2.728000000000000173e-04
2.729599999999999887e-04
2.731200000000000142e-04
2.732799999999999856e-04
2.734400000000000112e-04
2.735999999999999825e-04
2.737600000000000081e-04
2.739199999999999795e-04
2.740800000000000050e-04
2.742400000000000306e-04
2.744000000000000020e-04
2.745600000000000276e-04
2.747199999999999989e-04
2.748800000000000245e-04
2.750399999999999959e-04
2.752000000000000214e-04
2.753599999999999928e-04
2.755200000000000184e-04
2.756799999999999897e-04
2.758400000000000153e-04
2.759999999999999867e-04
2.761600000000000122e-04
2.763199999999999836e-04
2.764800000000000092e-04
2.766399999999999805e-04
2.768000000000000061e-04
2.769600000000000317e-04
2.771200000000000030e-04
2.772800000000000286e-04
2.774400000000000000e-04
2.776000000000000256e-04
2.777599999999999969e-04
2.779200000000000225e-04
2.780799999999999939e-04
2.782400000000000194e-04
2.783999999999999908e-04
2.785600000000000164e-04
2.787199999999999877e-04
2.788800000000000133e-04
2.790399999999999847e-04
2.792000000000000102e-04
2.793599999999999816e-04
2.795200000000000072e-04
2.796800000000000327e-04
2.798400000000000041e-04
2.800000000000000297e-04
2.801600000000000010e-04
2.803200000000000266e-04
2.804799999999999980e-04
2.806400000000000236e-04
2.807999999999999949e-04
2.809600000000000205e-04
2.811199999999999919e-04
2.812800000000000174e-04
2.814399999999999888e-04
2.816000000000000144e-04
2.817599999999999857e-04
2.819200000000000113e-04
2.820799999999999827e-04
2.822400000000000082e-04
2.823999999999999796e-04
2.825600000000000052e-04
2.827200000000000307e-04
2.828800000000000021e-04
2.830400000000000277e-04
2.831999999999999990e-04
2.833600000000000246e-04
2.835199999999999960e-04
2.836800000000000216e-04
2.838399999999999929e-04
2.840000000000000185e-04
2.841599999999999899e-04
2.843200000000000154e-04
2.844799999999999868e-04
2.846400000000000124e-04
2.847999999999999837e-04
2.849600000000000093e-04
2.851199999999999807e-04
2.852800000000000062e-04
2.854400000000000318e-04
2.856000000000000032e-04
2.857600000000000287e-04
2.859200000000000001e-04
2.860800000000000257e-04
2.862399999999999970e-04
2.864000000000000226e-04
2.865599999999999940e-04
2.867200000000000196e-04
2.868799999999999909e-04
2.870400000000000165e-04
2.871999999999999879e-04
2.873600000000000134e-04
2.875199999999999848e-04
2.876800000000000104e-04
2.878399999999999817e-04
2.880000000000000073e-04
2.881600000000000329e-04
2.883200000000000042e-04
2.884800000000000298e-04
2.886400000000000012e-04
2.888000000000000267e-04
2.889599999999999981e-04
2.891200000000000237e-04
2.892799999999999950e-04
2.894400000000000206e-04
2.895999999999999920e-04
2.897600000000000176e-04
2.899199999999999889e-04
2.900800000000000145e-04
2.902399999999999858e-04
2.904000000000000114e-04
2.905599999999999828e-04
2.907200000000000084e-04
2.908799999999999797e-04
2.910400000000000053e-04
2.912000000000000309e-04
2.913600000000000022e-04
2.915200000000000278e-04
2.916799999999999992e-04
2.918400000000000247e-04
2.919999999999999961e-04
2.921600000000000217e-04
2.923199999999999930e-04
2.924800000000000186e-04
2.926399999999999900e-04
2.928000000000000155e-04
2.929599999999999869e-04
2.931200000000000125e-04
2.932799999999999838e-04
2.934400000000000094e-04
2.935999999999999808e-04
2.937600000000000064e-04
2.939200000000000319e-04
2.940800000000000033e-04
2.942400000000000289e-04
2.944000000000000002e-04
2.945600000000000258e-04
2.947199999999999972e-04
2.948800000000000227e-04
2.950399999999999941e-04
2.952000000000000197e-04
2.953599999999999910e-04
2.955200000000000166e-04
2.956799999999999880e-04
2.958400000000000135e-04
2.959999999999999849e-04
2.961600000000000105e-04
2.963199999999999818e-04
2.964800000000000074e-04
2.966400000000000330e-04
2.968000000000000044e-04
2.969600000000000299e-04
2.971200000000000013e-04
2.972800000000000269e-04
2.974399999999999982e-04
2.976000000000000238e-04
2.977599999999999952e-04
2.979200000000000207e-04
2.980799999999999921e-04
2.982400000000000177e-04
2.983999999999999890e-04
2.985600000000000146e-04
2.987199999999999860e-04
2.988800000000000115e-04
2.990399999999999829e-04
2.992000000000000085e-04
2.993599999999999798e-04
2.995200000000000054e-04
2.996800000000000310e-04
2.998400000000000024e-04
3.000000000000000279e-04
3.001599999999999993e-04
3.003200000000000249e-04
3.004799999999999962e-04
3.006400000000000218e-04
3.007999999999999932e-04
3.009600000000000187e-04
3.011199999999999901e-04
3.012800000000000157e-04
3.014399999999999870e-04
3.016000000000000126e-04
3.017599999999999840e-04
3.019200000000000095e-04
3.020799999999999809e-04
3.022400000000000065e-04
3.024000000000000321e-04
3.025600000000000034e-04
3.027200000000000290e-04
3.028800000000000004e-04
3.030400000000000259e-04
3.031999999999999973e-04
3.033600000000000229e-04
3.035199999999999942e-04
3.036800000000000198e-04
3.038399999999999912e-04
3.040000000000000167e-04
3.041599999999999881e-04
3.043200000000000137e-04
3.044799999999999850e-04
3.046400000000000106e-04
3.047999999999999820e-04
3.049600000000000075e-04
3.051200000000000331e-04
3.052800000000000045e-04
3.054400000000000301e-04
3.056000000000000014e-04
3.057600000000000270e-04
3.059199999999999984e-04
3.060800000000000239e-04
3.062399999999999953e-04
3.064000000000000209e-04
3.065599999999999922e-04
3.067200000000000178e-04
3.068799999999999892e-04
3.070400000000000147e-04
3.071999999999999861e-04
3.073600000000000117e-04
3.075199999999999830e-04
3.076800000000000086e-04
3.078399999999999800e-04
3.080000000000000055e-04
3.081600000000000311e-04
3.083200000000000025e-04
3.084800000000000281e-04
3.086399999999999994e-04
3.088000000000000250e-04
3.089599999999999964e-04
3.091200000000000219e-04
3.092799999999999933e-04
3.094400000000000189e-04
3.095999999999999902e-04
3.097600000000000158e-04
3.099199999999999872e-04
3.100800000000000127e-04
3.102399999999999841e-04
3.104000000000000097e-04
3.105599999999999810e-04
3.107200000000000066e-04
3.108800000000000322e-04
3.110400000000000035e-04
3.112000000000000291e-04
3.113600000000000005e-04
3.115200000000000261e-04
3.116799999999999974e-04
3.118400000000000230e-04
3.119999999999999944e-04
3.121600000000000199e-04
3.123199999999999913e-04
3.124800000000000169e-04
3.126399999999999882e-04
3.128000000000000138e-04
3.129599999999999852e-04
3.131200000000000107e-04
3.132799999999999821e-04
3.134400000000000077e-04
3.136000000000000332e-04
3.137600000000000046e-04
3.139200000000000302e-04
3.140800000000000015e-04
3.142400000000000271e-04
3.143999999999999985e-04
3.145600000000000241e-04
3.147199999999999954e-04
3.148800000000000210e-04
3.150399999999999924e-04
3.152000000000000179e-04
3.153599999999999893e-04
3.155200000000000149e-04
3.156799999999999862e-04
3.158400000000000118e-04
3.159999999999999832e-04
3.161600000000000087e-04
3.163199999999999801e-04
3.164800000000000057e-04
3.166400000000000312e-04
3.168000000000000026e-04
3.169600000000000282e-04
3.171199999999999995e-04
3.172800000000000251e-04
3.174399999999999965e-04
3.176000000000000221e-04
3.177599999999999934e-04
3.179200000000000190e-04
3.180799999999999903e-04
3.182400000000000159e-04
3.183999999999999873e-04
3.185600000000000129e-04
3.187199999999999842e-04
3.188800000000000098e-04
3.190399999999999812e-04
3.192000000000000067e-04
3.193600000000000323e-04
3.195200000000000037e-04
3.196800000000000292e-04
3.198400000000000006e-04
3.200000000000000262e-04
3.201599999999999975e-04
3.203200000000000231e-04
3.204799999999999945e-04
3.206400000000000200e-04
3.207999999999999914e-04
3.209600000000000170e-04
3.211199999999999883e-04
3.212800000000000139e-04
3.214399999999999853e-04
3.216000000000000109e-04
3.217599999999999822e-04
3.219200000000000078e-04
3.220800000000000334e-04
3.222400000000000047e-04
3.224000000000000303e-04
3.225600000000000017e-04
3.227200000000000272e-04
3.228799999999999986e-04
3.230400000000000242e-04
3.231999999999999955e-04
3.233600000000000211e-04
3.235199999999999925e-04
3.236800000000000180e-04
3.238399999999999894e-04
3.240000000000000150e-04
3.241599999999999863e-04
3.243200000000000119e-04
3.244799999999999833e-04
3.246400000000000089e-04
3.247999999999999802e-04
3.249600000000000058e-04
3.251200000000000314e-04
3.252800000000000027e-04
3.254400000000000283e-04
3.255999999999999997e-04
3.257600000000000252e-04
3.259199999999999966e-04
3.260800000000000222e-04
3.262399999999999935e-04
3.264000000000000191e-04
3.265599999999999905e-04
3.267200000000000160e-04
3.268799999999999874e-04
3.270400000000000130e-04
3.271999999999999843e-04
3.273600000000000099e-04
3.275199999999999813e-04
3.276800000000000069e-04
3.278400000000000324e-04
3.280000000000000038e-04
3.281600000000000294e-04
3.283200000000000007e-04
3.284800000000000263e-04
3.286399999999999977e-04
3.288000000000000232e-04
3.289599999999999946e-04
3.291200000000000202e-04
3.292799999999999915e-04
3.294400000000000171e-04
3.295999999999999885e-04
3.297600000000000140e-04
3.299199999999999854e-04
3.300800000000000110e-04
3.302399999999999823e-04
3.304000000000000079e-04
3.305600000000000335e-04
3.307200000000000049e-04
3.308800000000000304e-04
3.310400000000000018e-04
3.312000000000000274e-04
3.313599999999999987e-04
3.315200000000000243e-04
3.316799999999999957e-04
3.318400000000000212e-04
3.319999999999999926e-04
3.321600000000000182e-04
3.323199999999999895e-04
3.324800000000000151e-04
3.326399999999999865e-04
3.328000000000000120e-04
3.329599999999999834e-04
3.331200000000000090e-04
3.332799999999999803e-04
3.334400000000000059e-04
3.336000000000000315e-04
3.337600000000000029e-04
3.339200000000000284e-04
3.340799999999999998e-04
3.342400000000000254e-04
3.343999999999999967e-04
3.345600000000000223e-04
3.347199999999999937e-04
3.348800000000000192e-04
3.350399999999999906e-04
3.352000000000000162e-04
3.353599999999999875e-04
3.355200000000000131e-04
3.356799999999999845e-04
3.358400000000000100e-04
3.359999999999999814e-04
3.361600000000000070e-04
3.363200000000000326e-04
3.364800000000000039e-04
3.366400000000000295e-04
3.368000000000000009e-04
3.369600000000000264e-04
3.371199999999999978e-04
3.372800000000000234e-04
3.374399999999999947e-04
3.376000000000000203e-04
3.377599999999999917e-04
3.379200000000000172e-04
3.380799999999999886e-04
3.382400000000000142e-04
3.383999999999999855e-04
3.385600000000000111e-04
3.387199999999999825e-04
3.388800000000000080e-04
3.390400000000000336e-04
3.392000000000000050e-04
3.393600000000000306e-04
3.395200000000000019e-04
3.396800000000000275e-04
3.398399999999999989e-04
3.400000000000000244e-04
3.401599999999999958e-04
3.403200000000000214e-04
3.404799999999999927e-04
3.406400000000000183e-04
3.407999999999999897e-04
3.409600000000000152e-04
3.411199999999999866e-04
3.412800000000000122e-04
3.414399999999999835e-04
3.416000000000000091e-04
3.417599999999999805e-04
3.419200000000000060e-04
3.420800000000000316e-04
3.422400000000000030e-04
3.424000000000000286e-04
3.425599999999999999e-04
3.427200000000000255e-04
3.428799999999999969e-04
3.430400000000000224e-04
3.431999999999999938e-04
3.433600000000000194e-04
3.435199999999999907e-04
3.436800000000000163e-04
3.438399999999999877e-04
3.440000000000000132e-04
3.441599999999999846e-04
3.443200000000000102e-04
3.444799999999999815e-04
3.446400000000000071e-04
3.448000000000000327e-04
3.449600000000000040e-04
3.451200000000000296e-04
3.452800000000000010e-04
3.454400000000000266e-04
3.455999999999999979e-04
3.457600000000000235e-04
3.459199999999999948e-04
3.460800000000000204e-04
3.462399999999999918e-04
3.464000000000000174e-04
3.465599999999999887e-04
3.467200000000000143e-04
3.468799999999999857e-04
3.470400000000000112e-04
3.471999999999999826e-04
3.473600000000000082e-04
3.475200000000000337e-04
3.476800000000000051e-04
3.478400000000000307e-04
3.480000000000000020e-04
3.481600000000000276e-04
3.483199999999999990e-04
3.484800000000000245e-04
3.486399999999999959e-04
3.488000000000000215e-04
3.489599999999999928e-04
3.491200000000000184e-04
3.492799999999999898e-04
3.494400000000000154e-04
3.495999999999999867e-04
3.497600000000000123e-04
3.499199999999999837e-04
3.500800000000000092e-04
3.502399999999999806e-04
3.504000000000000062e-04
3.505600000000000317e-04
3.507200000000000031e-04
3.508800000000000287e-04
3.510400000000000000e-04
3.512000000000000256e-04
3.513599999999999970e-04
3.515200000000000225e-04
3.516799999999999939e-04
3.518400000000000195e-04
3.519999999999999908e-04
3.521600000000000164e-04
3.523199999999999878e-04
3.524800000000000134e-04
3.526399999999999847e-04
3.528000000000000103e-04
3.529599999999999817e-04
3.531200000000000072e-04
3.532800000000000328e-04
3.534400000000000042e-04
3.536000000000000297e-04
3.537600000000000011e-04
3.539200000000000267e-04
3.540799999999999980e-04
3.542400000000000236e-04
3.543999999999999950e-04
3.545600000000000205e-04
3.547199999999999919e-04
3.548800000000000175e-04
3.550399999999999888e-04
3.552000000000000144e-04
3.553599999999999858e-04
3.555200000000000114e-04
3.556799999999999827e-04
3.558400000000000083e-04
3.560000000000000339e-04
3.561600000000000052e-04
3.563200000000000308e-04
3.564800000000000022e-04
3.566400000000000277e-04
3.567999999999999991e-04
3.569600000000000247e-04
3.571199999999999960e-04
3.572800000000000216e-04
3.574399999999999930e-04
3.576000000000000185e-04
3.577599999999999899e-04
3.579200000000000155e-04
3.580799999999999868e-04
3.582400000000000124e-04
3.583999999999999838e-04
3.585600000000000094e-04
3.587199999999999807e-04
3.588800000000000063e-04
3.590400000000000319e-04
3.592000000000000032e-04
3.593600000000000288e-04
3.595200000000000002e-04
3.596800000000000257e-04
3.598399999999999971e-04
3.600000000000000227e-04
3.601599999999999940e-04
3.603200000000000196e-04
3.604799999999999910e-04
3.606400000000000165e-04
3.607999999999999879e-04
3.609600000000000135e-04
3.611199999999999848e-04
3.612800000000000104e-04
3.614399999999999818e-04
3.616000000000000074e-04
3.617600000000000329e-04
3.619200000000000043e-04
3.620800000000000299e-04
3.622400000000000012e-04
3.624000000000000268e-04
3.625599999999999982e-04
3.627200000000000237e-04
3.628799999999999951e-04
3.630400000000000207e-04
3.631999999999999920e-04
3.633600000000000176e-04
3.635199999999999890e-04
3.636800000000000145e-04
3.638399999999999859e-04
3.640000000000000115e-04
3.641599999999999828e-04
3.643200000000000084e-04
3.644800000000000340e-04
3.646400000000000054e-04
3.648000000000000309e-04
3.649600000000000023e-04
3.651200000000000279e-04
3.652799999999999992e-04
3.654400000000000248e-04
3.655999999999999962e-04
3.657600000000000217e-04
3.659199999999999931e-04
3.660800000000000187e-04
3.662399999999999900e-04
3.664000000000000156e-04
3.665599999999999870e-04
3.667200000000000125e-04
3.668799999999999839e-04
3.670400000000000095e-04
3.671999999999999808e-04
3.673600000000000064e-04
3.675200000000000320e-04
3.676800000000000034e-04
3.678400000000000289e-04
3.680000000000000003e-04
3.681600000000000259e-04
3.683199999999999972e-04
3.684800000000000228e-04
3.686399999999999942e-04
3.688000000000000197e-04
3.689599999999999911e-04
3.691200000000000167e-04
3.692799999999999880e-04
3.694400000000000136e-04
3.695999999999999850e-04
3.697600000000000105e-04
3.699199999999999819e-04
3.700800000000000075e-04
3.702400000000000331e-04
3.704000000000000044e-04
3.705600000000000300e-04
3.707200000000000014e-04
3.708800000000000269e-04
3.710399999999999983e-04
3.712000000000000239e-04
3.713599999999999952e-04
3.715200000000000208e-04
3.716799999999999922e-04
3.718400000000000177e-04
3.719999999999999891e-04
3.721600000000000147e-04
3.723199999999999860e-04
3.724800000000000116e-04
3.726399999999999830e-04
3.728000000000000085e-04
3.729600000000000341e-04
3.731200000000000055e-04
3.732800000000000311e-04
3.734400000000000024e-04
3.736000000000000280e-04
3.737599999999999993e-04
3.739200000000000249e-04
3.740799999999999963e-04
3.742400000000000219e-04
3.743999999999999932e-04
3.745600000000000188e-04
3.747199999999999902e-04
3.748800000000000157e-04
3.750399999999999871e-04
3.752000000000000127e-04
3.753599999999999840e-04
3.755200000000000096e-04
3.756799999999999810e-04
3.758400000000000065e-04
3.760000000000000321e-04
3.761600000000000035e-04
3.763200000000000290e-04
3.764800000000000004e-04
3.766400000000000260e-04
3.767999999999999973e-04
3.769600000000000229e-04
3.771199999999999943e-04
3.772800000000000199e-04
3.774399999999999912e-04
3.776000000000000168e-04
3.777599999999999882e-04
3.779200000000000137e-04
3.780799999999999851e-04
3.782400000000000107e-04
3.783999999999999820e-04
3.785600000000000076e-04
3.787200000000000332e-04
3.788800000000000045e-04
3.790400000000000301e-04
3.792000000000000015e-04
3.793600000000000270e-04
3.795199999999999984e-04
3.796800000000000240e-04
3.798399999999999953e-04
3.800000000000000209e-04
3.801599999999999923e-04
3.803200000000000179e-04
3.804799999999999892e-04
3.806400000000000148e-04
3.807999999999999862e-04
3.809600000000000117e-04
3.811199999999999831e-04
3.812800000000000087e-04
3.814400000000000342e-04
3.816000000000000056e-04
3.817600000000000312e-04
3.819200000000000025e-04
3.820800000000000281e-04
3.822399999999999995e-04
3.824000000000000250e-04
3.825599999999999964e-04
3.827200000000000220e-04
3.828799999999999933e-04
3.830400000000000189e-04
3.831999999999999903e-04
3.833600000000000159e-04
3.835199999999999872e-04
3.836800000000000128e-04
3.838399999999999842e-04
3.840000000000000097e-04
3.841599999999999811e-04
3.843200000000000067e-04
3.844800000000000322e-04
3.846400000000000036e-04
3.848000000000000292e-04
3.849600000000000005e-04
3.851200000000000261e-04
3.852799999999999975e-04
3.854400000000000230e-04
3.855999999999999944e-04
3.857600000000000200e-04
3.859199999999999913e-04
3.860800000000000169e-04
3.862399999999999883e-04
3.864000000000000139e-04
3.865599999999999852e-04
3.867200000000000108e-04
3.868799999999999822e-04
3.870400000000000077e-04
3.872000000000000333e-04
3.873600000000000047e-04
3.875200000000000302e-04
3.876800000000000016e-04
3.878400000000000272e-04
3.879999999999999985e-04
3.881600000000000241e-04
3.883199999999999955e-04
3.884800000000000210e-04
3.886399999999999924e-04
3.888000000000000180e-04
3.889599999999999893e-04
3.891200000000000149e-04
3.892799999999999863e-04
3.894400000000000119e-04
3.895999999999999832e-04
3.897600000000000088e-04
3.899200000000000344e-04
3.900800000000000057e-04
3.902400000000000313e-04
3.904000000000000027e-04
3.905600000000000282e-04
3.907199999999999996e-04
3.908800000000000252e-04
3.910399999999999965e-04
3.912000000000000221e-04
3.913599999999999935e-04
3.915200000000000190e-04
3.916799999999999904e-04
3.918400000000000160e-04
3.919999999999999873e-04
3.921600000000000129e-04
3.923199999999999843e-04
3.924800000000000099e-04
3.926399999999999812e-04
3.928000000000000068e-04
3.929600000000000324e-04
3.931200000000000037e-04
3.932800000000000293e-04
3.934400000000000007e-04
3.936000000000000262e-04
3.937599999999999976e-04
3.939200000000000232e-04
3.940799999999999945e-04
3.942400000000000201e-04
3.943999999999999915e-04
3.945600000000000170e-04
3.947199999999999884e-04
3.948800000000000140e-04
3.950399999999999853e-04
3.952000000000000109e-04
3.953599999999999823e-04
3.955200000000000079e-04
3.956800000000000334e-04
3.958400000000000048e-04
3.960000000000000304e-04
3.961600000000000017e-04
3.963200000000000273e-04
3.964799999999999987e-04
3.966400000000000242e-04
3.967999999999999956e-04
3.969600000000000212e-04
3.971199999999999925e-04
3.972800000000000181e-04
3.974399999999999895e-04
3.976000000000000150e-04
3.977599999999999864e-04
3.979200000000000120e-04
3.980799999999999833e-04
3.982400000000000089e-04
3.984000000000000345e-04
3.985600000000000059e-04
3.987200000000000314e-04
3.988800000000000028e-04
3.990400000000000284e-04
3.991999999999999997e-04
3.993600000000000253e-04
3.995199999999999967e-04
3.996800000000000222e-04
3.998399999999999936e-04
4.000000000000000192e-04
4.001599999999999905e-04
4.003200000000000161e-04
4.004799999999999875e-04
4.006400000000000130e-04
4.007999999999999844e-04
4.009600000000000100e-04
4.011199999999999813e-04
4.012800000000000069e-04
4.014400000000000325e-04
4.016000000000000038e-04
4.017600000000000294e-04
4.019200000000000008e-04
4.020800000000000264e-04
4.022399999999999977e-04
4.024000000000000233e-04
4.025599999999999947e-04
4.027200000000000202e-04
4.028799999999999916e-04
4.030400000000000172e-04
4.031999999999999885e-04
4.033600000000000141e-04
4.035199999999999855e-04
4.036800000000000110e-04
4.038399999999999824e-04
4.040000000000000080e-04
4.041600000000000335e-04
4.043200000000000049e-04
4.044800000000000305e-04
4.046400000000000018e-04
4.048000000000000274e-04
4.049599999999999988e-04
4.051200000000000244e-04
4.052799999999999957e-04
4.054400000000000213e-04
4.055999999999999927e-04
4.057600000000000182e-04
4.059199999999999896e-04
4.060800000000000152e-04
4.062399999999999865e-04
4.064000000000000121e-04
4.065599999999999835e-04
4.067200000000000090e-04
4.068800000000000346e-04
4.070400000000000060e-04
4.072000000000000315e-04
4.073600000000000029e-04
4.075200000000000285e-04
4.076799999999999998e-04
4.078400000000000254e-04
4.079999999999999968e-04
4.081600000000000224e-04
4.083199999999999937e-04
4.084800000000000193e-04
4.086399999999999907e-04
4.088000000000000162e-04
4.089599999999999876e-04
4.091200000000000132e-04
4.092799999999999845e-04
4.094400000000000101e-04
4.095999999999999815e-04
4.097600000000000070e-04
4.099200000000000326e-04
4.100800000000000040e-04
4.102400000000000295e-04
4.104000000000000009e-04
4.105600000000000265e-04
4.107199999999999978e-04
4.108800000000000234e-04
4.110399999999999948e-04
4.112000000000000204e-04
4.113599999999999917e-04
4.115200000000000173e-04
4.116799999999999887e-04
4.118400000000000142e-04
4.119999999999999856e-04
4.121600000000000112e-04
4.123199999999999825e-04
4.124800000000000081e-04
4.126400000000000337e-04
4.128000000000000050e-04
4.129600000000000306e-04
4.131200000000000020e-04
4.132800000000000275e-04
4.134399999999999989e-04
4.136000000000000245e-04
4.137599999999999958e-04
4.139200000000000214e-04
4.140799999999999928e-04
4.142400000000000184e-04
4.143999999999999897e-04
4.145600000000000153e-04
4.147199999999999867e-04
4.148800000000000122e-04
4.150399999999999836e-04
4.152000000000000092e-04
4.153600000000000347e-04
4.155200000000000061e-04
4.156800000000000317e-04
4.158400000000000030e-04
4.160000000000000286e-04
4.161600000000000000e-04
4.163200000000000255e-04
4.164799999999999969e-04
4.166400000000000225e-04
4.167999999999999938e-04
4.169600000000000194e-04
4.171199999999999908e-04
4.172800000000000164e-04
4.174399999999999877e-04
4.176000000000000133e-04
4.177599999999999847e-04
4.179200000000000102e-04
4.180800000000000358e-04
4.182400000000000072e-04
4.184000000000000327e-04
4.185600000000000041e-04
4.187200000000000297e-04
4.188800000000000010e-04
4.190400000000000266e-04
4.191999999999999980e-04
4.193600000000000235e-04
4.195199999999999949e-04
4.196800000000000205e-04
4.198399999999999918e-04
4.200000000000000174e-04
4.201599999999999888e-04
4.203200000000000144e-04
4.204799999999999857e-04
4.206400000000000113e-04
4.207999999999999827e-04
4.209600000000000082e-04
4.211200000000000338e-04
4.212800000000000052e-04
4.214400000000000307e-04
4.216000000000000021e-04
4.217600000000000277e-04
4.219199999999999990e-04
4.220800000000000246e-04
4.222399999999999960e-04
4.224000000000000215e-04
4.225599999999999929e-04
4.227200000000000185e-04
4.228799999999999898e-04
4.230400000000000154e-04
4.231999999999999868e-04
4.233600000000000124e-04
4.235199999999999837e-04
4.236800000000000093e-04
4.238400000000000349e-04
4.240000000000000062e-04
4.241600000000000318e-04
4.243200000000000032e-04
4.244800000000000287e-04
4.246400000000000001e-04
4.248000000000000257e-04
4.249599999999999970e-04
4.251200000000000226e-04
4.252799999999999940e-04
4.254400000000000195e-04
4.255999999999999909e-04
4.257600000000000165e-04
4.259199999999999878e-04
4.260800000000000134e-04
4.262399999999999848e-04
4.264000000000000104e-04
4.265600000000000359e-04
4.267200000000000073e-04
4.268800000000000329e-04
4.270400000000000042e-04
4.272000000000000298e-04
4.273600000000000012e-04
4.275200000000000267e-04
4.276799999999999981e-04
4.278400000000000237e-04
4.279999999999999950e-04
4.281600000000000206e-04
4.283199999999999920e-04
4.284800000000000175e-04
4.286399999999999889e-04
4.288000000000000145e-04
4.289599999999999858e-04
4.291200000000000114e-04
4.292799999999999828e-04
4.294400000000000083e-04
4.296000000000000339e-04
4.297600000000000053e-04
4.299200000000000309e-04
4.300800000000000022e-04
4.302400000000000278e-04
4.303999999999999992e-04
4.305600000000000247e-04
4.307199999999999961e-04
4.308800000000000217e-04
4.310399999999999930e-04
4.312000000000000186e-04
4.313599999999999900e-04
4.315200000000000155e-04
4.316799999999999869e-04
4.318400000000000125e-04
4.319999999999999838e-04
4.321600000000000094e-04
4.323200000000000350e-04
4.324800000000000063e-04
4.326400000000000319e-04
4.328000000000000033e-04
4.329600000000000289e-04
4.331200000000000002e-04
4.332800000000000258e-04
4.334399999999999972e-04
4.336000000000000227e-04
4.337599999999999941e-04
4.339200000000000197e-04
4.340799999999999910e-04
4.342400000000000166e-04
4.343999999999999880e-04
4.345600000000000135e-04
4.347199999999999849e-04
4.348800000000000105e-04
4.350400000000000360e-04
4.352000000000000074e-04
4.353600000000000330e-04
4.355200000000000043e-04
4.356800000000000299e-04
4.358400000000000013e-04
4.360000000000000269e-04
4.361599999999999982e-04
4.363200000000000238e-04
4.364799999999999952e-04
4.366400000000000207e-04
4.367999999999999921e-04
4.369600000000000177e-04
4.371199999999999890e-04
4.372800000000000146e-04
4.374399999999999860e-04
4.376000000000000115e-04
4.377599999999999829e-04
4.379200000000000085e-04
4.380800000000000340e-04
4.382400000000000054e-04
4.384000000000000310e-04
4.385600000000000023e-04
4.387200000000000279e-04
4.388799999999999993e-04
4.390400000000000249e-04
4.391999999999999962e-04
4.393600000000000218e-04
4.395199999999999932e-04
4.396800000000000187e-04
4.398399999999999901e-04
4.400000000000000157e-04
4.401599999999999870e-04
4.403200000000000126e-04
4.404799999999999840e-04
4.406400000000000095e-04
4.408000000000000351e-04
4.409600000000000065e-04
4.411200000000000320e-04
4.412800000000000034e-04
4.414400000000000290e-04
4.416000000000000003e-04
4.417600000000000259e-04
4.419199999999999973e-04
4.420800000000000229e-04
4.422399999999999942e-04
4.424000000000000198e-04
4.425599999999999912e-04
4.427200000000000167e-04
4.428799999999999881e-04
4.430400000000000137e-04
4.431999999999999850e-04
4.433600000000000106e-04
4.435200000000000362e-04
4.436800000000000075e-04
4.438400000000000331e-04
4.440000000000000045e-04
4.441600000000000300e-04
4.443200000000000014e-04
4.444800000000000270e-04
4.446399999999999983e-04
4.448000000000000239e-04
4.449599999999999953e-04
4.451200000000000209e-04
4.452799999999999922e-04
4.454400000000000178e-04
4.455999999999999892e-04
4.457600000000000147e-04
4.459199999999999861e-04
4.460800000000000117e-04
4.462399999999999830e-04
4.464000000000000086e-04
4.465600000000000342e-04
4.467200000000000055e-04
4.468800000000000311e-04
4.470400000000000025e-04
4.472000000000000280e-04
4.473599999999999994e-04
4.475200000000000250e-04
4.476799999999999963e-04
4.478400000000000219e-04
4.479999999999999933e-04
4.481600000000000189e-04
4.483199999999999902e-04
4.484800000000000158e-04
4.486399999999999872e-04
4.488000000000000127e-04
4.489599999999999841e-04
4.491200000000000097e-04
4.492800000000000352e-04
4.494400000000000066e-04
4.496000000000000322e-04
4.497600000000000035e-04
4.499200000000000291e-04
4.500800000000000005e-04
4.502400000000000260e-04
4.503999999999999974e-04
4.505600000000000230e-04
4.507199999999999943e-04
4.508800000000000199e-04
4.510399999999999913e-04
4.512000000000000169e-04
4.513599999999999882e-04
4.515200000000000138e-04
4.516799999999999852e-04
4.518400000000000107e-04
4.520000000000000363e-04
4.521600000000000077e-04
4.523200000000000332e-04
4.524800000000000046e-04
4.526400000000000302e-04
4.528000000000000015e-04
4.529600000000000271e-04
4.531199999999999985e-04
4.532800000000000240e-04
4.534399999999999954e-04
4.536000000000000210e-04
4.537599999999999923e-04
4.539200000000000179e-04
4.540799999999999893e-04
4.542400000000000149e-04
4.543999999999999862e-04
4.545600000000000118e-04
4.547199999999999832e-04
4.548800000000000087e-04
4.550400000000000343e-04
4.552000000000000057e-04
4.553600000000000312e-04
4.555200000000000026e-04
4.556800000000000282e-04
4.558399999999999995e-04
4.560000000000000251e-04
4.561599999999999965e-04
4.563200000000000220e-04
4.564799999999999934e-04
4.566400000000000190e-04
4.567999999999999903e-04
4.569600000000000159e-04
4.571199999999999873e-04
4.572800000000000128e-04
4.574399999999999842e-04
4.576000000000000098e-04
4.577600000000000354e-04
4.579200000000000067e-04
4.580800000000000323e-04
4.582400000000000037e-04
4.584000000000000292e-04
4.585600000000000006e-04
4.587200000000000262e-04
4.588799999999999975e-04
4.590400000000000231e-04
4.591999999999999945e-04
4.593600000000000200e-04
4.595199999999999914e-04
4.596800000000000170e-04
4.598399999999999883e-04
4.600000000000000139e-04
4.601599999999999853e-04
4.603200000000000108e-04
4.604800000000000364e-04
4.606400000000000078e-04
4.608000000000000334e-04
4.609600000000000047e-04
4.611200000000000303e-04
4.612800000000000017e-04
4.614400000000000272e-04
4.615999999999999986e-04
4.617600000000000242e-04
4.619199999999999955e-04
4.620800000000000211e-04
4.622399999999999925e-04
4.624000000000000180e-04
4.625599999999999894e-04
4.627200000000000150e-04
4.628799999999999863e-04
4.630400000000000119e-04
4.631999999999999833e-04
4.633600000000000088e-04
4.635200000000000344e-04
4.636800000000000058e-04
4.638400000000000314e-04
4.640000000000000027e-04
4.641600000000000283e-04
4.643199999999999997e-04
4.644800000000000252e-04
4.646399999999999966e-04
4.648000000000000222e-04
4.649599999999999935e-04
4.651200000000000191e-04
4.652799999999999905e-04
4.654400000000000160e-04
4.655999999999999874e-04
4.657600000000000130e-04
4.659199999999999843e-04
4.660800000000000099e-04
4.662400000000000355e-04
4.664000000000000068e-04
4.665600000000000324e-04
4.667200000000000038e-04
4.668800000000000294e-04
4.670400000000000007e-04
4.672000000000000263e-04
4.673599999999999977e-04
4.675200000000000232e-04
4.676799999999999946e-04
4.678400000000000202e-04
4.679999999999999915e-04
4.681600000000000171e-04
4.683199999999999885e-04
4.684800000000000140e-04
4.686399999999999854e-04
4.688000000000000110e-04
4.689600000000000365e-04
4.691200000000000079e-04
4.692800000000000335e-04
4.694400000000000048e-04
4.696000000000000304e-04
4.697600000000000018e-04
4.699200000000000274e-04
4.700799999999999987e-04
4.702400000000000243e-04
4.703999999999999957e-04
4.705600000000000212e-04
4.707199999999999926e-04
4.708800000000000182e-04
4.710399999999999895e-04
4.712000000000000151e-04
4.713599999999999865e-04
4.715200000000000120e-04
4.716799999999999834e-04
4.718400000000000090e-04
4.720000000000000345e-04
4.721600000000000059e-04
4.723200000000000315e-04
4.724800000000000028e-04
4.726400000000000284e-04
4.727999999999999998e-04
4.729600000000000254e-04
4.731199999999999967e-04
4.732800000000000223e-04
4.734399999999999937e-04
4.736000000000000192e-04
4.737599999999999906e-04
4.739200000000000162e-04
4.740799999999999875e-04
4.742400000000000131e-04
4.743999999999999845e-04
4.745600000000000100e-04
4.747200000000000356e-04
4.748800000000000070e-04
4.750400000000000325e-04
4.752000000000000039e-04
4.753600000000000295e-04
4.755200000000000008e-04
4.756800000000000264e-04
4.758399999999999978e-04
4.760000000000000234e-04
4.761599999999999947e-04
4.763200000000000203e-04
4.764799999999999917e-04
4.766400000000000172e-04
4.767999999999999886e-04
4.769600000000000142e-04
4.771199999999999855e-04
4.772800000000000111e-04
4.774400000000000367e-04
4.776000000000000080e-04
4.777600000000000336e-04
4.779200000000000050e-04
4.780800000000000305e-04
4.782400000000000019e-04
4.784000000000000275e-04
4.785599999999999988e-04
4.787200000000000244e-04
4.788799999999999958e-04
4.790400000000000214e-04
4.791999999999999927e-04
4.793600000000000183e-04
4.795199999999999897e-04
4.796800000000000152e-04
4.798399999999999866e-04
4.800000000000000122e-04
4.801599999999999835e-04
4.803200000000000091e-04
4.804800000000000347e-04
4.806400000000000060e-04
4.808000000000000316e-04
4.809600000000000030e-04
4.811200000000000285e-04
4.812799999999999999e-04
4.814400000000000255e-04
4.815999999999999968e-04
4.817600000000000224e-04
4.819199999999999938e-04
4.820800000000000194e-04
4.822399999999999907e-04
4.824000000000000163e-04
4.825599999999999877e-04
4.827200000000000132e-04
4.828799999999999846e-04
4.830400000000000102e-04
4.832000000000000357e-04
4.833600000000000071e-04
4.835200000000000327e-04
4.836800000000000040e-04
4.838400000000000296e-04
4.840000000000000010e-04
4.841600000000000265e-04
4.843199999999999979e-04
4.844800000000000235e-04
4.846399999999999948e-04
4.848000000000000204e-04
4.849599999999999918e-04
4.851200000000000173e-04
4.852799999999999887e-04
4.854400000000000143e-04
4.855999999999999856e-04
4.857600000000000112e-04
4.859200000000000368e-04
4.860800000000000082e-04
4.862400000000000337e-04
4.864000000000000051e-04
4.865600000000000307e-04
4.867200000000000020e-04
4.868800000000000276e-04
4.870399999999999990e-04
4.872000000000000245e-04
4.873599999999999959e-04
4.875200000000000215e-04
4.876799999999999928e-04
4.878400000000000184e-04
4.879999999999999898e-04
4.881600000000000153e-04
4.883199999999999867e-04
4.884800000000000123e-04
4.886400000000000379e-04
4.888000000000000634e-04
4.889599999999999806e-04
4.891200000000000062e-04
4.892800000000000317e-04
4.894400000000000573e-04
4.895999999999999745e-04
4.897600000000000000e-04
4.899200000000000256e-04
4.900800000000000512e-04
4.902399999999999683e-04
4.903999999999999939e-04
4.905600000000000195e-04
4.907200000000000450e-04
4.908799999999999622e-04
4.910399999999999878e-04
4.912000000000000133e-04
4.913600000000000389e-04
4.915200000000000645e-04
4.916799999999999816e-04
4.918400000000000072e-04
4.920000000000000328e-04
4.921600000000000584e-04
4.923199999999999755e-04
4.924800000000000011e-04
4.926400000000000267e-04
4.928000000000000522e-04
4.929599999999999694e-04
4.931199999999999950e-04
4.932800000000000205e-04
4.934400000000000461e-04
4.935999999999999633e-04
4.937599999999999888e-04
4.939200000000000144e-04
4.940800000000000400e-04
4.942399999999999571e-04
4.943999999999999827e-04
4.945600000000000083e-04
4.947200000000000339e-04
4.948800000000000594e-04
4.950399999999999766e-04
4.952000000000000022e-04
4.953600000000000277e-04
4.955200000000000533e-04
4.956799999999999705e-04
4.958399999999999960e-04
4.960000000000000216e-04
4.961600000000000472e-04
4.963199999999999643e-04
4.964799999999999899e-04
4.966400000000000155e-04
4.968000000000000410e-04
4.969599999999999582e-04
4.971199999999999838e-04
4.972800000000000093e-04
4.974400000000000349e-04
4.976000000000000605e-04
4.977599999999999776e-04
4.979200000000000032e-04
4.980800000000000288e-04
4.982400000000000544e-04
4.983999999999999715e-04
4.985599999999999971e-04
4.987200000000000227e-04
4.988800000000000482e-04
4.990399999999999654e-04
4.991999999999999910e-04
4.993600000000000165e-04
4.995200000000000421e-04
4.996799999999999593e-04
4.998399999999999848e-04
5.000000000000000104e-04
5.001600000000000360e-04
5.003200000000000616e-04
5.004799999999999787e-04
5.006400000000000043e-04
5.008000000000000299e-04
5.009600000000000554e-04
5.011199999999999726e-04
5.012799999999999982e-04
5.014400000000000237e-04
5.016000000000000493e-04
5.017599999999999665e-04
5.019199999999999920e-04
5.020800000000000176e-04
5.022400000000000432e-04
5.023999999999999603e-04
5.025599999999999859e-04
5.027200000000000115e-04
5.028800000000000370e-04
5.030400000000000626e-04
5.031999999999999798e-04
5.033600000000000053e-04
5.035200000000000309e-04
5.036800000000000565e-04
5.038399999999999736e-04
5.039999999999999992e-04
5.041600000000000248e-04
5.043200000000000504e-04
5.044799999999999675e-04
5.046399999999999931e-04
5.048000000000000187e-04
5.049600000000000442e-04
5.051199999999999614e-04
5.052799999999999870e-04
5.054400000000000125e-04
5.056000000000000381e-04
5.057600000000000637e-04
5.059199999999999808e-04
5.060800000000000064e-04
5.062400000000000320e-04
5.064000000000000576e-04
5.065599999999999747e-04
5.067200000000000003e-04
5.068800000000000259e-04
5.070400000000000514e-04
5.071999999999999686e-04
5.073599999999999942e-04
5.075200000000000197e-04
5.076800000000000453e-04
5.078399999999999625e-04
5.079999999999999880e-04
5.081600000000000136e-04
5.083200000000000392e-04
5.084800000000000647e-04
5.086399999999999819e-04
5.088000000000000075e-04
5.089600000000000330e-04
5.091200000000000586e-04
5.092799999999999758e-04
5.094400000000000013e-04
5.096000000000000269e-04
5.097600000000000525e-04
5.099199999999999696e-04
5.100799999999999952e-04
5.102400000000000208e-04
5.104000000000000464e-04
5.105599999999999635e-04
5.107199999999999891e-04
5.108800000000000147e-04
5.110400000000000402e-04
5.111999999999999574e-04
5.113599999999999830e-04
5.115200000000000085e-04
5.116800000000000341e-04
5.118400000000000597e-04
5.119999999999999768e-04
5.121600000000000024e-04
5.123200000000000280e-04
5.124800000000000536e-04
5.126399999999999707e-04
5.127999999999999963e-04
5.129600000000000218e-04
5.131200000000000474e-04
5.132799999999999646e-04
5.134399999999999901e-04
5.136000000000000157e-04
5.137600000000000413e-04
5.139199999999999584e-04
5.140799999999999840e-04
5.142400000000000096e-04
5.144000000000000352e-04
5.145600000000000607e-04
5.147199999999999779e-04
5.148800000000000035e-04
5.150400000000000290e-04
5.152000000000000546e-04
5.153599999999999718e-04
5.155199999999999973e-04
5.156800000000000229e-04
5.158400000000000485e-04
5.159999999999999656e-04
5.161599999999999912e-04
5.163200000000000168e-04
5.164800000000000424e-04
5.166399999999999595e-04
5.167999999999999851e-04
5.169600000000000107e-04
5.171200000000000362e-04
5.172800000000000618e-04
5.174399999999999790e-04
5.176000000000000045e-04
5.177600000000000301e-04
5.179200000000000557e-04
5.180799999999999728e-04
5.182399999999999984e-04
5.184000000000000240e-04
5.185600000000000495e-04
5.187199999999999667e-04
5.188799999999999923e-04
5.190400000000000178e-04
5.192000000000000434e-04
5.193599999999999606e-04
5.195199999999999861e-04
5.196800000000000117e-04
5.198400000000000373e-04
5.200000000000000629e-04
5.201599999999999800e-04
5.203200000000000056e-04
5.204800000000000312e-04
5.206400000000000567e-04
5.207999999999999739e-04
5.209599999999999995e-04
5.211200000000000250e-04
5.212800000000000506e-04
5.214399999999999678e-04
5.215999999999999933e-04
5.217600000000000189e-04
5.219200000000000445e-04
5.220799999999999616e-04
5.222399999999999872e-04
5.224000000000000128e-04
5.225600000000000384e-04
5.227200000000000639e-04
5.228799999999999811e-04
5.230400000000000067e-04
5.232000000000000322e-04
5.233600000000000578e-04
5.235199999999999750e-04
5.236800000000000005e-04
5.238400000000000261e-04
5.240000000000000517e-04
5.241599999999999688e-04
5.243199999999999944e-04
5.244800000000000200e-04
5.246400000000000455e-04
5.247999999999999627e-04
5.249599999999999883e-04
5.251200000000000138e-04
5.252800000000000394e-04
5.254400000000000650e-04
5.255999999999999821e-04
5.257600000000000077e-04
5.259200000000000333e-04
5.260800000000000589e-04
5.262399999999999760e-04
5.264000000000000016e-04
5.265600000000000272e-04
5.267200000000000527e-04
5.268799999999999699e-04
5.270399999999999955e-04
5.272000000000000210e-04
5.273600000000000466e-04
5.275199999999999638e-04
5.276799999999999893e-04
5.278400000000000149e-04
5.280000000000000405e-04
5.281599999999999576e-04
5.283199999999999832e-04
5.284800000000000088e-04
5.286400000000000344e-04
5.288000000000000599e-04
5.289599999999999771e-04
5.291200000000000027e-04
5.292800000000000282e-04
5.294400000000000538e-04
5.295999999999999710e-04
5.297599999999999965e-04
5.299200000000000221e-04
5.300800000000000477e-04
5.302399999999999648e-04
5.303999999999999904e-04
5.305600000000000160e-04
5.307200000000000415e-04
5.308799999999999587e-04
5.310399999999999843e-04
5.312000000000000098e-04
5.313600000000000354e-04
5.315200000000000610e-04
5.316799999999999781e-04
5.318400000000000037e-04
5.320000000000000293e-04
5.321600000000000549e-04
5.323199999999999720e-04
5.324799999999999976e-04
5.326400000000000232e-04
5.328000000000000487e-04
5.329599999999999659e-04
5.331199999999999915e-04
5.332800000000000170e-04
5.334400000000000426e-04
5.335999999999999598e-04
5.337599999999999853e-04
5.339200000000000109e-04
5.340800000000000365e-04
5.342400000000000621e-04
5.343999999999999792e-04
5.345600000000000048e-04
5.347200000000000304e-04
5.348800000000000559e-04
5.350399999999999731e-04
5.351999999999999987e-04
5.353600000000000242e-04
5.355200000000000498e-04
5.356799999999999670e-04
5.358399999999999925e-04
5.360000000000000181e-04
5.361600000000000437e-04
5.363199999999999608e-04
5.364799999999999864e-04
5.366400000000000120e-04
5.368000000000000375e-04
5.369600000000000631e-04
5.371199999999999803e-04
5.372800000000000058e-04
5.374400000000000314e-04
5.376000000000000570e-04
5.377599999999999741e-04
5.379199999999999997e-04
5.380800000000000253e-04
5.382400000000000509e-04
5.383999999999999680e-04
5.385599999999999936e-04
5.387200000000000192e-04
5.388800000000000447e-04
5.390399999999999619e-04
5.391999999999999875e-04
5.393600000000000130e-04
5.395200000000000386e-04
5.396800000000000642e-04
5.398399999999999813e-04
5.400000000000000069e-04
5.401600000000000325e-04
5.403200000000000581e-04
5.404799999999999752e-04
5.406400000000000008e-04
5.408000000000000263e-04
5.409600000000000519e-04
5.411199999999999691e-04
5.412799999999999946e-04
5.414400000000000202e-04
5.416000000000000458e-04
5.417599999999999629e-04
5.419199999999999885e-04
5.420800000000000141e-04
5.422400000000000397e-04
5.424000000000000652e-04
5.425599999999999824e-04
5.427200000000000080e-04
5.428800000000000335e-04
5.430400000000000591e-04
5.431999999999999763e-04
5.433600000000000018e-04
5.435200000000000274e-04
5.436800000000000530e-04
5.438399999999999701e-04
5.439999999999999957e-04
5.441600000000000213e-04
5.443200000000000469e-04
5.444799999999999640e-04
5.446399999999999896e-04
5.448000000000000152e-04
5.449600000000000407e-04
5.451199999999999579e-04
5.452799999999999835e-04
5.454400000000000090e-04
5.456000000000000346e-04
5.457600000000000602e-04
5.459199999999999773e-04
5.460800000000000029e-04
5.462400000000000285e-04
5.464000000000000540e-04
5.465599999999999712e-04
5.467199999999999968e-04
5.468800000000000223e-04
5.470400000000000479e-04
5.471999999999999651e-04
5.473599999999999906e-04
5.475200000000000162e-04
5.476800000000000418e-04
5.478399999999999589e-04
5.479999999999999845e-04
5.481600000000000101e-04
5.483200000000000357e-04
5.484800000000000612e-04
5.486399999999999784e-04
5.488000000000000040e-04
5.489600000000000295e-04
5.491200000000000551e-04
5.492799999999999723e-04
5.494399999999999978e-04
5.496000000000000234e-04
5.497600000000000490e-04
5.499199999999999661e-04
5.500799999999999917e-04
5.502400000000000173e-04
5.504000000000000429e-04
5.505599999999999600e-04
5.507199999999999856e-04
5.508800000000000112e-04
5.510400000000000367e-04
5.512000000000000623e-04
5.513599999999999795e-04
5.515200000000000050e-04
5.516800000000000306e-04
5.518400000000000562e-04
5.519999999999999733e-04
5.521599999999999989e-04
5.523200000000000245e-04
5.524800000000000500e-04
5.526399999999999672e-04
5.527999999999999928e-04
5.529600000000000183e-04
5.531200000000000439e-04
5.532799999999999611e-04
5.534399999999999866e-04
5.536000000000000122e-04
5.537600000000000378e-04
5.539200000000000634e-04
5.540799999999999805e-04
5.542400000000000061e-04
5.544000000000000317e-04
5.545600000000000572e-04
5.547199999999999744e-04
5.548800000000000000e-04
5.550400000000000255e-04
5.552000000000000511e-04
5.553599999999999683e-04
5.555199999999999938e-04
5.556800000000000194e-04
5.558400000000000450e-04
5.559999999999999621e-04
5.561599999999999877e-04
5.563200000000000133e-04
5.564800000000000389e-04
5.566400000000000644e-04
5.567999999999999816e-04
5.569600000000000072e-04
5.571200000000000327e-04
5.572800000000000583e-04
5.574399999999999755e-04
5.576000000000000010e-04
5.577600000000000266e-04
5.579200000000000522e-04
5.580799999999999693e-04
5.582399999999999949e-04
5.584000000000000205e-04
5.585600000000000460e-04
5.587199999999999632e-04
5.588799999999999888e-04
5.590400000000000143e-04
5.592000000000000399e-04
5.593600000000000655e-04
5.595199999999999826e-04
5.596800000000000082e-04
5.598400000000000338e-04
5.600000000000000594e-04
5.601599999999999765e-04
5.603200000000000021e-04
5.604800000000000277e-04
5.606400000000000532e-04
5.607999999999999704e-04
5.609599999999999960e-04
5.611200000000000215e-04
5.612800000000000471e-04
5.614399999999999643e-04
5.615999999999999898e-04
5.617600000000000154e-04
5.619200000000000410e-04
5.620799999999999581e-04
5.622399999999999837e-04
5.624000000000000093e-04
5.625600000000000349e-04
5.627200000000000604e-04
5.628799999999999776e-04
5.630400000000000032e-04
5.632000000000000287e-04
5.633600000000000543e-04
5.635199999999999715e-04
5.636799999999999970e-04
5.638400000000000226e-04
5.640000000000000482e-04
5.641599999999999653e-04
5.643199999999999909e-04
5.644800000000000165e-04
5.646400000000000420e-04
5.647999999999999592e-04
5.649599999999999848e-04
5.651200000000000103e-04
5.652800000000000359e-04
5.654400000000000615e-04
5.655999999999999786e-04
5.657600000000000042e-04
5.659200000000000298e-04
5.660800000000000554e-04
5.662399999999999725e-04
5.663999999999999981e-04
5.665600000000000237e-04
5.667200000000000492e-04
5.668799999999999664e-04
5.670399999999999920e-04
5.672000000000000175e-04
5.673600000000000431e-04
5.675199999999999603e-04
5.676799999999999858e-04
5.678400000000000114e-04
5.680000000000000370e-04
5.681600000000000626e-04
5.683199999999999797e-04
5.684800000000000053e-04
5.686400000000000308e-04
5.688000000000000564e-04
5.689599999999999736e-04
5.691199999999999991e-04
5.692800000000000247e-04
5.694400000000000503e-04
5.695999999999999674e-04
5.697599999999999930e-04
5.699200000000000186e-04
5.700800000000000442e-04
5.702399999999999613e-04
5.703999999999999869e-04
5.705600000000000125e-04
5.707200000000000380e-04
5.708800000000000636e-04
5.710399999999999808e-04
5.712000000000000063e-04
5.713600000000000319e-04
5.715200000000000575e-04
5.716799999999999746e-04
5.718400000000000002e-04
5.720000000000000258e-04
5.721600000000000514e-04
5.723199999999999685e-04
5.724799999999999941e-04
5.726400000000000197e-04
5.728000000000000452e-04
5.729599999999999624e-04
5.731199999999999880e-04
5.732800000000000135e-04
5.734400000000000391e-04
5.736000000000000647e-04
5.737599999999999818e-04
5.739200000000000074e-04
5.740800000000000330e-04
5.742400000000000585e-04
5.743999999999999757e-04
5.745600000000000013e-04
5.747200000000000268e-04
5.748800000000000524e-04
5.750399999999999696e-04
5.751999999999999951e-04
5.753600000000000207e-04
5.755200000000000463e-04
5.756799999999999634e-04
5.758399999999999890e-04
5.760000000000000146e-04
5.761600000000000402e-04
5.763200000000000657e-04
5.764799999999999829e-04
5.766400000000000085e-04
5.768000000000000340e-04
5.769600000000000596e-04
5.771199999999999768e-04
5.772800000000000023e-04
5.774400000000000279e-04
5.776000000000000535e-04
5.777599999999999706e-04
5.779199999999999962e-04
5.780800000000000218e-04
5.782400000000000474e-04
5.783999999999999645e-04
5.785599999999999901e-04
5.787200000000000157e-04
5.788800000000000412e-04
5.790399999999999584e-04
5.791999999999999840e-04
5.793600000000000095e-04
5.795200000000000351e-04
5.796800000000000607e-04
5.798399999999999778e-04
5.800000000000000034e-04
5.801600000000000290e-04
5.803200000000000545e-04
5.804799999999999717e-04
5.806399999999999973e-04
5.808000000000000228e-04
5.809600000000000484e-04
5.811199999999999656e-04
5.812799999999999911e-04
5.814400000000000167e-04
5.816000000000000423e-04
5.817599999999999594e-04
5.819199999999999850e-04
5.820800000000000106e-04
5.822400000000000362e-04
5.824000000000000617e-04
5.825599999999999789e-04
5.827200000000000045e-04
5.828800000000000300e-04
5.830400000000000556e-04
5.831999999999999728e-04
5.833599999999999983e-04
5.835200000000000239e-04
5.836800000000000495e-04
5.838399999999999666e-04
5.839999999999999922e-04
5.841600000000000178e-04
5.843200000000000434e-04
5.844799999999999605e-04
5.846399999999999861e-04
5.848000000000000117e-04
5.849600000000000372e-04
5.851200000000000628e-04
5.852799999999999800e-04
5.854400000000000055e-04
5.856000000000000311e-04
5.857600000000000567e-04
5.859199999999999738e-04
5.860799999999999994e-04
5.862400000000000250e-04
5.864000000000000505e-04
5.865599999999999677e-04
5.867199999999999933e-04
5.868800000000000188e-04
5.870400000000000444e-04
5.871999999999999616e-04
5.873599999999999871e-04
5.875200000000000127e-04
5.876800000000000383e-04
5.878400000000000639e-04
5.879999999999999810e-04
5.881600000000000066e-04
5.883200000000000322e-04
5.884800000000000577e-04
5.886399999999999749e-04
5.888000000000000005e-04
5.889600000000000260e-04
5.891200000000000516e-04
5.892799999999999688e-04
5.894399999999999943e-04
5.896000000000000199e-04
5.897600000000000455e-04
5.899199999999999626e-04
5.900799999999999882e-04
5.902400000000000138e-04
5.904000000000000394e-04
5.905600000000000649e-04
5.907199999999999821e-04
5.908800000000000077e-04
5.910400000000000332e-04
5.912000000000000588e-04
5.913599999999999760e-04
5.915200000000000015e-04
5.916800000000000271e-04
5.918400000000000527e-04
5.919999999999999698e-04
5.921599999999999954e-04
5.923200000000000210e-04
5.924800000000000465e-04
5.926399999999999637e-04
5.927999999999999893e-04
5.929600000000000148e-04
5.931200000000000404e-04
5.932800000000000660e-04
5.934399999999999831e-04
5.936000000000000087e-04
5.937600000000000343e-04
5.939200000000000599e-04
5.940799999999999770e-04
5.942400000000000026e-04
5.944000000000000282e-04
5.945600000000000537e-04
5.947199999999999709e-04
5.948799999999999965e-04
5.950400000000000220e-04
5.952000000000000476e-04
5.953599999999999648e-04
5.955199999999999903e-04
5.956800000000000159e-04
5.958400000000000415e-04
5.959999999999999586e-04
5.961599999999999842e-04
5.963200000000000098e-04
5.964800000000000353e-04
5.966400000000000609e-04
5.967999999999999781e-04
5.969600000000000036e-04
5.971200000000000292e-04
5.972800000000000548e-04
5.974399999999999719e-04
5.975999999999999975e-04
5.977600000000000231e-04
5.979200000000000487e-04
5.980799999999999658e-04
5.982399999999999914e-04
5.984000000000000170e-04
5.985600000000000425e-04
5.987199999999999597e-04
5.988799999999999853e-04
5.990400000000000108e-04
5.992000000000000364e-04
5.993600000000000620e-04
5.995199999999999791e-04
5.996800000000000047e-04
5.998400000000000303e-04
6.000000000000000559e-04
6.001599999999999730e-04
6.003199999999999986e-04
6.004800000000000242e-04
6.006400000000000497e-04
6.007999999999999669e-04
6.009599999999999925e-04
6.011200000000000180e-04
6.012800000000000436e-04
6.014399999999999608e-04
6.015999999999999863e-04
6.017600000000000119e-04
6.019200000000000375e-04
6.020800000000000630e-04
6.022399999999999802e-04
6.024000000000000058e-04
6.025600000000000313e-04
6.027200000000000569e-04
6.028799999999999741e-04
6.030399999999999996e-04
6.032000000000000252e-04
6.033600000000000508e-04
6.035199999999999679e-04
6.036799999999999935e-04
6.038400000000000191e-04
6.040000000000000447e-04
6.041599999999999618e-04
6.043199999999999874e-04
6.044800000000000130e-04
6.046400000000000385e-04
6.048000000000000641e-04
6.049599999999999813e-04
6.051200000000000068e-04
6.052800000000000324e-04
6.054400000000000580e-04
6.055999999999999751e-04
6.057600000000000007e-04
6.059200000000000263e-04
6.060800000000000519e-04
6.062399999999999690e-04
6.063999999999999946e-04
6.065600000000000202e-04
6.067200000000000457e-04
6.068799999999999629e-04
6.070399999999999885e-04
6.072000000000000140e-04
6.073600000000000396e-04
6.075200000000000652e-04
6.076799999999999823e-04
6.078400000000000079e-04
6.080000000000000335e-04
6.081600000000000590e-04
6.083199999999999762e-04
6.084800000000000018e-04
6.086400000000000273e-04
6.088000000000000529e-04
6.089599999999999701e-04
6.091199999999999956e-04
6.092800000000000212e-04
6.094400000000000468e-04
6.095999999999999639e-04
6.097599999999999895e-04
6.099200000000000151e-04
6.100800000000000407e-04
6.102400000000000662e-04
6.103999999999999834e-04
6.105600000000000090e-04
6.107200000000000345e-04
6.108800000000000601e-04
6.110399999999999773e-04
6.112000000000000028e-04
6.113600000000000284e-04
6.115200000000000540e-04
6.116799999999999711e-04
6.118399999999999967e-04
6.120000000000000223e-04
6.121600000000000479e-04
6.123199999999999650e-04
6.124799999999999906e-04
6.126400000000000162e-04
6.128000000000000417e-04
6.129599999999999589e-04
6.131199999999999845e-04
6.132800000000000100e-04
6.134400000000000356e-04
6.136000000000000612e-04
6.137599999999999783e-04
6.139200000000000039e-04
6.140800000000000295e-04
6.142400000000000550e-04
6.143999999999999722e-04
6.145599999999999978e-04
6.147200000000000233e-04
6.148800000000000489e-04
6.150399999999999661e-04
6.151999999999999916e-04
6.153600000000000172e-04
6.155200000000000428e-04
6.156799999999999599e-04
6.158399999999999855e-04
6.160000000000000111e-04
6.161600000000000367e-04
6.163200000000000622e-04
6.164799999999999794e-04
6.166400000000000050e-04
6.168000000000000305e-04
6.169600000000000561e-04
6.171199999999999733e-04
6.172799999999999988e-04
6.174400000000000244e-04
6.176000000000000500e-04
6.177599999999999671e-04
6.179199999999999927e-04
6.180800000000000183e-04
6.182400000000000439e-04
6.183999999999999610e-04
6.185599999999999866e-04
6.187200000000000122e-04
6.188800000000000377e-04
6.190400000000000633e-04
6.191999999999999805e-04
6.193600000000000060e-04
6.195200000000000316e-04
6.196800000000000572e-04
6.198399999999999743e-04
6.199999999999999999e-04
6.201600000000000255e-04
6.203200000000000510e-04
6.204799999999999682e-04
6.206399999999999938e-04
6.208000000000000193e-04
6.209600000000000449e-04
6.211199999999999621e-04
6.212799999999999876e-04
6.214400000000000132e-04
6.216000000000000388e-04
6.217600000000000644e-04
6.219199999999999815e-04
6.220800000000000071e-04
6.222400000000000327e-04
6.224000000000000582e-04
6.225599999999999754e-04
6.227200000000000010e-04
6.228800000000000265e-04
6.230400000000000521e-04
6.231999999999999693e-04
6.233599999999999948e-04
6.235200000000000204e-04
6.236800000000000460e-04
6.238399999999999631e-04
6.239999999999999887e-04
6.241600000000000143e-04
6.243200000000000398e-04
6.244800000000000654e-04
6.246399999999999826e-04
6.248000000000000081e-04
6.249600000000000337e-04
6.251200000000000593e-04
6.252799999999999764e-04
6.254400000000000020e-04
6.256000000000000276e-04
6.257600000000000532e-04
6.259199999999999703e-04
6.260799999999999959e-04
6.262400000000000215e-04
6.264000000000000470e-04
6.265599999999999642e-04
6.267199999999999898e-04
6.268800000000000153e-04
6.270400000000000409e-04
6.272000000000000665e-04
6.273599999999999836e-04
6.275200000000000092e-04
6.276800000000000348e-04
6.278400000000000604e-04
6.279999999999999775e-04
6.281600000000000031e-04
6.283200000000000287e-04
6.284800000000000542e-04
6.286399999999999714e-04
6.287999999999999970e-04
6.289600000000000225e-04
6.291200000000000481e-04
6.292799999999999653e-04
6.294399999999999908e-04
6.296000000000000164e-04
6.297600000000000420e-04
6.299199999999999591e-04
6.300799999999999847e-04
6.302400000000000103e-04
6.304000000000000358e-04
6.305600000000000614e-04
6.307199999999999786e-04
6.308800000000000041e-04
6.310400000000000297e-04
6.312000000000000553e-04
6.313599999999999724e-04
6.315199999999999980e-04
6.316800000000000236e-04
6.318400000000000492e-04
6.319999999999999663e-04
6.321599999999999919e-04
6.323200000000000175e-04
6.324800000000000430e-04
6.326399999999999602e-04
6.327999999999999858e-04
6.329600000000000113e-04
6.331200000000000369e-04
6.332800000000000625e-04
6.334399999999999796e-04
6.336000000000000052e-04
6.337600000000000308e-04
6.339200000000000564e-04
6.340799999999999735e-04
6.342399999999999991e-04
6.344000000000000247e-04
6.345600000000000502e-04
6.347199999999999674e-04
