0.000000000000000000e+00
1.024000000000000021e-05
2.048000000000000043e-05
3.072000000000000403e-05
4.096000000000000086e-05
5.119999999999999768e-05
6.144000000000000806e-05
7.168000000000000489e-05
8.192000000000000171e-05
9.215999999999999854e-05
1.023999999999999954e-04
1.126400000000000057e-04
1.228800000000000161e-04
1.331199999999999994e-04
1.433600000000000098e-04
1.535999999999999930e-04
1.638400000000000034e-04
1.740800000000000138e-04
1.843199999999999971e-04
1.945600000000000075e-04
2.047999999999999907e-04
2.150400000000000011e-04
2.252800000000000115e-04
2.355199999999999948e-04
2.457600000000000322e-04
2.559999999999999884e-04
2.662399999999999988e-04
2.764800000000000092e-04
2.867200000000000196e-04
2.969600000000000299e-04
3.071999999999999861e-04
3.174399999999999965e-04
3.276800000000000069e-04
3.379200000000000172e-04
3.481600000000000276e-04
3.583999999999999838e-04
3.686399999999999942e-04
3.788800000000000045e-04
3.891200000000000149e-04
3.993600000000000253e-04
4.095999999999999815e-04
4.198399999999999918e-04
4.300800000000000022e-04
4.403200000000000126e-04
4.505600000000000230e-04
4.608000000000000334e-04
4.710399999999999895e-04
4.812799999999999999e-04
4.915200000000000645e-04
5.017599999999999665e-04
5.119999999999999768e-04
5.222399999999999872e-04
5.324799999999999976e-04
5.427200000000000080e-04
5.529600000000000183e-04
5.632000000000000287e-04
5.734400000000000391e-04
5.836800000000000495e-04
5.939200000000000599e-04
6.041599999999999618e-04
6.143999999999999722e-04
6.246399999999999826e-04
6.348799999999999930e-04
6.451200000000000033e-04
6.553600000000000137e-04
6.656000000000000241e-04
6.758400000000000345e-04
6.860800000000000448e-04
6.963200000000000552e-04
7.065600000000000656e-04
7.167999999999999676e-04
7.270399999999999779e-04
7.372799999999999883e-04
7.475199999999999987e-04
7.577600000000000091e-04
7.680000000000000195e-04
7.782400000000000298e-04
7.884800000000000402e-04
7.987200000000000506e-04
8.089600000000000610e-04
8.191999999999999629e-04
8.294399999999999733e-04
8.396799999999999837e-04
8.499199999999999941e-04
8.601600000000000044e-04
8.704000000000000148e-04
8.806400000000000252e-04
8.908800000000000356e-04
9.011200000000000460e-04
9.113600000000000563e-04
9.216000000000000667e-04
9.318399999999999687e-04
9.420799999999999791e-04
9.523199999999999894e-04
9.625599999999999998e-04
9.728000000000000102e-04
9.830400000000001290e-04
9.932800000000000309e-04
1.003519999999999933e-03
1.013760000000000052e-03
1.023999999999999954e-03
1.034240000000000072e-03
1.044479999999999974e-03
1.054720000000000093e-03
1.064959999999999995e-03
1.075200000000000114e-03
1.085440000000000016e-03
1.095679999999999918e-03
1.105920000000000037e-03
1.116159999999999939e-03
1.126400000000000057e-03
1.136639999999999959e-03
1.146880000000000078e-03
1.157119999999999980e-03
1.167360000000000099e-03
1.177600000000000001e-03
1.187840000000000120e-03
1.198080000000000022e-03
1.208319999999999924e-03
1.218560000000000042e-03
1.228799999999999944e-03
1.239040000000000063e-03
1.249279999999999965e-03
1.259520000000000084e-03
1.269759999999999986e-03
1.280000000000000105e-03
1.290240000000000007e-03
1.300480000000000125e-03
1.310720000000000027e-03
1.320959999999999929e-03
1.331200000000000048e-03
1.341439999999999950e-03
1.351680000000000069e-03
1.361919999999999971e-03
1.372160000000000090e-03
1.382399999999999992e-03
1.392640000000000110e-03
1.402880000000000012e-03
1.413120000000000131e-03
1.423360000000000033e-03
1.433599999999999935e-03
1.443840000000000054e-03
1.454079999999999956e-03
1.464320000000000075e-03
1.474559999999999977e-03
1.484800000000000095e-03
1.495039999999999997e-03
1.505280000000000116e-03
1.515520000000000018e-03
1.525760000000000137e-03
1.536000000000000039e-03
1.546239999999999941e-03
1.556480000000000060e-03
1.566719999999999962e-03
1.576960000000000080e-03
1.587199999999999982e-03
1.597440000000000101e-03
1.607680000000000003e-03
1.617920000000000122e-03
1.628160000000000024e-03
1.638399999999999926e-03
1.648640000000000045e-03
1.658879999999999947e-03
1.669120000000000065e-03
1.679359999999999967e-03
1.689600000000000086e-03
1.699839999999999988e-03
1.710080000000000107e-03
1.720320000000000009e-03
1.730560000000000128e-03
1.740800000000000030e-03
1.751039999999999932e-03
1.761280000000000050e-03
1.771519999999999952e-03
1.781760000000000071e-03
1.791999999999999973e-03
1.802240000000000092e-03
1.812479999999999994e-03
1.822720000000000113e-03
1.832960000000000015e-03
1.843200000000000133e-03
1.853440000000000035e-03
1.863679999999999937e-03
1.873920000000000056e-03
1.884159999999999958e-03
1.894400000000000077e-03
1.904639999999999979e-03
1.914880000000000098e-03
1.925120000000000000e-03
1.935360000000000118e-03
1.945600000000000020e-03
1.955839999999999922e-03
1.966080000000000258e-03
1.976320000000000160e-03
1.986560000000000062e-03
1.996799999999999964e-03
2.007039999999999866e-03
2.017280000000000201e-03
2.027520000000000103e-03
2.037760000000000005e-03
2.047999999999999907e-03
2.058240000000000243e-03
2.068480000000000145e-03
2.078720000000000047e-03
2.088959999999999949e-03
2.099199999999999851e-03
2.109440000000000186e-03
2.119680000000000088e-03
2.129919999999999990e-03
2.140159999999999892e-03
2.150400000000000228e-03
2.160640000000000130e-03
2.170880000000000032e-03
2.181119999999999934e-03
2.191359999999999836e-03
2.201600000000000171e-03
2.211840000000000073e-03
2.222079999999999975e-03
2.232319999999999877e-03
2.242560000000000213e-03
2.252800000000000115e-03
2.263040000000000017e-03
2.273279999999999919e-03
2.283520000000000254e-03
2.293760000000000156e-03
2.304000000000000058e-03
2.314239999999999960e-03
2.324479999999999862e-03
2.334720000000000198e-03
2.344960000000000100e-03
2.355200000000000002e-03
2.365439999999999904e-03
2.375680000000000239e-03
2.385920000000000141e-03
2.396160000000000043e-03
2.406399999999999945e-03
2.416639999999999847e-03
2.426880000000000183e-03
2.437120000000000085e-03
2.447359999999999987e-03
2.457599999999999889e-03
2.467840000000000224e-03
2.478080000000000126e-03
2.488320000000000028e-03
2.498559999999999930e-03
2.508800000000000266e-03
2.519040000000000168e-03
2.529280000000000070e-03
2.539519999999999972e-03
2.549759999999999874e-03
2.560000000000000209e-03
2.570240000000000111e-03
2.580480000000000013e-03
2.590719999999999915e-03
2.600960000000000251e-03
2.611200000000000153e-03
2.621440000000000055e-03
2.631679999999999957e-03
2.641919999999999859e-03
2.652160000000000194e-03
2.662400000000000096e-03
2.672639999999999998e-03
2.682879999999999900e-03
2.693120000000000236e-03
2.703360000000000138e-03
2.713600000000000040e-03
2.723839999999999942e-03
2.734079999999999844e-03
2.744320000000000179e-03
2.754560000000000081e-03
2.764799999999999983e-03
2.775039999999999885e-03
2.785280000000000221e-03
2.795520000000000123e-03
2.805760000000000025e-03
2.815999999999999927e-03
2.826240000000000262e-03
2.836480000000000164e-03
2.846720000000000066e-03
2.856959999999999968e-03
2.867199999999999870e-03
2.877440000000000206e-03
2.887680000000000108e-03
2.897920000000000010e-03
2.908159999999999912e-03
2.918400000000000247e-03
2.928640000000000149e-03
2.938880000000000051e-03
2.949119999999999953e-03
2.959359999999999855e-03
2.969600000000000191e-03
2.979840000000000093e-03
2.990079999999999995e-03
3.000319999999999897e-03
3.010560000000000232e-03
3.020800000000000134e-03
3.031040000000000036e-03
3.041279999999999938e-03
3.051520000000000274e-03
3.061760000000000176e-03
3.072000000000000078e-03
3.082239999999999980e-03
3.092479999999999882e-03
3.102720000000000217e-03
3.112960000000000119e-03
3.123200000000000021e-03
3.133439999999999923e-03
3.143680000000000259e-03
3.153920000000000161e-03
3.164160000000000063e-03
3.174399999999999965e-03
3.184639999999999867e-03
3.194880000000000202e-03
3.205120000000000104e-03
3.215360000000000006e-03
3.225599999999999908e-03
3.235840000000000244e-03
3.246080000000000146e-03
3.256320000000000048e-03
3.266559999999999950e-03
3.276799999999999852e-03
3.287040000000000187e-03
3.297280000000000089e-03
3.307519999999999991e-03
3.317759999999999893e-03
3.328000000000000229e-03
3.338240000000000131e-03
3.348480000000000033e-03
3.358719999999999935e-03
3.368960000000000270e-03
3.379200000000000172e-03
3.389440000000000074e-03
3.399679999999999976e-03
3.409919999999999878e-03
3.420160000000000214e-03
3.430400000000000116e-03
3.440640000000000018e-03
3.450879999999999920e-03
3.461120000000000255e-03
3.471360000000000157e-03
3.481600000000000059e-03
3.491839999999999961e-03
3.502079999999999863e-03
3.512320000000000199e-03
3.522560000000000101e-03
3.532800000000000003e-03
3.543039999999999905e-03
3.553280000000000240e-03
3.563520000000000142e-03
3.573760000000000044e-03
3.583999999999999946e-03
3.594240000000000282e-03
3.604480000000000184e-03
3.614720000000000086e-03
3.624959999999999988e-03
3.635199999999999890e-03
3.645440000000000225e-03
3.655680000000000127e-03
3.665920000000000029e-03
3.676159999999999931e-03
3.686400000000000267e-03
3.696640000000000169e-03
3.706880000000000071e-03
3.717119999999999973e-03
3.727359999999999875e-03
3.737600000000000210e-03
3.747840000000000112e-03
3.758080000000000014e-03
3.768319999999999916e-03
3.778560000000000252e-03
3.788800000000000154e-03
3.799040000000000056e-03
3.809279999999999958e-03
3.819520000000000293e-03
3.829760000000000195e-03
3.840000000000000097e-03
3.850239999999999999e-03
3.860479999999999901e-03
3.870720000000000237e-03
3.880960000000000139e-03
3.891200000000000041e-03
3.901439999999999943e-03
3.911679999999999845e-03
3.921919999999999747e-03
3.932160000000000516e-03
3.942400000000000418e-03
3.952640000000000320e-03
3.962880000000000222e-03
3.973120000000000124e-03
3.983360000000000026e-03
3.993599999999999928e-03
4.003839999999999830e-03
4.014079999999999732e-03
4.024320000000000501e-03
4.034560000000000403e-03
4.044800000000000305e-03
4.055040000000000207e-03
4.065280000000000109e-03
4.075520000000000011e-03
4.085759999999999913e-03
4.095999999999999815e-03
4.106239999999999717e-03
4.116480000000000486e-03
4.126720000000000388e-03
4.136960000000000290e-03
4.147200000000000192e-03
4.157440000000000094e-03
4.167679999999999996e-03
4.177919999999999898e-03
4.188159999999999800e-03
4.198399999999999702e-03
4.208640000000000471e-03
4.218880000000000373e-03
4.229120000000000275e-03
4.239360000000000177e-03
4.249600000000000079e-03
4.259839999999999981e-03
4.270079999999999883e-03
4.280319999999999785e-03
4.290559999999999687e-03
4.300800000000000456e-03
4.311040000000000358e-03
4.321280000000000260e-03
4.331520000000000162e-03
4.341760000000000064e-03
4.351999999999999966e-03
4.362239999999999868e-03
4.372479999999999770e-03
4.382719999999999672e-03
4.392960000000000441e-03
4.403200000000000343e-03
4.413440000000000245e-03
4.423680000000000147e-03
4.433920000000000049e-03
4.444159999999999951e-03
4.454399999999999853e-03
4.464639999999999755e-03
4.474880000000000524e-03
4.485120000000000426e-03
4.495360000000000328e-03
4.505600000000000230e-03
4.515840000000000132e-03
4.526080000000000034e-03
4.536319999999999936e-03
4.546559999999999838e-03
4.556799999999999740e-03
4.567040000000000509e-03
4.577280000000000411e-03
4.587520000000000313e-03
4.597760000000000215e-03
4.608000000000000117e-03
4.618240000000000019e-03
4.628479999999999921e-03
4.638719999999999823e-03
4.648959999999999725e-03
4.659200000000000494e-03
4.669440000000000396e-03
4.679680000000000298e-03
4.689920000000000200e-03
4.700160000000000102e-03
4.710400000000000004e-03
4.720639999999999906e-03
4.730879999999999808e-03
4.741119999999999710e-03
4.751360000000000479e-03
4.761600000000000381e-03
4.771840000000000283e-03
4.782080000000000185e-03
4.792320000000000087e-03
4.802559999999999989e-03
4.812799999999999891e-03
4.823039999999999793e-03
4.833279999999999695e-03
4.843520000000000464e-03
4.853760000000000366e-03
4.864000000000000268e-03
4.874240000000000170e-03
4.884480000000000072e-03
4.894719999999999974e-03
4.904959999999999876e-03
4.915199999999999778e-03
4.925439999999999680e-03
4.935680000000000449e-03
4.945920000000000351e-03
4.956160000000000253e-03
4.966400000000000155e-03
4.976640000000000057e-03
4.986879999999999959e-03
4.997119999999999861e-03
5.007359999999999763e-03
5.017600000000000532e-03
5.027840000000000434e-03
5.038080000000000336e-03
5.048320000000000238e-03
5.058560000000000140e-03
5.068800000000000042e-03
5.079039999999999944e-03
5.089279999999999846e-03
5.099519999999999748e-03
5.109760000000000517e-03
5.120000000000000419e-03
5.130240000000000321e-03
5.140480000000000223e-03
5.150720000000000125e-03
5.160960000000000027e-03
5.171199999999999929e-03
5.181439999999999831e-03
5.191679999999999733e-03
5.201920000000000502e-03
5.212160000000000404e-03
5.222400000000000306e-03
5.232640000000000208e-03
5.242880000000000110e-03
5.253120000000000012e-03
5.263359999999999914e-03
5.273599999999999816e-03
5.283839999999999718e-03
5.294080000000000487e-03
5.304320000000000389e-03
5.314560000000000291e-03
5.324800000000000193e-03
5.335040000000000095e-03
5.345279999999999997e-03
5.355519999999999899e-03
5.365759999999999801e-03
5.375999999999999703e-03
5.386240000000000472e-03
5.396480000000000374e-03
5.406720000000000276e-03
5.416960000000000178e-03
5.427200000000000080e-03
5.437439999999999982e-03
5.447679999999999884e-03
5.457919999999999786e-03
5.468159999999999688e-03
5.478400000000000457e-03
5.488640000000000359e-03
5.498880000000000261e-03
5.509120000000000163e-03
5.519360000000000065e-03
5.529599999999999967e-03
5.539839999999999869e-03
5.550079999999999771e-03
5.560320000000000540e-03
5.570560000000000442e-03
5.580800000000000344e-03
5.591040000000000246e-03
5.601280000000000148e-03
5.611520000000000050e-03
5.621759999999999952e-03
5.631999999999999854e-03
5.642239999999999756e-03
5.652480000000000525e-03
5.662720000000000427e-03
5.672960000000000329e-03
5.683200000000000231e-03
5.693440000000000133e-03
5.703680000000000035e-03
5.713919999999999937e-03
5.724159999999999839e-03
5.734399999999999741e-03
5.744640000000000510e-03
5.754880000000000412e-03
5.765120000000000314e-03
5.775360000000000216e-03
5.785600000000000118e-03
5.795840000000000020e-03
5.806079999999999922e-03
5.816319999999999824e-03
5.826559999999999725e-03
5.836800000000000495e-03
5.847040000000000397e-03
5.857280000000000299e-03
5.867520000000000201e-03
5.877760000000000103e-03
5.888000000000000005e-03
5.898239999999999907e-03
5.908479999999999809e-03
5.918719999999999710e-03
5.928960000000000480e-03
5.939200000000000382e-03
5.949440000000000284e-03
5.959680000000000186e-03
5.969920000000000088e-03
5.980159999999999990e-03
5.990399999999999892e-03
6.000639999999999794e-03
6.010879999999999695e-03
6.021120000000000465e-03
6.031360000000000367e-03
6.041600000000000269e-03
6.051840000000000171e-03
6.062080000000000073e-03
6.072319999999999975e-03
6.082559999999999877e-03
6.092799999999999778e-03
6.103040000000000548e-03
6.113280000000000450e-03
6.123520000000000352e-03
6.133760000000000254e-03
6.144000000000000156e-03
6.154240000000000058e-03
6.164479999999999960e-03
6.174719999999999862e-03
6.184959999999999763e-03
6.195200000000000533e-03
6.205440000000000435e-03
6.215680000000000337e-03
6.225920000000000239e-03
6.236160000000000141e-03
6.246400000000000043e-03
6.256639999999999945e-03
6.266879999999999847e-03
6.277119999999999748e-03
6.287360000000000518e-03
6.297600000000000420e-03
6.307840000000000322e-03
6.318080000000000224e-03
6.328320000000000126e-03
6.338560000000000028e-03
6.348799999999999930e-03
6.359039999999999832e-03
6.369279999999999733e-03
6.379520000000000503e-03
6.389760000000000405e-03
6.400000000000000307e-03
6.410240000000000209e-03
6.420480000000000111e-03
6.430720000000000013e-03
6.440959999999999915e-03
6.451199999999999816e-03
6.461439999999999718e-03
6.471680000000000488e-03
6.481920000000000390e-03
6.492160000000000292e-03
6.502400000000000194e-03
6.512640000000000096e-03
6.522879999999999998e-03
6.533119999999999900e-03
6.543359999999999801e-03
6.553599999999999703e-03
6.563840000000000473e-03
6.574080000000000375e-03
6.584320000000000277e-03
6.594560000000000179e-03
6.604800000000000081e-03
6.615039999999999983e-03
6.625279999999999885e-03
6.635519999999999786e-03
6.645760000000000556e-03
6.656000000000000458e-03
6.666240000000000360e-03
6.676480000000000262e-03
6.686720000000000164e-03
6.696960000000000066e-03
6.707199999999999968e-03
6.717439999999999869e-03
6.727679999999999771e-03
6.737920000000000541e-03
6.748160000000000443e-03
6.758400000000000345e-03
6.768640000000000247e-03
6.778880000000000149e-03
6.789120000000000051e-03
6.799359999999999953e-03
6.809599999999999854e-03
6.819839999999999756e-03
6.830080000000000526e-03
6.840320000000000428e-03
6.850560000000000330e-03
6.860800000000000232e-03
6.871040000000000134e-03
6.881280000000000036e-03
6.891519999999999938e-03
6.901759999999999839e-03
6.911999999999999741e-03
6.922240000000000511e-03
6.932480000000000413e-03
6.942720000000000315e-03
6.952960000000000217e-03
6.963200000000000119e-03
6.973440000000000021e-03
6.983679999999999922e-03
6.993919999999999824e-03
7.004159999999999726e-03
7.014400000000000496e-03
7.024640000000000398e-03
7.034880000000000300e-03
7.045120000000000202e-03
7.055360000000000104e-03
7.065600000000000006e-03
7.075839999999999907e-03
7.086079999999999809e-03
7.096320000000000579e-03
7.106560000000000481e-03
7.116800000000000383e-03
7.127040000000000285e-03
7.137280000000000187e-03
7.147520000000000089e-03
7.157759999999999991e-03
7.167999999999999892e-03
7.178239999999999794e-03
7.188480000000000564e-03
7.198720000000000466e-03
7.208960000000000368e-03
7.219200000000000270e-03
7.229440000000000172e-03
7.239680000000000074e-03
7.249919999999999976e-03
7.260159999999999877e-03
7.270399999999999779e-03
7.280640000000000549e-03
7.290880000000000451e-03
7.301120000000000353e-03
7.311360000000000255e-03
7.321600000000000157e-03
7.331840000000000059e-03
7.342079999999999960e-03
7.352319999999999862e-03
7.362559999999999764e-03
7.372800000000000534e-03
7.383040000000000436e-03
7.393280000000000338e-03
7.403520000000000240e-03
7.413760000000000142e-03
7.424000000000000044e-03
7.434239999999999945e-03
7.444479999999999847e-03
7.454719999999999749e-03
7.464960000000000519e-03
7.475200000000000421e-03
7.485440000000000323e-03
7.495680000000000225e-03
7.505920000000000127e-03
7.516160000000000029e-03
7.526399999999999930e-03
7.536639999999999832e-03
7.546879999999999734e-03
7.557120000000000504e-03
7.567360000000000406e-03
7.577600000000000308e-03
7.587840000000000210e-03
7.598080000000000112e-03
7.608320000000000013e-03
7.618559999999999915e-03
7.628799999999999817e-03
7.639040000000000587e-03
7.649280000000000489e-03
7.659520000000000391e-03
7.669760000000000293e-03
7.680000000000000195e-03
7.690240000000000097e-03
7.700479999999999998e-03
7.710719999999999900e-03
7.720959999999999802e-03
7.731200000000000572e-03
7.741440000000000474e-03
7.751680000000000376e-03
7.761920000000000278e-03
7.772160000000000180e-03
7.782400000000000082e-03
7.792639999999999983e-03
7.802879999999999885e-03
7.813119999999999787e-03
7.823359999999999689e-03
7.833599999999999591e-03
7.843839999999999493e-03
7.854079999999999395e-03
7.864320000000001032e-03
7.874560000000000934e-03
7.884800000000000836e-03
7.895040000000000738e-03
7.905280000000000640e-03
7.915520000000000542e-03
7.925760000000000444e-03
7.936000000000000346e-03
7.946240000000000248e-03
7.956480000000000150e-03
7.966720000000000051e-03
7.976959999999999953e-03
7.987199999999999855e-03
7.997439999999999757e-03
8.007679999999999659e-03
8.017919999999999561e-03
8.028159999999999463e-03
8.038399999999999365e-03
8.048640000000001002e-03
8.058880000000000904e-03
8.069120000000000806e-03
8.079360000000000708e-03
8.089600000000000610e-03
8.099840000000000512e-03
8.110080000000000414e-03
8.120320000000000316e-03
8.130560000000000218e-03
8.140800000000000120e-03
8.151040000000000021e-03
8.161279999999999923e-03
8.171519999999999825e-03
8.181759999999999727e-03
8.191999999999999629e-03
8.202239999999999531e-03
8.212479999999999433e-03
8.222719999999999335e-03
8.232960000000000972e-03
8.243200000000000874e-03
8.253440000000000776e-03
8.263680000000000678e-03
8.273920000000000580e-03
8.284160000000000482e-03
8.294400000000000384e-03
8.304640000000000286e-03
8.314880000000000188e-03
8.325120000000000089e-03
8.335359999999999991e-03
8.345599999999999893e-03
8.355839999999999795e-03
8.366079999999999697e-03
8.376319999999999599e-03
8.386559999999999501e-03
8.396799999999999403e-03
8.407040000000001040e-03
8.417280000000000942e-03
8.427520000000000844e-03
8.437760000000000746e-03
8.448000000000000648e-03
8.458240000000000550e-03
8.468480000000000452e-03
8.478720000000000354e-03
8.488960000000000256e-03
8.499200000000000157e-03
8.509440000000000059e-03
8.519679999999999961e-03
8.529919999999999863e-03
8.540159999999999765e-03
8.550399999999999667e-03
8.560639999999999569e-03
8.570879999999999471e-03
8.581119999999999373e-03
8.591360000000001010e-03
8.601600000000000912e-03
8.611840000000000814e-03
8.622080000000000716e-03
8.632320000000000618e-03
8.642560000000000520e-03
8.652800000000000422e-03
8.663040000000000324e-03
8.673280000000000226e-03
8.683520000000000127e-03
8.693760000000000029e-03
8.703999999999999931e-03
8.714239999999999833e-03
8.724479999999999735e-03
8.734719999999999637e-03
8.744959999999999539e-03
8.755199999999999441e-03
8.765439999999999343e-03
8.775680000000000980e-03
8.785920000000000882e-03
8.796160000000000784e-03
8.806400000000000686e-03
8.816640000000000588e-03
8.826880000000000490e-03
8.837120000000000392e-03
8.847360000000000294e-03
8.857600000000000195e-03
8.867840000000000097e-03
8.878079999999999999e-03
8.888319999999999901e-03
8.898559999999999803e-03
8.908799999999999705e-03
8.919039999999999607e-03
8.929279999999999509e-03
8.939519999999999411e-03
8.949760000000001048e-03
8.960000000000000950e-03
8.970240000000000852e-03
8.980480000000000754e-03
8.990720000000000656e-03
9.000960000000000558e-03
9.011200000000000460e-03
9.021440000000000362e-03
9.031680000000000264e-03
9.041920000000000165e-03
9.052160000000000067e-03
9.062399999999999969e-03
9.072639999999999871e-03
9.082879999999999773e-03
9.093119999999999675e-03
9.103359999999999577e-03
9.113599999999999479e-03
9.123839999999999381e-03
9.134080000000001018e-03
9.144320000000000920e-03
9.154560000000000822e-03
9.164800000000000724e-03
9.175040000000000626e-03
9.185280000000000528e-03
9.195520000000000430e-03
9.205760000000000332e-03
9.216000000000000233e-03
9.226240000000000135e-03
9.236480000000000037e-03
9.246719999999999939e-03
9.256959999999999841e-03
9.267199999999999743e-03
9.277439999999999645e-03
9.287679999999999547e-03
9.297919999999999449e-03
9.308159999999999351e-03
9.318400000000000988e-03
9.328640000000000890e-03
9.338880000000000792e-03
9.349120000000000694e-03
9.359360000000000596e-03
9.369600000000000498e-03
9.379840000000000400e-03
9.390080000000000301e-03
9.400320000000000203e-03
9.410560000000000105e-03
9.420800000000000007e-03
9.431039999999999909e-03
9.441279999999999811e-03
9.451519999999999713e-03
9.461759999999999615e-03
9.471999999999999517e-03
9.482239999999999419e-03
9.492480000000001056e-03
9.502720000000000958e-03
9.512960000000000860e-03
9.523200000000000762e-03
9.533440000000000664e-03
9.543680000000000566e-03
9.553920000000000468e-03
9.564160000000000370e-03
9.574400000000000271e-03
9.584640000000000173e-03
9.594880000000000075e-03
9.605119999999999977e-03
9.615359999999999879e-03
9.625599999999999781e-03
9.635839999999999683e-03
9.646079999999999585e-03
9.656319999999999487e-03
9.666559999999999389e-03
9.676800000000001026e-03
9.687040000000000928e-03
9.697280000000000830e-03
9.707520000000000732e-03
9.717760000000000634e-03
9.728000000000000536e-03
9.738240000000000438e-03
9.748480000000000339e-03
9.758720000000000241e-03
9.768960000000000143e-03
9.779200000000000045e-03
9.789439999999999947e-03
9.799679999999999849e-03
9.809919999999999751e-03
9.820159999999999653e-03
9.830399999999999555e-03
9.840639999999999457e-03
9.850879999999999359e-03
9.861120000000000996e-03
9.871360000000000898e-03
9.881600000000000800e-03
9.891840000000000702e-03
9.902080000000000604e-03
9.912320000000000506e-03
9.922560000000000408e-03
9.932800000000000309e-03
9.943040000000000211e-03
9.953280000000000113e-03
9.963520000000000015e-03
9.973759999999999917e-03
9.983999999999999819e-03
9.994239999999999721e-03
1.000447999999999962e-02
1.001471999999999953e-02
1.002495999999999943e-02
1.003520000000000106e-02
1.004544000000000097e-02
1.005568000000000087e-02
1.006592000000000077e-02
1.007616000000000067e-02
1.008640000000000057e-02
1.009664000000000048e-02
1.010688000000000038e-02
1.011712000000000028e-02
1.012736000000000018e-02
1.013760000000000008e-02
1.014783999999999999e-02
1.015807999999999989e-02
1.016831999999999979e-02
1.017855999999999969e-02
1.018879999999999959e-02
1.019903999999999950e-02
1.020927999999999940e-02
1.021952000000000103e-02
1.022976000000000094e-02
1.024000000000000084e-02
1.025024000000000074e-02
1.026048000000000064e-02
1.027072000000000054e-02
1.028096000000000045e-02
1.029120000000000035e-02
1.030144000000000025e-02
1.031168000000000015e-02
1.032192000000000005e-02
1.033215999999999996e-02
1.034239999999999986e-02
1.035263999999999976e-02
1.036287999999999966e-02
1.037311999999999956e-02
1.038335999999999947e-02
1.039359999999999937e-02
1.040384000000000100e-02
1.041408000000000091e-02
1.042432000000000081e-02
1.043456000000000071e-02
1.044480000000000061e-02
1.045504000000000051e-02
1.046528000000000042e-02
1.047552000000000032e-02
1.048576000000000022e-02
1.049600000000000012e-02
1.050624000000000002e-02
1.051647999999999993e-02
1.052671999999999983e-02
1.053695999999999973e-02
1.054719999999999963e-02
1.055743999999999953e-02
1.056767999999999944e-02
1.057792000000000107e-02
1.058816000000000097e-02
1.059840000000000088e-02
1.060864000000000078e-02
1.061888000000000068e-02
1.062912000000000058e-02
1.063936000000000048e-02
1.064960000000000039e-02
1.065984000000000029e-02
1.067008000000000019e-02
1.068032000000000009e-02
1.069055999999999999e-02
1.070079999999999990e-02
1.071103999999999980e-02
1.072127999999999970e-02
1.073151999999999960e-02
1.074175999999999950e-02
1.075199999999999941e-02
1.076224000000000104e-02
1.077248000000000094e-02
1.078272000000000085e-02
1.079296000000000075e-02
1.080320000000000065e-02
1.081344000000000055e-02
1.082368000000000045e-02
1.083392000000000036e-02
1.084416000000000026e-02
1.085440000000000016e-02
1.086464000000000006e-02
1.087487999999999996e-02
1.088511999999999987e-02
1.089535999999999977e-02
1.090559999999999967e-02
1.091583999999999957e-02
1.092607999999999947e-02
1.093631999999999938e-02
1.094656000000000101e-02
1.095680000000000091e-02
1.096704000000000082e-02
1.097728000000000072e-02
1.098752000000000062e-02
1.099776000000000052e-02
1.100800000000000042e-02
1.101824000000000033e-02
1.102848000000000023e-02
1.103872000000000013e-02
1.104896000000000003e-02
1.105919999999999993e-02
1.106943999999999984e-02
1.107967999999999974e-02
1.108991999999999964e-02
1.110015999999999954e-02
1.111039999999999944e-02
1.112064000000000108e-02
1.113088000000000098e-02
1.114112000000000088e-02
1.115136000000000079e-02
1.116160000000000069e-02
1.117184000000000059e-02
1.118208000000000049e-02
1.119232000000000039e-02
1.120256000000000030e-02
1.121280000000000020e-02
1.122304000000000010e-02
1.123328000000000000e-02
1.124351999999999990e-02
1.125375999999999981e-02
1.126399999999999971e-02
1.127423999999999961e-02
1.128447999999999951e-02
1.129471999999999941e-02
1.130496000000000105e-02
1.131520000000000095e-02
1.132544000000000085e-02
1.133568000000000076e-02
1.134592000000000066e-02
1.135616000000000056e-02
1.136640000000000046e-02
1.137664000000000036e-02
1.138688000000000027e-02
1.139712000000000017e-02
1.140736000000000007e-02
1.141759999999999997e-02
1.142783999999999987e-02
1.143807999999999978e-02
1.144831999999999968e-02
1.145855999999999958e-02
1.146879999999999948e-02
1.147903999999999938e-02
1.148928000000000102e-02
1.149952000000000092e-02
1.150976000000000082e-02
1.152000000000000073e-02
1.153024000000000063e-02
1.154048000000000053e-02
1.155072000000000043e-02
1.156096000000000033e-02
1.157120000000000024e-02
1.158144000000000014e-02
1.159168000000000004e-02
1.160191999999999994e-02
1.161215999999999984e-02
1.162239999999999975e-02
1.163263999999999965e-02
1.164287999999999955e-02
1.165311999999999945e-02
1.166336000000000109e-02
1.167360000000000099e-02
1.168384000000000089e-02
1.169408000000000079e-02
1.170432000000000070e-02
1.171456000000000060e-02
1.172480000000000050e-02
1.173504000000000040e-02
1.174528000000000030e-02
1.175552000000000021e-02
1.176576000000000011e-02
1.177600000000000001e-02
1.178623999999999991e-02
1.179647999999999981e-02
1.180671999999999972e-02
1.181695999999999962e-02
1.182719999999999952e-02
1.183743999999999942e-02
1.184768000000000106e-02
1.185792000000000096e-02
1.186816000000000086e-02
1.187840000000000076e-02
1.188864000000000067e-02
1.189888000000000057e-02
1.190912000000000047e-02
1.191936000000000037e-02
1.192960000000000027e-02
1.193984000000000018e-02
1.195008000000000008e-02
1.196031999999999998e-02
1.197055999999999988e-02
1.198079999999999978e-02
1.199103999999999969e-02
1.200127999999999959e-02
1.201151999999999949e-02
1.202175999999999939e-02
1.203200000000000103e-02
1.204224000000000093e-02
1.205248000000000083e-02
1.206272000000000073e-02
1.207296000000000064e-02
1.208320000000000054e-02
1.209344000000000044e-02
1.210368000000000034e-02
1.211392000000000024e-02
1.212416000000000015e-02
1.213440000000000005e-02
1.214463999999999995e-02
1.215487999999999985e-02
1.216511999999999975e-02
1.217535999999999966e-02
1.218559999999999956e-02
1.219583999999999946e-02
1.220608000000000110e-02
1.221632000000000100e-02
1.222656000000000090e-02
1.223680000000000080e-02
1.224704000000000070e-02
1.225728000000000061e-02
1.226752000000000051e-02
1.227776000000000041e-02
1.228800000000000031e-02
1.229824000000000021e-02
1.230848000000000012e-02
1.231872000000000002e-02
1.232895999999999992e-02
1.233919999999999982e-02
1.234943999999999972e-02
1.235967999999999963e-02
1.236991999999999953e-02
1.238015999999999943e-02
1.239040000000000107e-02
1.240064000000000097e-02
1.241088000000000087e-02
1.242112000000000077e-02
1.243136000000000067e-02
1.244160000000000058e-02
1.245184000000000048e-02
1.246208000000000038e-02
1.247232000000000028e-02
1.248256000000000018e-02
1.249280000000000009e-02
1.250303999999999999e-02
1.251327999999999989e-02
1.252351999999999979e-02
1.253375999999999969e-02
1.254399999999999959e-02
1.255423999999999950e-02
1.256447999999999940e-02
1.257472000000000104e-02
1.258496000000000094e-02
1.259520000000000084e-02
1.260544000000000074e-02
1.261568000000000064e-02
1.262592000000000055e-02
1.263616000000000045e-02
1.264640000000000035e-02
1.265664000000000025e-02
1.266688000000000015e-02
1.267712000000000006e-02
1.268735999999999996e-02
1.269759999999999986e-02
1.270783999999999976e-02
1.271807999999999966e-02
1.272831999999999956e-02
1.273855999999999947e-02
1.274880000000000110e-02
1.275904000000000101e-02
1.276928000000000091e-02
1.277952000000000081e-02
1.278976000000000071e-02
1.280000000000000061e-02
1.281024000000000052e-02
1.282048000000000042e-02
1.283072000000000032e-02
1.284096000000000022e-02
1.285120000000000012e-02
1.286144000000000003e-02
1.287167999999999993e-02
1.288191999999999983e-02
1.289215999999999973e-02
1.290239999999999963e-02
1.291263999999999953e-02
1.292287999999999944e-02
1.293312000000000107e-02
1.294336000000000098e-02
1.295360000000000088e-02
1.296384000000000078e-02
1.297408000000000068e-02
1.298432000000000058e-02
1.299456000000000049e-02
1.300480000000000039e-02
1.301504000000000029e-02
1.302528000000000019e-02
1.303552000000000009e-02
1.304576000000000000e-02
1.305599999999999990e-02
1.306623999999999980e-02
1.307647999999999970e-02
1.308671999999999960e-02
1.309695999999999950e-02
1.310719999999999941e-02
1.311744000000000104e-02
1.312768000000000095e-02
1.313792000000000085e-02
1.314816000000000075e-02
1.315840000000000065e-02
1.316864000000000055e-02
1.317888000000000046e-02
1.318912000000000036e-02
1.319936000000000026e-02
1.320960000000000016e-02
1.321984000000000006e-02
1.323007999999999997e-02
1.324031999999999987e-02
1.325055999999999977e-02
1.326079999999999967e-02
1.327103999999999957e-02
1.328127999999999947e-02
1.329152000000000111e-02
1.330176000000000101e-02
1.331200000000000092e-02
1.332224000000000082e-02
1.333248000000000072e-02
1.334272000000000062e-02
1.335296000000000052e-02
1.336320000000000043e-02
1.337344000000000033e-02
1.338368000000000023e-02
1.339392000000000013e-02
1.340416000000000003e-02
1.341439999999999994e-02
1.342463999999999984e-02
1.343487999999999974e-02
1.344511999999999964e-02
1.345535999999999954e-02
1.346559999999999944e-02
1.347584000000000108e-02
1.348608000000000098e-02
1.349632000000000089e-02
1.350656000000000079e-02
1.351680000000000069e-02
1.352704000000000059e-02
1.353728000000000049e-02
1.354752000000000040e-02
1.355776000000000030e-02
1.356800000000000020e-02
1.357824000000000010e-02
1.358848000000000000e-02
1.359871999999999991e-02
1.360895999999999981e-02
1.361919999999999971e-02
1.362943999999999961e-02
1.363967999999999951e-02
1.364992000000000115e-02
1.366016000000000105e-02
1.367040000000000095e-02
1.368064000000000086e-02
1.369088000000000076e-02
1.370112000000000066e-02
1.371136000000000056e-02
1.372160000000000046e-02
1.373184000000000037e-02
1.374208000000000027e-02
1.375232000000000017e-02
1.376256000000000007e-02
1.377279999999999997e-02
1.378303999999999988e-02
1.379327999999999978e-02
1.380351999999999968e-02
1.381375999999999958e-02
1.382399999999999948e-02
1.383424000000000112e-02
1.384448000000000102e-02
1.385472000000000092e-02
1.386496000000000083e-02
1.387520000000000073e-02
1.388544000000000063e-02
1.389568000000000053e-02
1.390592000000000043e-02
1.391616000000000034e-02
1.392640000000000024e-02
1.393664000000000014e-02
1.394688000000000004e-02
1.395711999999999994e-02
1.396735999999999984e-02
1.397759999999999975e-02
1.398783999999999965e-02
1.399807999999999955e-02
1.400831999999999945e-02
1.401856000000000109e-02
1.402880000000000099e-02
1.403904000000000089e-02
1.404928000000000080e-02
1.405952000000000070e-02
1.406976000000000060e-02
1.408000000000000050e-02
1.409024000000000040e-02
1.410048000000000031e-02
1.411072000000000021e-02
1.412096000000000011e-02
1.413120000000000001e-02
1.414143999999999991e-02
1.415167999999999981e-02
1.416191999999999972e-02
1.417215999999999962e-02
1.418239999999999952e-02
1.419264000000000116e-02
1.420288000000000106e-02
1.421312000000000096e-02
1.422336000000000086e-02
1.423360000000000077e-02
1.424384000000000067e-02
1.425408000000000057e-02
1.426432000000000047e-02
1.427456000000000037e-02
1.428480000000000028e-02
1.429504000000000018e-02
1.430528000000000008e-02
1.431551999999999998e-02
1.432575999999999988e-02
1.433599999999999978e-02
1.434623999999999969e-02
1.435647999999999959e-02
1.436671999999999949e-02
1.437696000000000113e-02
1.438720000000000103e-02
1.439744000000000093e-02
1.440768000000000083e-02
1.441792000000000074e-02
1.442816000000000064e-02
1.443840000000000054e-02
1.444864000000000044e-02
1.445888000000000034e-02
1.446912000000000025e-02
1.447936000000000015e-02
1.448960000000000005e-02
1.449983999999999995e-02
1.451007999999999985e-02
1.452031999999999975e-02
1.453055999999999966e-02
1.454079999999999956e-02
1.455103999999999946e-02
1.456128000000000110e-02
1.457152000000000100e-02
1.458176000000000090e-02
1.459200000000000080e-02
1.460224000000000071e-02
1.461248000000000061e-02
1.462272000000000051e-02
1.463296000000000041e-02
1.464320000000000031e-02
1.465344000000000022e-02
1.466368000000000012e-02
1.467392000000000002e-02
1.468415999999999992e-02
1.469439999999999982e-02
1.470463999999999972e-02
1.471487999999999963e-02
1.472511999999999953e-02
1.473536000000000117e-02
1.474560000000000107e-02
1.475584000000000097e-02
1.476608000000000087e-02
1.477632000000000077e-02
1.478656000000000068e-02
1.479680000000000058e-02
1.480704000000000048e-02
1.481728000000000038e-02
1.482752000000000028e-02
1.483776000000000019e-02
1.484800000000000009e-02
1.485823999999999999e-02
1.486847999999999989e-02
1.487871999999999979e-02
1.488895999999999969e-02
1.489919999999999960e-02
1.490943999999999950e-02
1.491968000000000114e-02
1.492992000000000104e-02
1.494016000000000094e-02
1.495040000000000084e-02
1.496064000000000074e-02
1.497088000000000065e-02
1.498112000000000055e-02
1.499136000000000045e-02
1.500160000000000035e-02
1.501184000000000025e-02
1.502208000000000016e-02
1.503232000000000006e-02
1.504255999999999996e-02
1.505279999999999986e-02
1.506303999999999976e-02
1.507327999999999966e-02
1.508351999999999957e-02
1.509375999999999947e-02
1.510400000000000111e-02
1.511424000000000101e-02
1.512448000000000091e-02
1.513472000000000081e-02
1.514496000000000071e-02
1.515520000000000062e-02
1.516544000000000052e-02
1.517568000000000042e-02
1.518592000000000032e-02
1.519616000000000022e-02
1.520640000000000013e-02
1.521664000000000003e-02
1.522687999999999993e-02
1.523711999999999983e-02
1.524735999999999973e-02
1.525759999999999963e-02
1.526783999999999954e-02
1.527808000000000117e-02
1.528832000000000108e-02
1.529856000000000098e-02
1.530880000000000088e-02
1.531904000000000078e-02
1.532928000000000068e-02
1.533952000000000059e-02
1.534976000000000049e-02
1.536000000000000039e-02
1.537024000000000029e-02
1.538048000000000019e-02
1.539072000000000010e-02
1.540096000000000000e-02
1.541119999999999990e-02
1.542143999999999980e-02
1.543167999999999970e-02
1.544191999999999960e-02
1.545215999999999951e-02
1.546240000000000114e-02
1.547264000000000105e-02
1.548288000000000095e-02
1.549312000000000085e-02
1.550336000000000075e-02
1.551360000000000065e-02
1.552384000000000056e-02
1.553408000000000046e-02
1.554432000000000036e-02
1.555456000000000026e-02
1.556480000000000016e-02
1.557504000000000006e-02
1.558527999999999997e-02
1.559551999999999987e-02
1.560575999999999977e-02
1.561599999999999967e-02
1.562623999999999957e-02
1.563648000000000121e-02
1.564671999999999938e-02
1.565696000000000102e-02
1.566719999999999918e-02
1.567744000000000082e-02
1.568767999999999899e-02
1.569792000000000062e-02
1.570815999999999879e-02
1.571840000000000043e-02
1.572864000000000206e-02
1.573888000000000023e-02
1.574912000000000187e-02
1.575936000000000003e-02
1.576960000000000167e-02
1.577983999999999984e-02
1.579008000000000148e-02
1.580031999999999964e-02
1.581056000000000128e-02
1.582079999999999945e-02
1.583104000000000108e-02
1.584127999999999925e-02
1.585152000000000089e-02
1.586175999999999905e-02
1.587200000000000069e-02
1.588223999999999886e-02
1.589248000000000050e-02
1.590271999999999866e-02
1.591296000000000030e-02
1.592320000000000194e-02
1.593344000000000010e-02
1.594368000000000174e-02
1.595391999999999991e-02
1.596416000000000154e-02
1.597439999999999971e-02
1.598464000000000135e-02
1.599487999999999951e-02
1.600512000000000115e-02
1.601535999999999932e-02
1.602560000000000096e-02
1.603583999999999912e-02
1.604608000000000076e-02
1.605631999999999893e-02
1.606656000000000056e-02
1.607679999999999873e-02
1.608704000000000037e-02
1.609728000000000200e-02
1.610752000000000017e-02
1.611776000000000181e-02
1.612799999999999997e-02
1.613824000000000161e-02
1.614847999999999978e-02
1.615872000000000142e-02
1.616895999999999958e-02
1.617920000000000122e-02
1.618943999999999939e-02
1.619968000000000102e-02
1.620991999999999919e-02
1.622016000000000083e-02
1.623039999999999899e-02
1.624064000000000063e-02
1.625087999999999880e-02
1.626112000000000044e-02
1.627136000000000207e-02
1.628160000000000024e-02
1.629184000000000188e-02
1.630208000000000004e-02
1.631232000000000168e-02
1.632255999999999985e-02
1.633280000000000148e-02
1.634303999999999965e-02
1.635328000000000129e-02
1.636351999999999945e-02
1.637376000000000109e-02
1.638399999999999926e-02
1.639424000000000090e-02
1.640447999999999906e-02
1.641472000000000070e-02
1.642495999999999887e-02
1.643520000000000050e-02
1.644543999999999867e-02
1.645568000000000031e-02
1.646592000000000194e-02
1.647616000000000011e-02
1.648640000000000175e-02
1.649663999999999991e-02
1.650688000000000155e-02
1.651711999999999972e-02
1.652736000000000136e-02
1.653759999999999952e-02
1.654784000000000116e-02
1.655807999999999933e-02
1.656832000000000096e-02
1.657855999999999913e-02
1.658880000000000077e-02
1.659903999999999893e-02
1.660928000000000057e-02
1.661951999999999874e-02
1.662976000000000038e-02
1.664000000000000201e-02
1.665024000000000018e-02
1.666048000000000182e-02
1.667071999999999998e-02
1.668096000000000162e-02
1.669119999999999979e-02
1.670144000000000142e-02
1.671167999999999959e-02
1.672192000000000123e-02
1.673215999999999939e-02
1.674240000000000103e-02
1.675263999999999920e-02
1.676288000000000084e-02
1.677311999999999900e-02
1.678336000000000064e-02
1.679359999999999881e-02
1.680384000000000044e-02
1.681408000000000208e-02
1.682432000000000025e-02
1.683456000000000188e-02
1.684480000000000005e-02
1.685504000000000169e-02
1.686527999999999985e-02
1.687552000000000149e-02
1.688575999999999966e-02
1.689600000000000130e-02
1.690623999999999946e-02
1.691648000000000110e-02
1.692671999999999927e-02
1.693696000000000090e-02
1.694719999999999907e-02
1.695744000000000071e-02
1.696767999999999887e-02
1.697792000000000051e-02
1.698815999999999868e-02
1.699840000000000031e-02
1.700864000000000195e-02
1.701888000000000012e-02
1.702912000000000176e-02
1.703935999999999992e-02
1.704960000000000156e-02
1.705983999999999973e-02
1.707008000000000136e-02
1.708031999999999953e-02
1.709056000000000117e-02
1.710079999999999933e-02
1.711104000000000097e-02
1.712127999999999914e-02
1.713152000000000078e-02
1.714175999999999894e-02
1.715200000000000058e-02
1.716223999999999875e-02
1.717248000000000038e-02
1.718272000000000202e-02
1.719296000000000019e-02
1.720320000000000182e-02
1.721343999999999999e-02
1.722368000000000163e-02
1.723391999999999979e-02
1.724416000000000143e-02
1.725439999999999960e-02
1.726464000000000124e-02
1.727487999999999940e-02
1.728512000000000104e-02
1.729535999999999921e-02
1.730560000000000084e-02
1.731583999999999901e-02
1.732608000000000065e-02
1.733631999999999881e-02
1.734656000000000045e-02
1.735680000000000209e-02
1.736704000000000025e-02
1.737728000000000189e-02
1.738752000000000006e-02
1.739776000000000170e-02
1.740799999999999986e-02
1.741824000000000150e-02
1.742847999999999967e-02
1.743872000000000130e-02
1.744895999999999947e-02
1.745920000000000111e-02
1.746943999999999927e-02
1.747968000000000091e-02
1.748991999999999908e-02
1.750016000000000072e-02
1.751039999999999888e-02
1.752064000000000052e-02
1.753087999999999869e-02
1.754112000000000032e-02
1.755136000000000196e-02
1.756160000000000013e-02
1.757184000000000176e-02
1.758207999999999993e-02
1.759232000000000157e-02
1.760255999999999973e-02
1.761280000000000137e-02
1.762303999999999954e-02
1.763328000000000118e-02
1.764351999999999934e-02
1.765376000000000098e-02
1.766399999999999915e-02
1.767424000000000078e-02
1.768447999999999895e-02
1.769472000000000059e-02
1.770495999999999875e-02
1.771520000000000039e-02
1.772544000000000203e-02
1.773568000000000019e-02
1.774592000000000183e-02
1.775616000000000000e-02
1.776640000000000164e-02
1.777663999999999980e-02
1.778688000000000144e-02
1.779711999999999961e-02
1.780736000000000124e-02
1.781759999999999941e-02
1.782784000000000105e-02
1.783807999999999921e-02
1.784832000000000085e-02
1.785855999999999902e-02
1.786880000000000066e-02
1.787903999999999882e-02
1.788928000000000046e-02
1.789952000000000210e-02
1.790976000000000026e-02
1.792000000000000190e-02
1.793024000000000007e-02
1.794048000000000170e-02
1.795071999999999987e-02
1.796096000000000151e-02
1.797119999999999967e-02
1.798144000000000131e-02
1.799167999999999948e-02
1.800192000000000112e-02
1.801215999999999928e-02
1.802240000000000092e-02
1.803263999999999909e-02
1.804288000000000072e-02
1.805311999999999889e-02
1.806336000000000053e-02
1.807359999999999869e-02
1.808384000000000033e-02
1.809408000000000197e-02
1.810432000000000013e-02
1.811456000000000177e-02
1.812479999999999994e-02
1.813504000000000158e-02
1.814527999999999974e-02
1.815552000000000138e-02
1.816575999999999955e-02
1.817600000000000118e-02
1.818623999999999935e-02
1.819648000000000099e-02
1.820671999999999915e-02
1.821696000000000079e-02
1.822719999999999896e-02
1.823744000000000060e-02
1.824767999999999876e-02
1.825792000000000040e-02
1.826816000000000204e-02
1.827840000000000020e-02
1.828864000000000184e-02
1.829888000000000001e-02
1.830912000000000164e-02
1.831935999999999981e-02
1.832960000000000145e-02
1.833983999999999961e-02
1.835008000000000125e-02
1.836031999999999942e-02
1.837056000000000106e-02
1.838079999999999922e-02
1.839104000000000086e-02
1.840127999999999903e-02
1.841152000000000066e-02
1.842175999999999883e-02
1.843200000000000047e-02
1.844224000000000210e-02
1.845248000000000027e-02
1.846272000000000191e-02
1.847296000000000007e-02
1.848320000000000171e-02
1.849343999999999988e-02
1.850368000000000152e-02
1.851391999999999968e-02
1.852416000000000132e-02
1.853439999999999949e-02
1.854464000000000112e-02
1.855487999999999929e-02
1.856512000000000093e-02
1.857535999999999909e-02
1.858560000000000073e-02
1.859583999999999890e-02
1.860608000000000053e-02
1.861631999999999870e-02
1.862656000000000034e-02
1.863680000000000198e-02
1.864704000000000014e-02
1.865728000000000178e-02
1.866751999999999995e-02
1.867776000000000158e-02
1.868799999999999975e-02
1.869824000000000139e-02
1.870847999999999955e-02
1.871872000000000119e-02
1.872895999999999936e-02
1.873920000000000100e-02
1.874943999999999916e-02
1.875968000000000080e-02
1.876991999999999897e-02
1.878016000000000060e-02
1.879039999999999877e-02
1.880064000000000041e-02
1.881088000000000204e-02
1.882112000000000021e-02
1.883136000000000185e-02
1.884160000000000001e-02
1.885184000000000165e-02
1.886207999999999982e-02
1.887232000000000146e-02
1.888255999999999962e-02
1.889280000000000126e-02
1.890303999999999943e-02
1.891328000000000106e-02
1.892351999999999923e-02
1.893376000000000087e-02
1.894399999999999903e-02
1.895424000000000067e-02
1.896447999999999884e-02
1.897472000000000047e-02
1.898496000000000211e-02
1.899520000000000028e-02
1.900544000000000192e-02
1.901568000000000008e-02
1.902592000000000172e-02
1.903615999999999989e-02
1.904640000000000152e-02
1.905663999999999969e-02
1.906688000000000133e-02
1.907711999999999949e-02
1.908736000000000113e-02
1.909759999999999930e-02
1.910784000000000094e-02
1.911807999999999910e-02
1.912832000000000074e-02
1.913855999999999891e-02
1.914880000000000054e-02
1.915903999999999871e-02
1.916928000000000035e-02
1.917952000000000198e-02
1.918976000000000015e-02
1.920000000000000179e-02
1.921023999999999995e-02
1.922048000000000159e-02
1.923071999999999976e-02
1.924096000000000140e-02
1.925119999999999956e-02
1.926144000000000120e-02
1.927167999999999937e-02
1.928192000000000100e-02
1.929215999999999917e-02
1.930240000000000081e-02
1.931263999999999897e-02
1.932288000000000061e-02
1.933311999999999878e-02
1.934336000000000041e-02
1.935360000000000205e-02
1.936384000000000022e-02
1.937408000000000186e-02
1.938432000000000002e-02
1.939456000000000166e-02
1.940479999999999983e-02
1.941504000000000146e-02
1.942527999999999963e-02
1.943552000000000127e-02
1.944575999999999943e-02
1.945600000000000107e-02
1.946623999999999924e-02
1.947648000000000088e-02
1.948671999999999904e-02
1.949696000000000068e-02
1.950719999999999885e-02
1.951744000000000048e-02
1.952768000000000212e-02
1.953792000000000029e-02
1.954816000000000192e-02
1.955840000000000009e-02
1.956864000000000173e-02
1.957887999999999989e-02
1.958912000000000153e-02
1.959935999999999970e-02
1.960960000000000134e-02
1.961983999999999950e-02
1.963008000000000114e-02
1.964031999999999931e-02
1.965056000000000094e-02
1.966079999999999911e-02
1.967104000000000075e-02
1.968127999999999891e-02
1.969152000000000055e-02
1.970175999999999872e-02
1.971200000000000035e-02
1.972224000000000199e-02
1.973248000000000016e-02
1.974272000000000180e-02
1.975295999999999996e-02
1.976320000000000160e-02
1.977343999999999977e-02
1.978368000000000140e-02
1.979391999999999957e-02
1.980416000000000121e-02
1.981439999999999937e-02
1.982464000000000101e-02
1.983487999999999918e-02
1.984512000000000082e-02
1.985535999999999898e-02
1.986560000000000062e-02
1.987583999999999879e-02
1.988608000000000042e-02
1.989632000000000206e-02
1.990656000000000023e-02
1.991680000000000186e-02
1.992704000000000003e-02
1.993728000000000167e-02
1.994751999999999983e-02
1.995776000000000147e-02
1.996799999999999964e-02
1.997824000000000128e-02
1.998847999999999944e-02
1.999872000000000108e-02
2.000895999999999925e-02
2.001920000000000088e-02
2.002943999999999905e-02
2.003968000000000069e-02
2.004991999999999885e-02
2.006016000000000049e-02
2.007040000000000213e-02
2.008064000000000029e-02
2.009088000000000193e-02
2.010112000000000010e-02
2.011136000000000174e-02
2.012159999999999990e-02
2.013184000000000154e-02
2.014207999999999971e-02
2.015232000000000134e-02
2.016255999999999951e-02
2.017280000000000115e-02
2.018303999999999931e-02
2.019328000000000095e-02
2.020351999999999912e-02
2.021376000000000075e-02
2.022399999999999892e-02
2.023424000000000056e-02
2.024447999999999873e-02
2.025472000000000036e-02
2.026496000000000200e-02
2.027520000000000017e-02
2.028544000000000180e-02
2.029567999999999997e-02
2.030592000000000161e-02
2.031615999999999977e-02
2.032640000000000141e-02
2.033663999999999958e-02
2.034688000000000122e-02
2.035711999999999938e-02
2.036736000000000102e-02
2.037759999999999919e-02
2.038784000000000082e-02
2.039807999999999899e-02
2.040832000000000063e-02
2.041855999999999879e-02
2.042880000000000043e-02
2.043904000000000207e-02
2.044928000000000023e-02
2.045952000000000187e-02
2.046976000000000004e-02
2.048000000000000168e-02
2.049023999999999984e-02
2.050048000000000148e-02
2.051071999999999965e-02
2.052096000000000128e-02
2.053119999999999945e-02
2.054144000000000109e-02
2.055167999999999925e-02
2.056192000000000089e-02
2.057215999999999906e-02
2.058240000000000069e-02
2.059263999999999886e-02
2.060288000000000050e-02
2.061312000000000214e-02
2.062336000000000030e-02
2.063360000000000194e-02
2.064384000000000011e-02
2.065408000000000174e-02
2.066431999999999991e-02
2.067456000000000155e-02
2.068479999999999971e-02
2.069504000000000135e-02
2.070527999999999952e-02
2.071552000000000116e-02
2.072575999999999932e-02
2.073600000000000096e-02
2.074623999999999913e-02
2.075648000000000076e-02
2.076671999999999893e-02
2.077696000000000057e-02
2.078719999999999873e-02
2.079744000000000037e-02
2.080768000000000201e-02
2.081792000000000017e-02
2.082816000000000181e-02
2.083839999999999998e-02
2.084864000000000162e-02
2.085887999999999978e-02
2.086912000000000142e-02
2.087935999999999959e-02
2.088960000000000122e-02
2.089983999999999939e-02
2.091008000000000103e-02
2.092031999999999919e-02
2.093056000000000083e-02
2.094079999999999900e-02
2.095104000000000063e-02
2.096127999999999880e-02
2.097152000000000044e-02
2.098176000000000208e-02
2.099200000000000024e-02
2.100224000000000188e-02
2.101248000000000005e-02
2.102272000000000168e-02
2.103295999999999985e-02
2.104320000000000149e-02
2.105343999999999965e-02
2.106368000000000129e-02
2.107391999999999946e-02
2.108416000000000110e-02
2.109439999999999926e-02
2.110464000000000090e-02
2.111487999999999907e-02
2.112512000000000070e-02
2.113535999999999887e-02
2.114560000000000051e-02
2.115584000000000214e-02
2.116608000000000031e-02
2.117632000000000195e-02
2.118656000000000011e-02
2.119680000000000175e-02
2.120703999999999992e-02
2.121728000000000156e-02
2.122751999999999972e-02
2.123776000000000136e-02
2.124799999999999953e-02
2.125824000000000116e-02
2.126847999999999933e-02
2.127872000000000097e-02
2.128895999999999913e-02
2.129920000000000077e-02
2.130943999999999894e-02
2.131968000000000057e-02
2.132991999999999874e-02
2.134016000000000038e-02
2.135040000000000202e-02
2.136064000000000018e-02
2.137088000000000182e-02
2.138111999999999999e-02
2.139136000000000162e-02
2.140159999999999979e-02
2.141184000000000143e-02
2.142207999999999959e-02
2.143232000000000123e-02
2.144255999999999940e-02
2.145280000000000103e-02
2.146303999999999920e-02
2.147328000000000084e-02
2.148351999999999901e-02
2.149376000000000064e-02
2.150399999999999881e-02
2.151424000000000045e-02
2.152448000000000208e-02
2.153472000000000025e-02
2.154496000000000189e-02
2.155520000000000005e-02
2.156544000000000169e-02
2.157567999999999986e-02
2.158592000000000150e-02
2.159615999999999966e-02
2.160640000000000130e-02
2.161663999999999947e-02
2.162688000000000110e-02
2.163711999999999927e-02
2.164736000000000091e-02
2.165759999999999907e-02
2.166784000000000071e-02
2.167807999999999888e-02
2.168832000000000051e-02
2.169856000000000215e-02
2.170880000000000032e-02
2.171904000000000196e-02
2.172928000000000012e-02
2.173952000000000176e-02
2.174975999999999993e-02
2.176000000000000156e-02
2.177023999999999973e-02
2.178048000000000137e-02
2.179071999999999953e-02
2.180096000000000117e-02
2.181119999999999934e-02
2.182144000000000097e-02
2.183167999999999914e-02
2.184192000000000078e-02
2.185215999999999895e-02
2.186240000000000058e-02
2.187263999999999875e-02
2.188288000000000039e-02
2.189312000000000202e-02
2.190336000000000019e-02
2.191360000000000183e-02
2.192383999999999999e-02
2.193408000000000163e-02
2.194431999999999980e-02
2.195456000000000144e-02
2.196479999999999960e-02
2.197504000000000124e-02
2.198527999999999941e-02
2.199552000000000104e-02
2.200575999999999921e-02
2.201600000000000085e-02
2.202623999999999901e-02
2.203648000000000065e-02
2.204671999999999882e-02
2.205696000000000045e-02
2.206720000000000209e-02
2.207744000000000026e-02
2.208768000000000190e-02
2.209792000000000006e-02
2.210816000000000170e-02
2.211839999999999987e-02
2.212864000000000150e-02
2.213887999999999967e-02
2.214912000000000131e-02
2.215935999999999947e-02
2.216960000000000111e-02
2.217983999999999928e-02
2.219008000000000091e-02
2.220031999999999908e-02
2.221056000000000072e-02
2.222079999999999889e-02
2.223104000000000052e-02
2.224128000000000216e-02
2.225152000000000033e-02
2.226176000000000196e-02
2.227200000000000013e-02
2.228224000000000177e-02
2.229247999999999993e-02
2.230272000000000157e-02
2.231295999999999974e-02
2.232320000000000138e-02
2.233343999999999954e-02
2.234368000000000118e-02
2.235391999999999935e-02
2.236416000000000098e-02
2.237439999999999915e-02
2.238464000000000079e-02
2.239487999999999895e-02
2.240512000000000059e-02
2.241535999999999876e-02
2.242560000000000039e-02
2.243584000000000203e-02
2.244608000000000020e-02
2.245632000000000184e-02
2.246656000000000000e-02
2.247680000000000164e-02
2.248703999999999981e-02
2.249728000000000144e-02
2.250751999999999961e-02
2.251776000000000125e-02
2.252799999999999941e-02
2.253824000000000105e-02
2.254847999999999922e-02
2.255872000000000085e-02
2.256895999999999902e-02
2.257920000000000066e-02
2.258943999999999883e-02
2.259968000000000046e-02
2.260992000000000210e-02
2.262016000000000027e-02
2.263040000000000190e-02
2.264064000000000007e-02
2.265088000000000171e-02
2.266111999999999987e-02
2.267136000000000151e-02
2.268159999999999968e-02
2.269184000000000132e-02
2.270207999999999948e-02
2.271232000000000112e-02
2.272255999999999929e-02
2.273280000000000092e-02
2.274303999999999909e-02
2.275328000000000073e-02
2.276351999999999889e-02
2.277376000000000053e-02
2.278400000000000217e-02
2.279424000000000033e-02
2.280448000000000197e-02
2.281472000000000014e-02
2.282496000000000178e-02
2.283519999999999994e-02
2.284544000000000158e-02
2.285567999999999975e-02
2.286592000000000138e-02
2.287615999999999955e-02
2.288640000000000119e-02
2.289663999999999935e-02
2.290688000000000099e-02
2.291711999999999916e-02
2.292736000000000079e-02
2.293759999999999896e-02
2.294784000000000060e-02
2.295807999999999877e-02
2.296832000000000040e-02
2.297856000000000204e-02
2.298880000000000021e-02
2.299904000000000184e-02
2.300928000000000001e-02
2.301952000000000165e-02
2.302975999999999981e-02
2.304000000000000145e-02
2.305023999999999962e-02
2.306048000000000125e-02
2.307071999999999942e-02
2.308096000000000106e-02
2.309119999999999923e-02
2.310144000000000086e-02
2.311167999999999903e-02
2.312192000000000067e-02
2.313215999999999883e-02
2.314240000000000047e-02
2.315264000000000211e-02
2.316288000000000027e-02
2.317312000000000191e-02
2.318336000000000008e-02
2.319360000000000172e-02
2.320383999999999988e-02
2.321408000000000152e-02
2.322431999999999969e-02
2.323456000000000132e-02
2.324479999999999949e-02
2.325504000000000113e-02
2.326527999999999929e-02
2.327552000000000093e-02
2.328575999999999910e-02
2.329600000000000073e-02
2.330623999999999890e-02
2.331648000000000054e-02
2.332672000000000218e-02
2.333696000000000034e-02
2.334720000000000198e-02
2.335744000000000015e-02
2.336768000000000178e-02
2.337791999999999995e-02
2.338816000000000159e-02
2.339839999999999975e-02
2.340864000000000139e-02
2.341887999999999956e-02
2.342912000000000119e-02
2.343935999999999936e-02
2.344960000000000100e-02
2.345983999999999917e-02
2.347008000000000080e-02
2.348031999999999897e-02
2.349056000000000061e-02
2.350079999999999877e-02
2.351104000000000041e-02
2.352128000000000205e-02
2.353152000000000021e-02
2.354176000000000185e-02
2.355200000000000002e-02
2.356224000000000166e-02
2.357247999999999982e-02
2.358272000000000146e-02
2.359295999999999963e-02
2.360320000000000126e-02
2.361343999999999943e-02
2.362368000000000107e-02
2.363391999999999923e-02
2.364416000000000087e-02
2.365439999999999904e-02
2.366464000000000067e-02
2.367487999999999884e-02
2.368512000000000048e-02
2.369536000000000212e-02
2.370560000000000028e-02
2.371584000000000192e-02
2.372608000000000009e-02
2.373632000000000172e-02
2.374655999999999989e-02
2.375680000000000153e-02
2.376703999999999969e-02
2.377728000000000133e-02
2.378751999999999950e-02
2.379776000000000113e-02
2.380799999999999930e-02
2.381824000000000094e-02
2.382847999999999911e-02
2.383872000000000074e-02
2.384895999999999891e-02
2.385920000000000055e-02
2.386944000000000218e-02
2.387968000000000035e-02
2.388992000000000199e-02
2.390016000000000015e-02
2.391040000000000179e-02
2.392063999999999996e-02
2.393088000000000160e-02
2.394111999999999976e-02
2.395136000000000140e-02
2.396159999999999957e-02
2.397184000000000120e-02
2.398207999999999937e-02
2.399232000000000101e-02
2.400255999999999917e-02
2.401280000000000081e-02
2.402303999999999898e-02
2.403328000000000061e-02
2.404351999999999878e-02
2.405376000000000042e-02
2.406400000000000206e-02
2.407424000000000022e-02
2.408448000000000186e-02
2.409472000000000003e-02
2.410496000000000166e-02
2.411519999999999983e-02
2.412544000000000147e-02
2.413567999999999963e-02
2.414592000000000127e-02
2.415615999999999944e-02
2.416640000000000107e-02
2.417663999999999924e-02
2.418688000000000088e-02
2.419711999999999905e-02
2.420736000000000068e-02
2.421759999999999885e-02
2.422784000000000049e-02
2.423808000000000212e-02
2.424832000000000029e-02
2.425856000000000193e-02
2.426880000000000009e-02
2.427904000000000173e-02
2.428927999999999990e-02
2.429952000000000154e-02
2.430975999999999970e-02
2.432000000000000134e-02
2.433023999999999951e-02
2.434048000000000114e-02
2.435071999999999931e-02
2.436096000000000095e-02
2.437119999999999911e-02
2.438144000000000075e-02
2.439167999999999892e-02
2.440192000000000055e-02
2.441216000000000219e-02
2.442240000000000036e-02
2.443264000000000200e-02
2.444288000000000016e-02
2.445312000000000180e-02
2.446335999999999997e-02
2.447360000000000160e-02
2.448383999999999977e-02
2.449408000000000141e-02
2.450431999999999957e-02
2.451456000000000121e-02
2.452479999999999938e-02
2.453504000000000101e-02
2.454527999999999918e-02
2.455552000000000082e-02
2.456575999999999899e-02
2.457600000000000062e-02
2.458623999999999879e-02
2.459648000000000043e-02
2.460672000000000206e-02
2.461696000000000023e-02
2.462720000000000187e-02
2.463744000000000003e-02
2.464768000000000167e-02
2.465791999999999984e-02
2.466816000000000147e-02
2.467839999999999964e-02
2.468864000000000128e-02
2.469887999999999945e-02
2.470912000000000108e-02
2.471935999999999925e-02
2.472960000000000089e-02
2.473983999999999905e-02
2.475008000000000069e-02
2.476031999999999886e-02
2.477056000000000049e-02
2.478080000000000213e-02
2.479104000000000030e-02
2.480128000000000194e-02
2.481152000000000010e-02
2.482176000000000174e-02
2.483199999999999991e-02
2.484224000000000154e-02
2.485247999999999971e-02
2.486272000000000135e-02
2.487295999999999951e-02
2.488320000000000115e-02
2.489343999999999932e-02
2.490368000000000095e-02
2.491391999999999912e-02
2.492416000000000076e-02
2.493439999999999893e-02
2.494464000000000056e-02
2.495488000000000220e-02
2.496512000000000037e-02
2.497536000000000200e-02
2.498560000000000017e-02
2.499584000000000181e-02
2.500607999999999997e-02
2.501632000000000161e-02
2.502655999999999978e-02
2.503680000000000141e-02
2.504703999999999958e-02
2.505728000000000122e-02
2.506751999999999939e-02
2.507776000000000102e-02
2.508799999999999919e-02
2.509824000000000083e-02
2.510847999999999899e-02
2.511872000000000063e-02
2.512895999999999880e-02
2.513920000000000043e-02
2.514944000000000207e-02
2.515968000000000024e-02
2.516992000000000188e-02
2.518016000000000004e-02
2.519040000000000168e-02
2.520063999999999985e-02
2.521088000000000148e-02
2.522111999999999965e-02
2.523136000000000129e-02
2.524159999999999945e-02
2.525184000000000109e-02
2.526207999999999926e-02
2.527232000000000089e-02
2.528255999999999906e-02
2.529280000000000070e-02
2.530303999999999887e-02
2.531328000000000050e-02
2.532352000000000214e-02
2.533376000000000031e-02
2.534400000000000194e-02
2.535424000000000011e-02
2.536448000000000175e-02
2.537471999999999991e-02
2.538496000000000155e-02
2.539519999999999972e-02
2.540544000000000135e-02
2.541567999999999952e-02
2.542592000000000116e-02
2.543615999999999933e-02
2.544640000000000096e-02
2.545663999999999913e-02
2.546688000000000077e-02
2.547711999999999893e-02
2.548736000000000057e-02
2.549760000000000221e-02
2.550784000000000037e-02
2.551808000000000201e-02
2.552832000000000018e-02
2.553856000000000182e-02
2.554879999999999998e-02
2.555904000000000162e-02
2.556927999999999979e-02
2.557952000000000142e-02
2.558975999999999959e-02
2.560000000000000123e-02
2.561023999999999939e-02
2.562048000000000103e-02
2.563071999999999920e-02
2.564096000000000083e-02
2.565119999999999900e-02
2.566144000000000064e-02
2.567167999999999881e-02
2.568192000000000044e-02
2.569216000000000208e-02
2.570240000000000025e-02
2.571264000000000188e-02
2.572288000000000005e-02
2.573312000000000169e-02
2.574335999999999985e-02
2.575360000000000149e-02
2.576383999999999966e-02
2.577408000000000129e-02
2.578431999999999946e-02
2.579456000000000110e-02
2.580479999999999927e-02
2.581504000000000090e-02
2.582527999999999907e-02
2.583552000000000071e-02
2.584575999999999887e-02
2.585600000000000051e-02
2.586624000000000215e-02
2.587648000000000031e-02
2.588672000000000195e-02
2.589696000000000012e-02
2.590720000000000175e-02
2.591743999999999992e-02
2.592768000000000156e-02
2.593791999999999973e-02
2.594816000000000136e-02
2.595839999999999953e-02
2.596864000000000117e-02
2.597887999999999933e-02
2.598912000000000097e-02
2.599935999999999914e-02
2.600960000000000077e-02
2.601983999999999894e-02
2.603008000000000058e-02
2.604032000000000222e-02
2.605056000000000038e-02
2.606080000000000202e-02
2.607104000000000019e-02
2.608128000000000182e-02
2.609151999999999999e-02
2.610176000000000163e-02
2.611199999999999979e-02
2.612224000000000143e-02
2.613247999999999960e-02
2.614272000000000123e-02
2.615295999999999940e-02
2.616320000000000104e-02
2.617343999999999921e-02
2.618368000000000084e-02
2.619391999999999901e-02
2.620416000000000065e-02
2.621439999999999881e-02
2.622464000000000045e-02
2.623488000000000209e-02
2.624512000000000025e-02
2.625536000000000189e-02
2.626560000000000006e-02
2.627584000000000169e-02
2.628607999999999986e-02
2.629632000000000150e-02
2.630655999999999967e-02
2.631680000000000130e-02
2.632703999999999947e-02
2.633728000000000111e-02
2.634751999999999927e-02
2.635776000000000091e-02
2.636799999999999908e-02
2.637824000000000071e-02
2.638847999999999888e-02
2.639872000000000052e-02
2.640896000000000216e-02
2.641920000000000032e-02
2.642944000000000196e-02
2.643968000000000013e-02
2.644992000000000176e-02
2.646015999999999993e-02
2.647040000000000157e-02
2.648063999999999973e-02
2.649088000000000137e-02
2.650111999999999954e-02
2.651136000000000117e-02
2.652159999999999934e-02
2.653184000000000098e-02
2.654207999999999915e-02
2.655232000000000078e-02
2.656255999999999895e-02
2.657280000000000059e-02
2.658304000000000222e-02
2.659328000000000039e-02
2.660352000000000203e-02
2.661376000000000019e-02
2.662400000000000183e-02
2.663424000000000000e-02
2.664448000000000163e-02
2.665471999999999980e-02
2.666496000000000144e-02
2.667519999999999961e-02
2.668544000000000124e-02
2.669567999999999941e-02
2.670592000000000105e-02
2.671615999999999921e-02
2.672640000000000085e-02
2.673663999999999902e-02
2.674688000000000065e-02
2.675712000000000229e-02
2.676736000000000046e-02
2.677760000000000210e-02
2.678784000000000026e-02
2.679808000000000190e-02
2.680832000000000007e-02
2.681856000000000170e-02
2.682879999999999987e-02
2.683904000000000151e-02
2.684927999999999967e-02
2.685952000000000131e-02
2.686975999999999948e-02
2.688000000000000111e-02
2.689023999999999928e-02
2.690048000000000092e-02
2.691071999999999909e-02
2.692096000000000072e-02
2.693119999999999889e-02
2.694144000000000053e-02
2.695168000000000216e-02
2.696192000000000033e-02
2.697216000000000197e-02
2.698240000000000013e-02
2.699264000000000177e-02
2.700287999999999994e-02
2.701312000000000157e-02
2.702335999999999974e-02
2.703360000000000138e-02
2.704383999999999955e-02
2.705408000000000118e-02
2.706431999999999935e-02
2.707456000000000099e-02
2.708479999999999915e-02
2.709504000000000079e-02
2.710527999999999896e-02
2.711552000000000059e-02
2.712576000000000223e-02
2.713600000000000040e-02
2.714624000000000204e-02
2.715648000000000020e-02
2.716672000000000184e-02
2.717696000000000001e-02
2.718720000000000164e-02
2.719743999999999981e-02
2.720768000000000145e-02
2.721791999999999961e-02
2.722816000000000125e-02
2.723839999999999942e-02
2.724864000000000105e-02
2.725887999999999922e-02
2.726912000000000086e-02
2.727935999999999903e-02
2.728960000000000066e-02
2.729984000000000230e-02
2.731008000000000047e-02
2.732032000000000210e-02
2.733056000000000027e-02
2.734080000000000191e-02
2.735104000000000007e-02
2.736128000000000171e-02
2.737151999999999988e-02
2.738176000000000151e-02
2.739199999999999968e-02
2.740224000000000132e-02
2.741247999999999949e-02
2.742272000000000112e-02
2.743295999999999929e-02
2.744320000000000093e-02
2.745343999999999909e-02
2.746368000000000073e-02
2.747391999999999890e-02
2.748416000000000053e-02
2.749440000000000217e-02
2.750464000000000034e-02
2.751488000000000197e-02
2.752512000000000014e-02
2.753536000000000178e-02
2.754559999999999995e-02
2.755584000000000158e-02
2.756607999999999975e-02
2.757632000000000139e-02
2.758655999999999955e-02
2.759680000000000119e-02
2.760703999999999936e-02
2.761728000000000099e-02
2.762751999999999916e-02
2.763776000000000080e-02
2.764799999999999897e-02
2.765824000000000060e-02
2.766848000000000224e-02
2.767872000000000041e-02
2.768896000000000204e-02
2.769920000000000021e-02
2.770944000000000185e-02
2.771968000000000001e-02
2.772992000000000165e-02
2.774015999999999982e-02
2.775040000000000145e-02
2.776063999999999962e-02
2.777088000000000126e-02
2.778111999999999943e-02
2.779136000000000106e-02
2.780159999999999923e-02
2.781184000000000087e-02
2.782207999999999903e-02
2.783232000000000067e-02
2.784256000000000231e-02
2.785280000000000047e-02
2.786304000000000211e-02
2.787328000000000028e-02
2.788352000000000191e-02
2.789376000000000008e-02
2.790400000000000172e-02
2.791423999999999989e-02
2.792448000000000152e-02
2.793471999999999969e-02
2.794496000000000133e-02
2.795519999999999949e-02
2.796544000000000113e-02
2.797567999999999930e-02
2.798592000000000093e-02
2.799615999999999910e-02
2.800640000000000074e-02
2.801663999999999891e-02
2.802688000000000054e-02
2.803712000000000218e-02
2.804736000000000035e-02
2.805760000000000198e-02
2.806784000000000015e-02
2.807808000000000179e-02
2.808831999999999995e-02
2.809856000000000159e-02
2.810879999999999976e-02
2.811904000000000139e-02
2.812927999999999956e-02
2.813952000000000120e-02
2.814975999999999937e-02
2.816000000000000100e-02
2.817023999999999917e-02
2.818048000000000081e-02
2.819071999999999897e-02
2.820096000000000061e-02
2.821120000000000225e-02
2.822144000000000041e-02
2.823168000000000205e-02
2.824192000000000022e-02
2.825216000000000185e-02
2.826240000000000002e-02
2.827264000000000166e-02
2.828287999999999983e-02
2.829312000000000146e-02
2.830335999999999963e-02
2.831360000000000127e-02
2.832383999999999943e-02
2.833408000000000107e-02
2.834431999999999924e-02
2.835456000000000087e-02
2.836479999999999904e-02
2.837504000000000068e-02
2.838528000000000232e-02
2.839552000000000048e-02
2.840576000000000212e-02
2.841600000000000029e-02
2.842624000000000192e-02
2.843648000000000009e-02
2.844672000000000173e-02
2.845695999999999989e-02
2.846720000000000153e-02
2.847743999999999970e-02
2.848768000000000133e-02
2.849791999999999950e-02
2.850816000000000114e-02
2.851839999999999931e-02
2.852864000000000094e-02
2.853887999999999911e-02
2.854912000000000075e-02
2.855935999999999891e-02
2.856960000000000055e-02
2.857984000000000219e-02
2.859008000000000035e-02
2.860032000000000199e-02
2.861056000000000016e-02
2.862080000000000179e-02
2.863103999999999996e-02
2.864128000000000160e-02
2.865151999999999977e-02
2.866176000000000140e-02
2.867199999999999957e-02
2.868224000000000121e-02
2.869247999999999937e-02
2.870272000000000101e-02
2.871295999999999918e-02
2.872320000000000081e-02
2.873343999999999898e-02
2.874368000000000062e-02
2.875392000000000226e-02
2.876416000000000042e-02
2.877440000000000206e-02
2.878464000000000023e-02
2.879488000000000186e-02
2.880512000000000003e-02
2.881536000000000167e-02
2.882559999999999983e-02
2.883584000000000147e-02
2.884607999999999964e-02
2.885632000000000127e-02
2.886655999999999944e-02
2.887680000000000108e-02
2.888703999999999925e-02
2.889728000000000088e-02
2.890751999999999905e-02
2.891776000000000069e-02
2.892800000000000232e-02
2.893824000000000049e-02
2.894848000000000213e-02
2.895872000000000029e-02
2.896896000000000193e-02
2.897920000000000010e-02
2.898944000000000173e-02
2.899967999999999990e-02
2.900992000000000154e-02
2.902015999999999971e-02
2.903040000000000134e-02
2.904063999999999951e-02
2.905088000000000115e-02
2.906111999999999931e-02
2.907136000000000095e-02
2.908159999999999912e-02
2.909184000000000075e-02
2.910207999999999892e-02
2.911232000000000056e-02
2.912256000000000219e-02
2.913280000000000036e-02
2.914304000000000200e-02
2.915328000000000017e-02
2.916352000000000180e-02
2.917375999999999997e-02
2.918400000000000161e-02
2.919423999999999977e-02
2.920448000000000141e-02
2.921471999999999958e-02
2.922496000000000121e-02
2.923519999999999938e-02
2.924544000000000102e-02
2.925567999999999919e-02
2.926592000000000082e-02
2.927615999999999899e-02
2.928640000000000063e-02
2.929664000000000226e-02
2.930688000000000043e-02
2.931712000000000207e-02
2.932736000000000023e-02
2.933760000000000187e-02
2.934784000000000004e-02
2.935808000000000167e-02
2.936831999999999984e-02
2.937856000000000148e-02
2.938879999999999965e-02
2.939904000000000128e-02
2.940927999999999945e-02
2.941952000000000109e-02
2.942975999999999925e-02
2.944000000000000089e-02
2.945023999999999906e-02
2.946048000000000069e-02
2.947072000000000233e-02
2.948096000000000050e-02
2.949120000000000213e-02
2.950144000000000030e-02
2.951168000000000194e-02
2.952192000000000011e-02
2.953216000000000174e-02
2.954239999999999991e-02
2.955264000000000155e-02
2.956287999999999971e-02
2.957312000000000135e-02
2.958335999999999952e-02
2.959360000000000115e-02
2.960383999999999932e-02
2.961408000000000096e-02
2.962431999999999913e-02
2.963456000000000076e-02
2.964479999999999893e-02
2.965504000000000057e-02
2.966528000000000220e-02
2.967552000000000037e-02
2.968576000000000201e-02
2.969600000000000017e-02
2.970624000000000181e-02
2.971647999999999998e-02
2.972672000000000161e-02
2.973695999999999978e-02
2.974720000000000142e-02
2.975743999999999959e-02
2.976768000000000122e-02
2.977791999999999939e-02
2.978816000000000103e-02
2.979839999999999919e-02
2.980864000000000083e-02
2.981887999999999900e-02
2.982912000000000063e-02
2.983936000000000227e-02
2.984960000000000044e-02
2.985984000000000207e-02
2.987008000000000024e-02
2.988032000000000188e-02
2.989056000000000005e-02
2.990080000000000168e-02
2.991103999999999985e-02
2.992128000000000149e-02
2.993151999999999965e-02
2.994176000000000129e-02
2.995199999999999946e-02
2.996224000000000109e-02
2.997247999999999926e-02
2.998272000000000090e-02
2.999295999999999907e-02
3.000320000000000070e-02
3.001344000000000234e-02
3.002368000000000051e-02
3.003392000000000214e-02
3.004416000000000031e-02
3.005440000000000195e-02
3.006464000000000011e-02
3.007488000000000175e-02
3.008511999999999992e-02
3.009536000000000155e-02
3.010559999999999972e-02
3.011584000000000136e-02
3.012607999999999953e-02
3.013632000000000116e-02
3.014655999999999933e-02
3.015680000000000097e-02
3.016703999999999913e-02
3.017728000000000077e-02
3.018751999999999894e-02
3.019776000000000057e-02
3.020800000000000221e-02
3.021824000000000038e-02
3.022848000000000201e-02
3.023872000000000018e-02
3.024896000000000182e-02
3.025919999999999999e-02
3.026944000000000162e-02
3.027967999999999979e-02
3.028992000000000143e-02
3.030015999999999959e-02
3.031040000000000123e-02
3.032063999999999940e-02
3.033088000000000103e-02
3.034111999999999920e-02
3.035136000000000084e-02
3.036159999999999901e-02
3.037184000000000064e-02
3.038208000000000228e-02
3.039232000000000045e-02
3.040256000000000208e-02
3.041280000000000025e-02
3.042304000000000189e-02
3.043328000000000005e-02
3.044352000000000169e-02
3.045375999999999986e-02
3.046400000000000149e-02
3.047423999999999966e-02
3.048448000000000130e-02
3.049471999999999947e-02
3.050496000000000110e-02
3.051519999999999927e-02
3.052544000000000091e-02
3.053567999999999907e-02
3.054592000000000071e-02
3.055616000000000235e-02
3.056640000000000051e-02
3.057664000000000215e-02
3.058688000000000032e-02
3.059712000000000195e-02
3.060736000000000012e-02
3.061760000000000176e-02
3.062783999999999993e-02
3.063808000000000156e-02
3.064831999999999973e-02
3.065856000000000137e-02
3.066879999999999953e-02
3.067904000000000117e-02
3.068927999999999934e-02
3.069952000000000097e-02
3.070975999999999914e-02
3.072000000000000078e-02
3.073023999999999895e-02
3.074048000000000058e-02
3.075072000000000222e-02
3.076096000000000039e-02
3.077120000000000202e-02
3.078144000000000019e-02
3.079168000000000183e-02
3.080191999999999999e-02
3.081216000000000163e-02
3.082239999999999980e-02
3.083264000000000143e-02
3.084287999999999960e-02
3.085312000000000124e-02
3.086335999999999941e-02
3.087360000000000104e-02
3.088383999999999921e-02
3.089408000000000085e-02
3.090431999999999901e-02
3.091456000000000065e-02
3.092480000000000229e-02
3.093504000000000045e-02
3.094528000000000209e-02
3.095552000000000026e-02
3.096576000000000189e-02
3.097600000000000006e-02
3.098624000000000170e-02
3.099647999999999987e-02
3.100672000000000150e-02
3.101695999999999967e-02
3.102720000000000131e-02
3.103743999999999947e-02
3.104768000000000111e-02
3.105791999999999928e-02
3.106816000000000091e-02
3.107839999999999908e-02
3.108864000000000072e-02
3.109888000000000235e-02
3.110912000000000052e-02
3.111936000000000216e-02
3.112960000000000033e-02
3.113984000000000196e-02
3.115008000000000013e-02
3.116032000000000177e-02
3.117055999999999993e-02
3.118080000000000157e-02
3.119103999999999974e-02
3.120128000000000137e-02
3.121151999999999954e-02
3.122176000000000118e-02
3.123199999999999935e-02
3.124224000000000098e-02
3.125247999999999915e-02
3.126272000000000079e-02
3.127296000000000242e-02
3.128320000000000406e-02
3.129343999999999876e-02
3.130368000000000039e-02
3.131392000000000203e-02
3.132416000000000367e-02
3.133439999999999837e-02
3.134464000000000000e-02
3.135488000000000164e-02
3.136512000000000328e-02
3.137535999999999797e-02
3.138559999999999961e-02
3.139584000000000125e-02
3.140608000000000288e-02
3.141631999999999758e-02
3.142655999999999922e-02
3.143680000000000085e-02
3.144704000000000249e-02
3.145728000000000413e-02
3.146751999999999883e-02
3.147776000000000046e-02
3.148800000000000210e-02
3.149824000000000374e-02
3.150847999999999843e-02
3.151872000000000007e-02
3.152896000000000171e-02
3.153920000000000334e-02
3.154943999999999804e-02
3.155967999999999968e-02
3.156992000000000131e-02
3.158016000000000295e-02
3.159039999999999765e-02
3.160063999999999929e-02
3.161088000000000092e-02
3.162112000000000256e-02
3.163135999999999726e-02
3.164159999999999889e-02
3.165184000000000053e-02
3.166208000000000217e-02
3.167232000000000380e-02
3.168255999999999850e-02
3.169280000000000014e-02
3.170304000000000177e-02
3.171328000000000341e-02
3.172351999999999811e-02
3.173375999999999975e-02
3.174400000000000138e-02
3.175424000000000302e-02
3.176447999999999772e-02
3.177471999999999935e-02
3.178496000000000099e-02
3.179520000000000263e-02
3.180543999999999732e-02
3.181567999999999896e-02
3.182592000000000060e-02
3.183616000000000223e-02
3.184640000000000387e-02
3.185663999999999857e-02
3.186688000000000021e-02
3.187712000000000184e-02
3.188736000000000348e-02
3.189759999999999818e-02
3.190783999999999981e-02
3.191808000000000145e-02
3.192832000000000309e-02
3.193855999999999778e-02
3.194879999999999942e-02
3.195904000000000106e-02
3.196928000000000269e-02
3.197951999999999739e-02
3.198975999999999903e-02
3.200000000000000067e-02
3.201024000000000230e-02
3.202048000000000394e-02
3.203071999999999864e-02
3.204096000000000027e-02
3.205120000000000191e-02
3.206144000000000355e-02
3.207167999999999825e-02
3.208191999999999988e-02
3.209216000000000152e-02
3.210240000000000316e-02
3.211263999999999785e-02
3.212287999999999949e-02
3.213312000000000113e-02
3.214336000000000276e-02
3.215359999999999746e-02
3.216383999999999910e-02
3.217408000000000073e-02
3.218432000000000237e-02
3.219456000000000401e-02
3.220479999999999871e-02
3.221504000000000034e-02
3.222528000000000198e-02
3.223552000000000362e-02
3.224575999999999831e-02
3.225599999999999995e-02
3.226624000000000159e-02
3.227648000000000322e-02
3.228671999999999792e-02
3.229695999999999956e-02
3.230720000000000119e-02
3.231744000000000283e-02
3.232767999999999753e-02
3.233791999999999917e-02
3.234816000000000080e-02
3.235840000000000244e-02
3.236864000000000408e-02
3.237887999999999877e-02
3.238912000000000041e-02
3.239936000000000205e-02
3.240960000000000368e-02
3.241983999999999838e-02
3.243008000000000002e-02
3.244032000000000165e-02
3.245056000000000329e-02
3.246079999999999799e-02
3.247103999999999963e-02
3.248128000000000126e-02
3.249152000000000290e-02
3.250175999999999760e-02
3.251199999999999923e-02
3.252224000000000087e-02
3.253248000000000251e-02
3.254272000000000414e-02
3.255295999999999884e-02
3.256320000000000048e-02
3.257344000000000211e-02
3.258368000000000375e-02
3.259391999999999845e-02
3.260416000000000009e-02
3.261440000000000172e-02
3.262464000000000336e-02
3.263487999999999806e-02
3.264511999999999969e-02
3.265536000000000133e-02
3.266560000000000297e-02
3.267583999999999766e-02
3.268607999999999930e-02
3.269632000000000094e-02
3.270656000000000257e-02
3.271679999999999727e-02
3.272703999999999891e-02
3.273728000000000055e-02
3.274752000000000218e-02
3.275776000000000382e-02
3.276799999999999852e-02
3.277824000000000015e-02
3.278848000000000179e-02
3.279872000000000343e-02
3.280895999999999813e-02
3.281919999999999976e-02
3.282944000000000140e-02
3.283968000000000304e-02
3.284991999999999773e-02
3.286015999999999937e-02
3.287040000000000101e-02
3.288064000000000264e-02
3.289087999999999734e-02
3.290111999999999898e-02
3.291136000000000061e-02
3.292160000000000225e-02
3.293184000000000389e-02
3.294207999999999859e-02
3.295232000000000022e-02
3.296256000000000186e-02
3.297280000000000350e-02
3.298303999999999819e-02
3.299327999999999983e-02
3.300352000000000147e-02
3.301376000000000310e-02
3.302399999999999780e-02
3.303423999999999944e-02
3.304448000000000107e-02
3.305472000000000271e-02
3.306495999999999741e-02
3.307519999999999905e-02
3.308544000000000068e-02
3.309568000000000232e-02
3.310592000000000396e-02
3.311615999999999865e-02
3.312640000000000029e-02
3.313664000000000193e-02
3.314688000000000356e-02
3.315711999999999826e-02
3.316735999999999990e-02
3.317760000000000153e-02
3.318784000000000317e-02
3.319807999999999787e-02
3.320831999999999951e-02
3.321856000000000114e-02
3.322880000000000278e-02
3.323903999999999748e-02
3.324927999999999911e-02
3.325952000000000075e-02
3.326976000000000239e-02
3.328000000000000402e-02
3.329023999999999872e-02
3.330048000000000036e-02
3.331072000000000199e-02
3.332096000000000363e-02
3.333119999999999833e-02
3.334143999999999997e-02
3.335168000000000160e-02
3.336192000000000324e-02
3.337215999999999794e-02
3.338239999999999957e-02
3.339264000000000121e-02
3.340288000000000285e-02
3.341311999999999754e-02
3.342335999999999918e-02
3.343360000000000082e-02
3.344384000000000245e-02
3.345408000000000409e-02
3.346431999999999879e-02
3.347456000000000043e-02
3.348480000000000206e-02
3.349504000000000370e-02
3.350527999999999840e-02
3.351552000000000003e-02
3.352576000000000167e-02
3.353600000000000331e-02
3.354623999999999800e-02
3.355647999999999964e-02
3.356672000000000128e-02
3.357696000000000291e-02
3.358719999999999761e-02
3.359743999999999925e-02
3.360768000000000089e-02
3.361792000000000252e-02
3.362816000000000416e-02
3.363839999999999886e-02
3.364864000000000049e-02
3.365888000000000213e-02
3.366912000000000377e-02
3.367935999999999847e-02
3.368960000000000010e-02
3.369984000000000174e-02
3.371008000000000338e-02
3.372031999999999807e-02
3.373055999999999971e-02
3.374080000000000135e-02
3.375104000000000298e-02
3.376127999999999768e-02
3.377151999999999932e-02
3.378176000000000095e-02
3.379200000000000259e-02
3.380223999999999729e-02
3.381247999999999893e-02
3.382272000000000056e-02
3.383296000000000220e-02
3.384320000000000384e-02
3.385343999999999853e-02
3.386368000000000017e-02
3.387392000000000181e-02
3.388416000000000344e-02
3.389439999999999814e-02
3.390463999999999978e-02
3.391488000000000141e-02
3.392512000000000305e-02
3.393535999999999775e-02
3.394559999999999939e-02
3.395584000000000102e-02
3.396608000000000266e-02
3.397631999999999736e-02
3.398655999999999899e-02
3.399680000000000063e-02
3.400704000000000227e-02
3.401728000000000390e-02
3.402751999999999860e-02
3.403776000000000024e-02
3.404800000000000187e-02
3.405824000000000351e-02
3.406847999999999821e-02
3.407871999999999985e-02
3.408896000000000148e-02
3.409920000000000312e-02
3.410943999999999782e-02
3.411967999999999945e-02
3.412992000000000109e-02
3.414016000000000273e-02
3.415039999999999742e-02
3.416063999999999906e-02
3.417088000000000070e-02
3.418112000000000233e-02
3.419136000000000397e-02
3.420159999999999867e-02
3.421184000000000031e-02
3.422208000000000194e-02
3.423232000000000358e-02
3.424255999999999828e-02
3.425279999999999991e-02
3.426304000000000155e-02
3.427328000000000319e-02
3.428351999999999788e-02
3.429375999999999952e-02
3.430400000000000116e-02
3.431424000000000279e-02
3.432447999999999749e-02
3.433471999999999913e-02
3.434496000000000077e-02
3.435520000000000240e-02
3.436544000000000404e-02
3.437567999999999874e-02
3.438592000000000037e-02
3.439616000000000201e-02
3.440640000000000365e-02
3.441663999999999835e-02
3.442687999999999998e-02
3.443712000000000162e-02
3.444736000000000326e-02
3.445759999999999795e-02
3.446783999999999959e-02
3.447808000000000123e-02
3.448832000000000286e-02
3.449855999999999756e-02
3.450879999999999920e-02
3.451904000000000083e-02
3.452928000000000247e-02
3.453952000000000411e-02
3.454975999999999881e-02
3.456000000000000044e-02
3.457024000000000208e-02
3.458048000000000372e-02
3.459071999999999841e-02
3.460096000000000005e-02
3.461120000000000169e-02
3.462144000000000332e-02
3.463167999999999802e-02
3.464191999999999966e-02
3.465216000000000129e-02
3.466240000000000293e-02
3.467263999999999763e-02
3.468287999999999927e-02
3.469312000000000090e-02
3.470336000000000254e-02
3.471360000000000418e-02
3.472383999999999887e-02
3.473408000000000051e-02
3.474432000000000215e-02
3.475456000000000378e-02
3.476479999999999848e-02
3.477504000000000012e-02
3.478528000000000175e-02
3.479552000000000339e-02
3.480575999999999809e-02
3.481599999999999973e-02
3.482624000000000136e-02
3.483648000000000300e-02
3.484671999999999770e-02
3.485695999999999933e-02
3.486720000000000097e-02
3.487744000000000261e-02
3.488767999999999730e-02
3.489791999999999894e-02
3.490816000000000058e-02
3.491840000000000221e-02
3.492864000000000385e-02
3.493887999999999855e-02
3.494912000000000019e-02
3.495936000000000182e-02
3.496960000000000346e-02
3.497983999999999816e-02
3.499007999999999979e-02
3.500032000000000143e-02
3.501056000000000307e-02
3.502079999999999776e-02
3.503103999999999940e-02
3.504128000000000104e-02
3.505152000000000267e-02
3.506175999999999737e-02
3.507199999999999901e-02
3.508224000000000065e-02
3.509248000000000228e-02
3.510272000000000392e-02
3.511295999999999862e-02
3.512320000000000025e-02
3.513344000000000189e-02
3.514368000000000353e-02
3.515391999999999822e-02
3.516415999999999986e-02
3.517440000000000150e-02
3.518464000000000313e-02
3.519487999999999783e-02
3.520511999999999947e-02
3.521536000000000111e-02
3.522560000000000274e-02
3.523583999999999744e-02
3.524607999999999908e-02
3.525632000000000071e-02
3.526656000000000235e-02
3.527680000000000399e-02
3.528703999999999869e-02
3.529728000000000032e-02
3.530752000000000196e-02
3.531776000000000360e-02
3.532799999999999829e-02
3.533823999999999993e-02
3.534848000000000157e-02
3.535872000000000320e-02
3.536895999999999790e-02
3.537919999999999954e-02
3.538944000000000117e-02
3.539968000000000281e-02
3.540991999999999751e-02
3.542015999999999915e-02
3.543040000000000078e-02
3.544064000000000242e-02
3.545088000000000406e-02
3.546111999999999875e-02
3.547136000000000039e-02
3.548160000000000203e-02
3.549184000000000366e-02
3.550207999999999836e-02
3.551232000000000000e-02
3.552256000000000163e-02
3.553280000000000327e-02
3.554303999999999797e-02
3.555327999999999961e-02
3.556352000000000124e-02
3.557376000000000288e-02
3.558399999999999758e-02
3.559423999999999921e-02
3.560448000000000085e-02
3.561472000000000249e-02
3.562496000000000412e-02
3.563519999999999882e-02
3.564544000000000046e-02
3.565568000000000209e-02
3.566592000000000373e-02
3.567615999999999843e-02
3.568640000000000007e-02
3.569664000000000170e-02
3.570688000000000334e-02
3.571711999999999804e-02
3.572735999999999967e-02
3.573760000000000131e-02
3.574784000000000295e-02
3.575807999999999764e-02
3.576831999999999928e-02
3.577856000000000092e-02
3.578880000000000255e-02
3.579904000000000419e-02
3.580927999999999889e-02
3.581952000000000053e-02
3.582976000000000216e-02
3.584000000000000380e-02
3.585023999999999850e-02
3.586048000000000013e-02
3.587072000000000177e-02
3.588096000000000341e-02
3.589119999999999810e-02
3.590143999999999974e-02
3.591168000000000138e-02
3.592192000000000301e-02
3.593215999999999771e-02
3.594239999999999935e-02
3.595264000000000099e-02
3.596288000000000262e-02
3.597311999999999732e-02
3.598335999999999896e-02
3.599360000000000059e-02
3.600384000000000223e-02
3.601408000000000387e-02
3.602431999999999856e-02
3.603456000000000020e-02
3.604480000000000184e-02
3.605504000000000348e-02
3.606527999999999817e-02
3.607551999999999981e-02
3.608576000000000145e-02
3.609600000000000308e-02
3.610623999999999778e-02
3.611647999999999942e-02
3.612672000000000105e-02
3.613696000000000269e-02
3.614719999999999739e-02
3.615743999999999903e-02
3.616768000000000066e-02
3.617792000000000230e-02
3.618816000000000394e-02
3.619839999999999863e-02
3.620864000000000027e-02
3.621888000000000191e-02
3.622912000000000354e-02
3.623935999999999824e-02
3.624959999999999988e-02
3.625984000000000151e-02
3.627008000000000315e-02
3.628031999999999785e-02
3.629055999999999949e-02
3.630080000000000112e-02
3.631104000000000276e-02
3.632127999999999746e-02
3.633151999999999909e-02
3.634176000000000073e-02
3.635200000000000237e-02
3.636224000000000400e-02
3.637247999999999870e-02
3.638272000000000034e-02
3.639296000000000197e-02
3.640320000000000361e-02
3.641343999999999831e-02
3.642367999999999995e-02
3.643392000000000158e-02
3.644416000000000322e-02
3.645439999999999792e-02
3.646463999999999955e-02
3.647488000000000119e-02
3.648512000000000283e-02
3.649535999999999752e-02
3.650559999999999916e-02
3.651584000000000080e-02
3.652608000000000243e-02
3.653632000000000407e-02
3.654655999999999877e-02
3.655680000000000041e-02
3.656704000000000204e-02
3.657728000000000368e-02
3.658751999999999838e-02
3.659776000000000001e-02
3.660800000000000165e-02
3.661824000000000329e-02
3.662847999999999798e-02
3.663871999999999962e-02
3.664896000000000126e-02
3.665920000000000289e-02
3.666943999999999759e-02
3.667967999999999923e-02
3.668992000000000087e-02
3.670016000000000250e-02
3.671040000000000414e-02
3.672063999999999884e-02
3.673088000000000047e-02
3.674112000000000211e-02
3.675136000000000375e-02
3.676159999999999844e-02
3.677184000000000008e-02
3.678208000000000172e-02
3.679232000000000335e-02
3.680255999999999805e-02
3.681279999999999969e-02
3.682304000000000133e-02
3.683328000000000296e-02
3.684351999999999766e-02
3.685375999999999930e-02
3.686400000000000093e-02
3.687424000000000257e-02
3.688448000000000421e-02
3.689471999999999891e-02
3.690496000000000054e-02
3.691520000000000218e-02
3.692544000000000382e-02
3.693567999999999851e-02
3.694592000000000015e-02
3.695616000000000179e-02
3.696640000000000342e-02
3.697663999999999812e-02
3.698687999999999976e-02
3.699712000000000139e-02
3.700736000000000303e-02
3.701759999999999773e-02
3.702783999999999937e-02
3.703808000000000100e-02
3.704832000000000264e-02
3.705855999999999734e-02
3.706879999999999897e-02
3.707904000000000061e-02
3.708928000000000225e-02
3.709952000000000388e-02
3.710975999999999858e-02
3.712000000000000022e-02
3.713024000000000185e-02
3.714048000000000349e-02
3.715071999999999819e-02
3.716095999999999983e-02
3.717120000000000146e-02
3.718144000000000310e-02
3.719167999999999780e-02
3.720191999999999943e-02
3.721216000000000107e-02
3.722240000000000271e-02
3.723263999999999740e-02
3.724287999999999904e-02
3.725312000000000068e-02
3.726336000000000231e-02
3.727360000000000395e-02
3.728383999999999865e-02
3.729408000000000029e-02
3.730432000000000192e-02
3.731456000000000356e-02
3.732479999999999826e-02
3.733503999999999989e-02
3.734528000000000153e-02
3.735552000000000317e-02
3.736575999999999786e-02
3.737599999999999950e-02
3.738624000000000114e-02
3.739648000000000277e-02
3.740671999999999747e-02
3.741695999999999911e-02
3.742720000000000075e-02
3.743744000000000238e-02
3.744768000000000402e-02
3.745791999999999872e-02
3.746816000000000035e-02
3.747840000000000199e-02
3.748864000000000363e-02
3.749887999999999832e-02
3.750911999999999996e-02
3.751936000000000160e-02
3.752960000000000323e-02
3.753983999999999793e-02
3.755007999999999957e-02
3.756032000000000121e-02
3.757056000000000284e-02
3.758079999999999754e-02
3.759103999999999918e-02
3.760128000000000081e-02
3.761152000000000245e-02
3.762176000000000409e-02
3.763199999999999878e-02
3.764224000000000042e-02
3.765248000000000206e-02
3.766272000000000370e-02
3.767295999999999839e-02
3.768320000000000003e-02
3.769344000000000167e-02
3.770368000000000330e-02
3.771391999999999800e-02
3.772415999999999964e-02
3.773440000000000127e-02
3.774464000000000291e-02
3.775487999999999761e-02
3.776511999999999925e-02
3.777536000000000088e-02
3.778560000000000252e-02
3.779584000000000416e-02
3.780607999999999885e-02
3.781632000000000049e-02
3.782656000000000213e-02
3.783680000000000376e-02
3.784703999999999846e-02
3.785728000000000010e-02
3.786752000000000173e-02
3.787776000000000337e-02
3.788799999999999807e-02
3.789823999999999971e-02
3.790848000000000134e-02
3.791872000000000298e-02
3.792895999999999768e-02
3.793919999999999931e-02
3.794944000000000095e-02
3.795968000000000259e-02
3.796992000000000422e-02
3.798015999999999892e-02
3.799040000000000056e-02
3.800064000000000219e-02
3.801088000000000383e-02
3.802111999999999853e-02
3.803136000000000017e-02
3.804160000000000180e-02
3.805184000000000344e-02
3.806207999999999814e-02
3.807231999999999977e-02
3.808256000000000141e-02
3.809280000000000305e-02
3.810303999999999774e-02
3.811327999999999938e-02
3.812352000000000102e-02
3.813376000000000265e-02
3.814399999999999735e-02
3.815423999999999899e-02
3.816448000000000063e-02
3.817472000000000226e-02
3.818496000000000390e-02
3.819519999999999860e-02
3.820544000000000023e-02
3.821568000000000187e-02
3.822592000000000351e-02
3.823615999999999820e-02
3.824639999999999984e-02
3.825664000000000148e-02
3.826688000000000311e-02
3.827711999999999781e-02
3.828735999999999945e-02
3.829760000000000109e-02
3.830784000000000272e-02
3.831807999999999742e-02
3.832831999999999906e-02
3.833856000000000069e-02
3.834880000000000233e-02
3.835904000000000397e-02
3.836927999999999866e-02
3.837952000000000030e-02
3.838976000000000194e-02
3.840000000000000357e-02
3.841023999999999827e-02
3.842047999999999991e-02
3.843072000000000155e-02
3.844096000000000318e-02
3.845119999999999788e-02
3.846143999999999952e-02
3.847168000000000115e-02
3.848192000000000279e-02
3.849215999999999749e-02
3.850239999999999913e-02
3.851264000000000076e-02
3.852288000000000240e-02
3.853312000000000404e-02
3.854335999999999873e-02
3.855360000000000037e-02
3.856384000000000201e-02
3.857408000000000364e-02
3.858431999999999834e-02
3.859455999999999998e-02
3.860480000000000161e-02
3.861504000000000325e-02
3.862527999999999795e-02
3.863551999999999959e-02
3.864576000000000122e-02
3.865600000000000286e-02
3.866623999999999756e-02
3.867647999999999919e-02
3.868672000000000083e-02
3.869696000000000247e-02
3.870720000000000410e-02
3.871743999999999880e-02
3.872768000000000044e-02
3.873792000000000207e-02
3.874816000000000371e-02
3.875839999999999841e-02
3.876864000000000005e-02
3.877888000000000168e-02
3.878912000000000332e-02
3.879935999999999802e-02
3.880959999999999965e-02
3.881984000000000129e-02
3.883008000000000293e-02
3.884031999999999762e-02
3.885055999999999926e-02
3.886080000000000090e-02
3.887104000000000253e-02
3.888128000000000417e-02
3.889151999999999887e-02
3.890176000000000051e-02
3.891200000000000214e-02
3.892224000000000378e-02
3.893247999999999848e-02
3.894272000000000011e-02
3.895296000000000175e-02
3.896320000000000339e-02
3.897343999999999808e-02
3.898367999999999972e-02
3.899392000000000136e-02
3.900416000000000299e-02
3.901439999999999769e-02
3.902463999999999933e-02
3.903488000000000097e-02
3.904512000000000260e-02
3.905536000000000424e-02
3.906559999999999894e-02
3.907584000000000057e-02
3.908608000000000221e-02
3.909632000000000385e-02
3.910655999999999854e-02
3.911680000000000018e-02
3.912704000000000182e-02
3.913728000000000345e-02
3.914751999999999815e-02
3.915775999999999979e-02
3.916800000000000143e-02
3.917824000000000306e-02
3.918847999999999776e-02
3.919871999999999940e-02
3.920896000000000103e-02
3.921920000000000267e-02
3.922943999999999737e-02
3.923967999999999900e-02
3.924992000000000064e-02
3.926016000000000228e-02
3.927040000000000392e-02
3.928063999999999861e-02
3.929088000000000025e-02
3.930112000000000189e-02
3.931136000000000352e-02
3.932159999999999822e-02
3.933183999999999986e-02
3.934208000000000149e-02
3.935232000000000313e-02
3.936255999999999783e-02
3.937279999999999947e-02
3.938304000000000110e-02
3.939328000000000274e-02
3.940351999999999744e-02
3.941375999999999907e-02
3.942400000000000071e-02
3.943424000000000235e-02
3.944448000000000398e-02
3.945471999999999868e-02
3.946496000000000032e-02
3.947520000000000195e-02
3.948544000000000359e-02
3.949567999999999829e-02
3.950591999999999993e-02
3.951616000000000156e-02
3.952640000000000320e-02
3.953663999999999790e-02
3.954687999999999953e-02
3.955712000000000117e-02
3.956736000000000281e-02
3.957759999999999750e-02
3.958783999999999914e-02
3.959808000000000078e-02
3.960832000000000241e-02
3.961856000000000405e-02
3.962879999999999875e-02
3.963904000000000039e-02
3.964928000000000202e-02
3.965952000000000366e-02
3.966975999999999836e-02
3.967999999999999999e-02
3.969024000000000163e-02
3.970048000000000327e-02
3.971071999999999796e-02
3.972095999999999960e-02
3.973120000000000124e-02
3.974144000000000287e-02
3.975167999999999757e-02
3.976191999999999921e-02
3.977216000000000085e-02
3.978240000000000248e-02
3.979264000000000412e-02
3.980287999999999882e-02
3.981312000000000045e-02
3.982336000000000209e-02
3.983360000000000373e-02
3.984383999999999842e-02
3.985408000000000006e-02
3.986432000000000170e-02
3.987456000000000333e-02
3.988479999999999803e-02
3.989503999999999967e-02
3.990528000000000131e-02
3.991552000000000294e-02
3.992575999999999764e-02
3.993599999999999928e-02
3.994624000000000091e-02
3.995648000000000255e-02
3.996672000000000419e-02
3.997695999999999888e-02
3.998720000000000052e-02
3.999744000000000216e-02
4.000768000000000379e-02
4.001791999999999849e-02
4.002816000000000013e-02
4.003840000000000177e-02
4.004864000000000340e-02
4.005887999999999810e-02
4.006911999999999974e-02
4.007936000000000137e-02
4.008960000000000301e-02
4.009983999999999771e-02
4.011007999999999935e-02
4.012032000000000098e-02
4.013056000000000262e-02
4.014080000000000426e-02
4.015103999999999895e-02
4.016128000000000059e-02
4.017152000000000223e-02
4.018176000000000386e-02
4.019199999999999856e-02
4.020224000000000020e-02
4.021248000000000183e-02
4.022272000000000347e-02
4.023295999999999817e-02
4.024319999999999981e-02
4.025344000000000144e-02
4.026368000000000308e-02
4.027391999999999778e-02
4.028415999999999941e-02
4.029440000000000105e-02
4.030464000000000269e-02
4.031487999999999738e-02
4.032511999999999902e-02
4.033536000000000066e-02
4.034560000000000229e-02
4.035584000000000393e-02
4.036607999999999863e-02
4.037632000000000027e-02
4.038656000000000190e-02
4.039680000000000354e-02
4.040703999999999824e-02
4.041727999999999987e-02
4.042752000000000151e-02
4.043776000000000315e-02
4.044799999999999784e-02
4.045823999999999948e-02
4.046848000000000112e-02
4.047872000000000275e-02
4.048895999999999745e-02
4.049919999999999909e-02
4.050944000000000073e-02
4.051968000000000236e-02
4.052992000000000400e-02
4.054015999999999870e-02
4.055040000000000033e-02
4.056064000000000197e-02
4.057088000000000361e-02
4.058111999999999830e-02
4.059135999999999994e-02
4.060160000000000158e-02
4.061184000000000321e-02
4.062207999999999791e-02
