0.000000000000000000e+00
2.048000000000000043e-05
4.096000000000000086e-05
6.144000000000000806e-05
8.192000000000000171e-05
1.023999999999999954e-04
1.228800000000000161e-04
1.433600000000000098e-04
1.638400000000000034e-04
1.843199999999999971e-04
2.047999999999999907e-04
2.252800000000000115e-04
2.457600000000000322e-04
2.662399999999999988e-04
2.867200000000000196e-04
3.071999999999999861e-04
3.276800000000000069e-04
3.481600000000000276e-04
3.686399999999999942e-04
3.891200000000000149e-04
4.095999999999999815e-04
4.300800000000000022e-04
4.505600000000000230e-04
4.710399999999999895e-04
4.915200000000000645e-04
5.119999999999999768e-04
5.324799999999999976e-04
5.529600000000000183e-04
5.734400000000000391e-04
5.939200000000000599e-04
6.143999999999999722e-04
6.348799999999999930e-04
6.553600000000000137e-04
6.758400000000000345e-04
6.963200000000000552e-04
7.167999999999999676e-04
7.372799999999999883e-04
7.577600000000000091e-04
7.782400000000000298e-04
7.987200000000000506e-04
8.191999999999999629e-04
8.396799999999999837e-04
8.601600000000000044e-04
8.806400000000000252e-04
9.011200000000000460e-04
9.216000000000000667e-04
9.420799999999999791e-04
9.625599999999999998e-04
9.830400000000001290e-04
1.003519999999999933e-03
1.023999999999999954e-03
1.044479999999999974e-03
1.064959999999999995e-03
1.085440000000000016e-03
1.105920000000000037e-03
1.126400000000000057e-03
1.146880000000000078e-03
1.167360000000000099e-03
1.187840000000000120e-03
1.208319999999999924e-03
1.228799999999999944e-03
1.249279999999999965e-03
1.269759999999999986e-03
1.290240000000000007e-03
1.310720000000000027e-03
1.331200000000000048e-03
1.351680000000000069e-03
1.372160000000000090e-03
1.392640000000000110e-03
1.413120000000000131e-03
1.433599999999999935e-03
1.454079999999999956e-03
1.474559999999999977e-03
1.495039999999999997e-03
1.515520000000000018e-03
1.536000000000000039e-03
1.556480000000000060e-03
1.576960000000000080e-03
1.597440000000000101e-03
1.617920000000000122e-03
1.638399999999999926e-03
1.658879999999999947e-03
1.679359999999999967e-03
1.699839999999999988e-03
1.720320000000000009e-03
1.740800000000000030e-03
1.761280000000000050e-03
1.781760000000000071e-03
1.802240000000000092e-03
1.822720000000000113e-03
1.843200000000000133e-03
1.863679999999999937e-03
1.884159999999999958e-03
1.904639999999999979e-03
1.925120000000000000e-03
1.945600000000000020e-03
1.966080000000000258e-03
1.986560000000000062e-03
2.007039999999999866e-03
2.027520000000000103e-03
2.047999999999999907e-03
2.068480000000000145e-03
2.088959999999999949e-03
2.109440000000000186e-03
2.129919999999999990e-03
2.150400000000000228e-03
2.170880000000000032e-03
2.191359999999999836e-03
2.211840000000000073e-03
2.232319999999999877e-03
2.252800000000000115e-03
2.273279999999999919e-03
2.293760000000000156e-03
2.314239999999999960e-03
2.334720000000000198e-03
2.355200000000000002e-03
2.375680000000000239e-03
2.396160000000000043e-03
2.416639999999999847e-03
2.437120000000000085e-03
2.457599999999999889e-03
2.478080000000000126e-03
2.498559999999999930e-03
2.519040000000000168e-03
2.539519999999999972e-03
2.560000000000000209e-03
2.580480000000000013e-03
2.600960000000000251e-03
2.621440000000000055e-03
2.641919999999999859e-03
2.662400000000000096e-03
2.682879999999999900e-03
2.703360000000000138e-03
2.723839999999999942e-03
2.744320000000000179e-03
2.764799999999999983e-03
2.785280000000000221e-03
2.805760000000000025e-03
2.826240000000000262e-03
2.846720000000000066e-03
2.867199999999999870e-03
2.887680000000000108e-03
2.908159999999999912e-03
2.928640000000000149e-03
2.949119999999999953e-03
2.969600000000000191e-03
2.990079999999999995e-03
3.010560000000000232e-03
3.031040000000000036e-03
3.051520000000000274e-03
3.072000000000000078e-03
3.092479999999999882e-03
3.112960000000000119e-03
3.133439999999999923e-03
3.153920000000000161e-03
3.174399999999999965e-03
3.194880000000000202e-03
3.215360000000000006e-03
3.235840000000000244e-03
3.256320000000000048e-03
3.276799999999999852e-03
3.297280000000000089e-03
3.317759999999999893e-03
3.338240000000000131e-03
3.358719999999999935e-03
3.379200000000000172e-03
3.399679999999999976e-03
3.420160000000000214e-03
3.440640000000000018e-03
3.461120000000000255e-03
3.481600000000000059e-03
3.502079999999999863e-03
3.522560000000000101e-03
3.543039999999999905e-03
3.563520000000000142e-03
3.583999999999999946e-03
3.604480000000000184e-03
3.624959999999999988e-03
3.645440000000000225e-03
3.665920000000000029e-03
3.686400000000000267e-03
3.706880000000000071e-03
3.727359999999999875e-03
3.747840000000000112e-03
3.768319999999999916e-03
3.788800000000000154e-03
3.809279999999999958e-03
3.829760000000000195e-03
3.850239999999999999e-03
3.870720000000000237e-03
3.891200000000000041e-03
3.911679999999999845e-03
3.932160000000000516e-03
3.952640000000000320e-03
3.973120000000000124e-03
3.993599999999999928e-03
4.014079999999999732e-03
4.034560000000000403e-03
4.055040000000000207e-03
4.075520000000000011e-03
4.095999999999999815e-03
4.116480000000000486e-03
4.136960000000000290e-03
4.157440000000000094e-03
4.177919999999999898e-03
4.198399999999999702e-03
4.218880000000000373e-03
4.239360000000000177e-03
4.259839999999999981e-03
4.280319999999999785e-03
4.300800000000000456e-03
4.321280000000000260e-03
4.341760000000000064e-03
4.362239999999999868e-03
4.382719999999999672e-03
4.403200000000000343e-03
4.423680000000000147e-03
4.444159999999999951e-03
4.464639999999999755e-03
4.485120000000000426e-03
4.505600000000000230e-03
4.526080000000000034e-03
4.546559999999999838e-03
4.567040000000000509e-03
4.587520000000000313e-03
4.608000000000000117e-03
4.628479999999999921e-03
4.648959999999999725e-03
4.669440000000000396e-03
4.689920000000000200e-03
4.710400000000000004e-03
4.730879999999999808e-03
4.751360000000000479e-03
4.771840000000000283e-03
4.792320000000000087e-03
4.812799999999999891e-03
4.833279999999999695e-03
4.853760000000000366e-03
4.874240000000000170e-03
4.894719999999999974e-03
4.915199999999999778e-03
4.935680000000000449e-03
4.956160000000000253e-03
4.976640000000000057e-03
4.997119999999999861e-03
5.017600000000000532e-03
5.038080000000000336e-03
5.058560000000000140e-03
5.079039999999999944e-03
5.099519999999999748e-03
5.120000000000000419e-03
5.140480000000000223e-03
5.160960000000000027e-03
5.181439999999999831e-03
5.201920000000000502e-03
5.222400000000000306e-03
5.242880000000000110e-03
5.263359999999999914e-03
5.283839999999999718e-03
5.304320000000000389e-03
5.324800000000000193e-03
5.345279999999999997e-03
5.365759999999999801e-03
5.386240000000000472e-03
5.406720000000000276e-03
5.427200000000000080e-03
5.447679999999999884e-03
5.468159999999999688e-03
5.488640000000000359e-03
5.509120000000000163e-03
5.529599999999999967e-03
5.550079999999999771e-03
5.570560000000000442e-03
5.591040000000000246e-03
5.611520000000000050e-03
5.631999999999999854e-03
5.652480000000000525e-03
5.672960000000000329e-03
5.693440000000000133e-03
5.713919999999999937e-03
5.734399999999999741e-03
5.754880000000000412e-03
5.775360000000000216e-03
5.795840000000000020e-03
5.816319999999999824e-03
5.836800000000000495e-03
5.857280000000000299e-03
5.877760000000000103e-03
5.898239999999999907e-03
5.918719999999999710e-03
5.939200000000000382e-03
5.959680000000000186e-03
5.980159999999999990e-03
6.000639999999999794e-03
6.021120000000000465e-03
6.041600000000000269e-03
6.062080000000000073e-03
6.082559999999999877e-03
6.103040000000000548e-03
6.123520000000000352e-03
6.144000000000000156e-03
6.164479999999999960e-03
6.184959999999999763e-03
6.205440000000000435e-03
6.225920000000000239e-03
6.246400000000000043e-03
6.266879999999999847e-03
6.287360000000000518e-03
6.307840000000000322e-03
6.328320000000000126e-03
6.348799999999999930e-03
6.369279999999999733e-03
6.389760000000000405e-03
6.410240000000000209e-03
6.430720000000000013e-03
6.451199999999999816e-03
6.471680000000000488e-03
6.492160000000000292e-03
6.512640000000000096e-03
6.533119999999999900e-03
6.553599999999999703e-03
6.574080000000000375e-03
6.594560000000000179e-03
6.615039999999999983e-03
6.635519999999999786e-03
6.656000000000000458e-03
6.676480000000000262e-03
6.696960000000000066e-03
6.717439999999999869e-03
6.737920000000000541e-03
6.758400000000000345e-03
6.778880000000000149e-03
6.799359999999999953e-03
6.819839999999999756e-03
6.840320000000000428e-03
6.860800000000000232e-03
6.881280000000000036e-03
6.901759999999999839e-03
6.922240000000000511e-03
6.942720000000000315e-03
6.963200000000000119e-03
6.983679999999999922e-03
7.004159999999999726e-03
7.024640000000000398e-03
7.045120000000000202e-03
7.065600000000000006e-03
7.086079999999999809e-03
7.106560000000000481e-03
7.127040000000000285e-03
7.147520000000000089e-03
7.167999999999999892e-03
7.188480000000000564e-03
7.208960000000000368e-03
7.229440000000000172e-03
7.249919999999999976e-03
7.270399999999999779e-03
7.290880000000000451e-03
7.311360000000000255e-03
7.331840000000000059e-03
7.352319999999999862e-03
7.372800000000000534e-03
7.393280000000000338e-03
7.413760000000000142e-03
7.434239999999999945e-03
7.454719999999999749e-03
7.475200000000000421e-03
7.495680000000000225e-03
7.516160000000000029e-03
7.536639999999999832e-03
7.557120000000000504e-03
7.577600000000000308e-03
7.598080000000000112e-03
7.618559999999999915e-03
7.639040000000000587e-03
7.659520000000000391e-03
7.680000000000000195e-03
7.700479999999999998e-03
7.720959999999999802e-03
7.741440000000000474e-03
7.761920000000000278e-03
7.782400000000000082e-03
7.802879999999999885e-03
7.823359999999999689e-03
7.843839999999999493e-03
7.864320000000001032e-03
7.884800000000000836e-03
7.905280000000000640e-03
7.925760000000000444e-03
7.946240000000000248e-03
7.966720000000000051e-03
7.987199999999999855e-03
8.007679999999999659e-03
8.028159999999999463e-03
8.048640000000001002e-03
8.069120000000000806e-03
8.089600000000000610e-03
8.110080000000000414e-03
8.130560000000000218e-03
8.151040000000000021e-03
8.171519999999999825e-03
8.191999999999999629e-03
8.212479999999999433e-03
8.232960000000000972e-03
8.253440000000000776e-03
8.273920000000000580e-03
8.294400000000000384e-03
8.314880000000000188e-03
8.335359999999999991e-03
8.355839999999999795e-03
8.376319999999999599e-03
8.396799999999999403e-03
8.417280000000000942e-03
8.437760000000000746e-03
8.458240000000000550e-03
8.478720000000000354e-03
8.499200000000000157e-03
8.519679999999999961e-03
8.540159999999999765e-03
8.560639999999999569e-03
8.581119999999999373e-03
8.601600000000000912e-03
8.622080000000000716e-03
8.642560000000000520e-03
8.663040000000000324e-03
8.683520000000000127e-03
8.703999999999999931e-03
8.724479999999999735e-03
8.744959999999999539e-03
8.765439999999999343e-03
8.785920000000000882e-03
8.806400000000000686e-03
8.826880000000000490e-03
8.847360000000000294e-03
8.867840000000000097e-03
8.888319999999999901e-03
8.908799999999999705e-03
8.929279999999999509e-03
8.949760000000001048e-03
8.970240000000000852e-03
8.990720000000000656e-03
9.011200000000000460e-03
9.031680000000000264e-03
9.052160000000000067e-03
9.072639999999999871e-03
9.093119999999999675e-03
9.113599999999999479e-03
9.134080000000001018e-03
9.154560000000000822e-03
9.175040000000000626e-03
9.195520000000000430e-03
9.216000000000000233e-03
9.236480000000000037e-03
9.256959999999999841e-03
9.277439999999999645e-03
9.297919999999999449e-03
9.318400000000000988e-03
9.338880000000000792e-03
9.359360000000000596e-03
9.379840000000000400e-03
9.400320000000000203e-03
9.420800000000000007e-03
9.441279999999999811e-03
9.461759999999999615e-03
9.482239999999999419e-03
9.502720000000000958e-03
9.523200000000000762e-03
9.543680000000000566e-03
9.564160000000000370e-03
9.584640000000000173e-03
9.605119999999999977e-03
9.625599999999999781e-03
9.646079999999999585e-03
9.666559999999999389e-03
9.687040000000000928e-03
9.707520000000000732e-03
9.728000000000000536e-03
9.748480000000000339e-03
9.768960000000000143e-03
9.789439999999999947e-03
9.809919999999999751e-03
9.830399999999999555e-03
9.850879999999999359e-03
9.871360000000000898e-03
9.891840000000000702e-03
9.912320000000000506e-03
9.932800000000000309e-03
9.953280000000000113e-03
9.973759999999999917e-03
9.994239999999999721e-03
1.001471999999999953e-02
1.003520000000000106e-02
1.005568000000000087e-02
1.007616000000000067e-02
1.009664000000000048e-02
1.011712000000000028e-02
1.013760000000000008e-02
1.015807999999999989e-02
1.017855999999999969e-02
1.019903999999999950e-02
1.021952000000000103e-02
1.024000000000000084e-02
1.026048000000000064e-02
1.028096000000000045e-02
1.030144000000000025e-02
1.032192000000000005e-02
1.034239999999999986e-02
1.036287999999999966e-02
1.038335999999999947e-02
1.040384000000000100e-02
1.042432000000000081e-02
1.044480000000000061e-02
1.046528000000000042e-02
1.048576000000000022e-02
1.050624000000000002e-02
1.052671999999999983e-02
1.054719999999999963e-02
1.056767999999999944e-02
1.058816000000000097e-02
1.060864000000000078e-02
1.062912000000000058e-02
1.064960000000000039e-02
1.067008000000000019e-02
1.069055999999999999e-02
1.071103999999999980e-02
1.073151999999999960e-02
1.075199999999999941e-02
1.077248000000000094e-02
1.079296000000000075e-02
1.081344000000000055e-02
1.083392000000000036e-02
1.085440000000000016e-02
1.087487999999999996e-02
1.089535999999999977e-02
1.091583999999999957e-02
1.093631999999999938e-02
1.095680000000000091e-02
1.097728000000000072e-02
1.099776000000000052e-02
1.101824000000000033e-02
1.103872000000000013e-02
1.105919999999999993e-02
1.107967999999999974e-02
1.110015999999999954e-02
1.112064000000000108e-02
1.114112000000000088e-02
1.116160000000000069e-02
1.118208000000000049e-02
1.120256000000000030e-02
1.122304000000000010e-02
1.124351999999999990e-02
1.126399999999999971e-02
1.128447999999999951e-02
1.130496000000000105e-02
1.132544000000000085e-02
1.134592000000000066e-02
1.136640000000000046e-02
1.138688000000000027e-02
1.140736000000000007e-02
1.142783999999999987e-02
1.144831999999999968e-02
1.146879999999999948e-02
1.148928000000000102e-02
1.150976000000000082e-02
1.153024000000000063e-02
1.155072000000000043e-02
1.157120000000000024e-02
1.159168000000000004e-02
1.161215999999999984e-02
1.163263999999999965e-02
1.165311999999999945e-02
1.167360000000000099e-02
1.169408000000000079e-02
1.171456000000000060e-02
1.173504000000000040e-02
1.175552000000000021e-02
1.177600000000000001e-02
1.179647999999999981e-02
1.181695999999999962e-02
1.183743999999999942e-02
1.185792000000000096e-02
1.187840000000000076e-02
1.189888000000000057e-02
1.191936000000000037e-02
1.193984000000000018e-02
1.196031999999999998e-02
1.198079999999999978e-02
1.200127999999999959e-02
1.202175999999999939e-02
1.204224000000000093e-02
1.206272000000000073e-02
1.208320000000000054e-02
1.210368000000000034e-02
1.212416000000000015e-02
1.214463999999999995e-02
1.216511999999999975e-02
1.218559999999999956e-02
1.220608000000000110e-02
1.222656000000000090e-02
1.224704000000000070e-02
1.226752000000000051e-02
1.228800000000000031e-02
1.230848000000000012e-02
1.232895999999999992e-02
1.234943999999999972e-02
1.236991999999999953e-02
1.239040000000000107e-02
1.241088000000000087e-02
1.243136000000000067e-02
1.245184000000000048e-02
1.247232000000000028e-02
1.249280000000000009e-02
1.251327999999999989e-02
1.253375999999999969e-02
1.255423999999999950e-02
1.257472000000000104e-02
1.259520000000000084e-02
1.261568000000000064e-02
1.263616000000000045e-02
1.265664000000000025e-02
1.267712000000000006e-02
1.269759999999999986e-02
1.271807999999999966e-02
1.273855999999999947e-02
1.275904000000000101e-02
1.277952000000000081e-02
1.280000000000000061e-02
1.282048000000000042e-02
1.284096000000000022e-02
1.286144000000000003e-02
1.288191999999999983e-02
1.290239999999999963e-02
1.292287999999999944e-02
1.294336000000000098e-02
1.296384000000000078e-02
1.298432000000000058e-02
1.300480000000000039e-02
1.302528000000000019e-02
1.304576000000000000e-02
1.306623999999999980e-02
1.308671999999999960e-02
1.310719999999999941e-02
1.312768000000000095e-02
1.314816000000000075e-02
1.316864000000000055e-02
1.318912000000000036e-02
1.320960000000000016e-02
1.323007999999999997e-02
1.325055999999999977e-02
1.327103999999999957e-02
1.329152000000000111e-02
1.331200000000000092e-02
1.333248000000000072e-02
1.335296000000000052e-02
1.337344000000000033e-02
1.339392000000000013e-02
1.341439999999999994e-02
1.343487999999999974e-02
1.345535999999999954e-02
1.347584000000000108e-02
1.349632000000000089e-02
1.351680000000000069e-02
1.353728000000000049e-02
1.355776000000000030e-02
1.357824000000000010e-02
1.359871999999999991e-02
1.361919999999999971e-02
1.363967999999999951e-02
1.366016000000000105e-02
1.368064000000000086e-02
1.370112000000000066e-02
1.372160000000000046e-02
1.374208000000000027e-02
1.376256000000000007e-02
1.378303999999999988e-02
1.380351999999999968e-02
1.382399999999999948e-02
1.384448000000000102e-02
1.386496000000000083e-02
1.388544000000000063e-02
1.390592000000000043e-02
1.392640000000000024e-02
1.394688000000000004e-02
1.396735999999999984e-02
1.398783999999999965e-02
1.400831999999999945e-02
1.402880000000000099e-02
1.404928000000000080e-02
1.406976000000000060e-02
1.409024000000000040e-02
1.411072000000000021e-02
1.413120000000000001e-02
1.415167999999999981e-02
1.417215999999999962e-02
1.419264000000000116e-02
1.421312000000000096e-02
1.423360000000000077e-02
1.425408000000000057e-02
1.427456000000000037e-02
1.429504000000000018e-02
1.431551999999999998e-02
1.433599999999999978e-02
1.435647999999999959e-02
1.437696000000000113e-02
1.439744000000000093e-02
1.441792000000000074e-02
1.443840000000000054e-02
1.445888000000000034e-02
1.447936000000000015e-02
1.449983999999999995e-02
1.452031999999999975e-02
1.454079999999999956e-02
1.456128000000000110e-02
1.458176000000000090e-02
1.460224000000000071e-02
1.462272000000000051e-02
1.464320000000000031e-02
1.466368000000000012e-02
1.468415999999999992e-02
1.470463999999999972e-02
1.472511999999999953e-02
1.474560000000000107e-02
1.476608000000000087e-02
1.478656000000000068e-02
1.480704000000000048e-02
1.482752000000000028e-02
1.484800000000000009e-02
1.486847999999999989e-02
1.488895999999999969e-02
1.490943999999999950e-02
1.492992000000000104e-02
1.495040000000000084e-02
1.497088000000000065e-02
1.499136000000000045e-02
1.501184000000000025e-02
1.503232000000000006e-02
1.505279999999999986e-02
1.507327999999999966e-02
1.509375999999999947e-02
1.511424000000000101e-02
1.513472000000000081e-02
1.515520000000000062e-02
1.517568000000000042e-02
1.519616000000000022e-02
1.521664000000000003e-02
1.523711999999999983e-02
1.525759999999999963e-02
1.527808000000000117e-02
1.529856000000000098e-02
1.531904000000000078e-02
1.533952000000000059e-02
1.536000000000000039e-02
1.538048000000000019e-02
1.540096000000000000e-02
1.542143999999999980e-02
1.544191999999999960e-02
1.546240000000000114e-02
1.548288000000000095e-02
1.550336000000000075e-02
1.552384000000000056e-02
1.554432000000000036e-02
1.556480000000000016e-02
1.558527999999999997e-02
1.560575999999999977e-02
1.562623999999999957e-02
1.564671999999999938e-02
1.566719999999999918e-02
1.568767999999999899e-02
1.570815999999999879e-02
1.572864000000000206e-02
1.574912000000000187e-02
1.576960000000000167e-02
1.579008000000000148e-02
1.581056000000000128e-02
1.583104000000000108e-02
1.585152000000000089e-02
1.587200000000000069e-02
1.589248000000000050e-02
1.591296000000000030e-02
1.593344000000000010e-02
1.595391999999999991e-02
1.597439999999999971e-02
1.599487999999999951e-02
1.601535999999999932e-02
1.603583999999999912e-02
1.605631999999999893e-02
1.607679999999999873e-02
1.609728000000000200e-02
1.611776000000000181e-02
1.613824000000000161e-02
1.615872000000000142e-02
1.617920000000000122e-02
1.619968000000000102e-02
1.622016000000000083e-02
1.624064000000000063e-02
1.626112000000000044e-02
1.628160000000000024e-02
1.630208000000000004e-02
1.632255999999999985e-02
1.634303999999999965e-02
1.636351999999999945e-02
1.638399999999999926e-02
1.640447999999999906e-02
1.642495999999999887e-02
1.644543999999999867e-02
1.646592000000000194e-02
1.648640000000000175e-02
1.650688000000000155e-02
1.652736000000000136e-02
1.654784000000000116e-02
1.656832000000000096e-02
1.658880000000000077e-02
1.660928000000000057e-02
1.662976000000000038e-02
1.665024000000000018e-02
1.667071999999999998e-02
1.669119999999999979e-02
1.671167999999999959e-02
1.673215999999999939e-02
1.675263999999999920e-02
1.677311999999999900e-02
1.679359999999999881e-02
1.681408000000000208e-02
1.683456000000000188e-02
1.685504000000000169e-02
1.687552000000000149e-02
1.689600000000000130e-02
1.691648000000000110e-02
1.693696000000000090e-02
1.695744000000000071e-02
1.697792000000000051e-02
1.699840000000000031e-02
1.701888000000000012e-02
1.703935999999999992e-02
1.705983999999999973e-02
1.708031999999999953e-02
1.710079999999999933e-02
1.712127999999999914e-02
1.714175999999999894e-02
1.716223999999999875e-02
1.718272000000000202e-02
1.720320000000000182e-02
1.722368000000000163e-02
1.724416000000000143e-02
1.726464000000000124e-02
1.728512000000000104e-02
1.730560000000000084e-02
1.732608000000000065e-02
1.734656000000000045e-02
1.736704000000000025e-02
1.738752000000000006e-02
1.740799999999999986e-02
1.742847999999999967e-02
1.744895999999999947e-02
1.746943999999999927e-02
1.748991999999999908e-02
1.751039999999999888e-02
1.753087999999999869e-02
1.755136000000000196e-02
1.757184000000000176e-02
1.759232000000000157e-02
1.761280000000000137e-02
1.763328000000000118e-02
1.765376000000000098e-02
1.767424000000000078e-02
1.769472000000000059e-02
1.771520000000000039e-02
1.773568000000000019e-02
1.775616000000000000e-02
1.777663999999999980e-02
1.779711999999999961e-02
1.781759999999999941e-02
1.783807999999999921e-02
1.785855999999999902e-02
1.787903999999999882e-02
1.789952000000000210e-02
1.792000000000000190e-02
1.794048000000000170e-02
1.796096000000000151e-02
1.798144000000000131e-02
1.800192000000000112e-02
1.802240000000000092e-02
1.804288000000000072e-02
1.806336000000000053e-02
1.808384000000000033e-02
1.810432000000000013e-02
1.812479999999999994e-02
1.814527999999999974e-02
1.816575999999999955e-02
1.818623999999999935e-02
1.820671999999999915e-02
1.822719999999999896e-02
1.824767999999999876e-02
1.826816000000000204e-02
1.828864000000000184e-02
1.830912000000000164e-02
1.832960000000000145e-02
1.835008000000000125e-02
1.837056000000000106e-02
1.839104000000000086e-02
1.841152000000000066e-02
1.843200000000000047e-02
1.845248000000000027e-02
1.847296000000000007e-02
1.849343999999999988e-02
1.851391999999999968e-02
1.853439999999999949e-02
1.855487999999999929e-02
1.857535999999999909e-02
1.859583999999999890e-02
1.861631999999999870e-02
1.863680000000000198e-02
1.865728000000000178e-02
1.867776000000000158e-02
1.869824000000000139e-02
1.871872000000000119e-02
1.873920000000000100e-02
1.875968000000000080e-02
1.878016000000000060e-02
1.880064000000000041e-02
1.882112000000000021e-02
1.884160000000000001e-02
1.886207999999999982e-02
1.888255999999999962e-02
1.890303999999999943e-02
1.892351999999999923e-02
1.894399999999999903e-02
1.896447999999999884e-02
1.898496000000000211e-02
1.900544000000000192e-02
1.902592000000000172e-02
1.904640000000000152e-02
1.906688000000000133e-02
1.908736000000000113e-02
1.910784000000000094e-02
1.912832000000000074e-02
1.914880000000000054e-02
1.916928000000000035e-02
1.918976000000000015e-02
1.921023999999999995e-02
1.923071999999999976e-02
1.925119999999999956e-02
1.927167999999999937e-02
1.929215999999999917e-02
1.931263999999999897e-02
1.933311999999999878e-02
1.935360000000000205e-02
1.937408000000000186e-02
1.939456000000000166e-02
1.941504000000000146e-02
1.943552000000000127e-02
1.945600000000000107e-02
1.947648000000000088e-02
1.949696000000000068e-02
1.951744000000000048e-02
1.953792000000000029e-02
1.955840000000000009e-02
1.957887999999999989e-02
1.959935999999999970e-02
1.961983999999999950e-02
1.964031999999999931e-02
1.966079999999999911e-02
1.968127999999999891e-02
1.970175999999999872e-02
1.972224000000000199e-02
1.974272000000000180e-02
1.976320000000000160e-02
1.978368000000000140e-02
1.980416000000000121e-02
1.982464000000000101e-02
1.984512000000000082e-02
1.986560000000000062e-02
1.988608000000000042e-02
1.990656000000000023e-02
1.992704000000000003e-02
1.994751999999999983e-02
1.996799999999999964e-02
1.998847999999999944e-02
2.000895999999999925e-02
2.002943999999999905e-02
2.004991999999999885e-02
2.007040000000000213e-02
2.009088000000000193e-02
2.011136000000000174e-02
2.013184000000000154e-02
2.015232000000000134e-02
2.017280000000000115e-02
2.019328000000000095e-02
2.021376000000000075e-02
2.023424000000000056e-02
2.025472000000000036e-02
2.027520000000000017e-02
2.029567999999999997e-02
2.031615999999999977e-02
2.033663999999999958e-02
2.035711999999999938e-02
2.037759999999999919e-02
2.039807999999999899e-02
2.041855999999999879e-02
2.043904000000000207e-02
2.045952000000000187e-02
2.048000000000000168e-02
2.050048000000000148e-02
2.052096000000000128e-02
2.054144000000000109e-02
2.056192000000000089e-02
2.058240000000000069e-02
2.060288000000000050e-02
2.062336000000000030e-02
2.064384000000000011e-02
2.066431999999999991e-02
2.068479999999999971e-02
2.070527999999999952e-02
2.072575999999999932e-02
2.074623999999999913e-02
2.076671999999999893e-02
2.078719999999999873e-02
2.080768000000000201e-02
2.082816000000000181e-02
2.084864000000000162e-02
2.086912000000000142e-02
2.088960000000000122e-02
2.091008000000000103e-02
2.093056000000000083e-02
2.095104000000000063e-02
2.097152000000000044e-02
2.099200000000000024e-02
2.101248000000000005e-02
2.103295999999999985e-02
2.105343999999999965e-02
2.107391999999999946e-02
2.109439999999999926e-02
2.111487999999999907e-02
2.113535999999999887e-02
2.115584000000000214e-02
2.117632000000000195e-02
2.119680000000000175e-02
2.121728000000000156e-02
2.123776000000000136e-02
2.125824000000000116e-02
2.127872000000000097e-02
2.129920000000000077e-02
2.131968000000000057e-02
2.134016000000000038e-02
2.136064000000000018e-02
2.138111999999999999e-02
2.140159999999999979e-02
2.142207999999999959e-02
2.144255999999999940e-02
2.146303999999999920e-02
2.148351999999999901e-02
2.150399999999999881e-02
2.152448000000000208e-02
2.154496000000000189e-02
2.156544000000000169e-02
2.158592000000000150e-02
2.160640000000000130e-02
2.162688000000000110e-02
2.164736000000000091e-02
2.166784000000000071e-02
2.168832000000000051e-02
2.170880000000000032e-02
2.172928000000000012e-02
2.174975999999999993e-02
2.177023999999999973e-02
2.179071999999999953e-02
2.181119999999999934e-02
2.183167999999999914e-02
2.185215999999999895e-02
2.187263999999999875e-02
2.189312000000000202e-02
2.191360000000000183e-02
2.193408000000000163e-02
2.195456000000000144e-02
2.197504000000000124e-02
2.199552000000000104e-02
2.201600000000000085e-02
2.203648000000000065e-02
2.205696000000000045e-02
2.207744000000000026e-02
2.209792000000000006e-02
2.211839999999999987e-02
2.213887999999999967e-02
2.215935999999999947e-02
2.217983999999999928e-02
2.220031999999999908e-02
2.222079999999999889e-02
2.224128000000000216e-02
2.226176000000000196e-02
2.228224000000000177e-02
2.230272000000000157e-02
2.232320000000000138e-02
2.234368000000000118e-02
2.236416000000000098e-02
2.238464000000000079e-02
2.240512000000000059e-02
2.242560000000000039e-02
2.244608000000000020e-02
2.246656000000000000e-02
2.248703999999999981e-02
2.250751999999999961e-02
2.252799999999999941e-02
2.254847999999999922e-02
2.256895999999999902e-02
2.258943999999999883e-02
2.260992000000000210e-02
2.263040000000000190e-02
2.265088000000000171e-02
2.267136000000000151e-02
2.269184000000000132e-02
2.271232000000000112e-02
2.273280000000000092e-02
2.275328000000000073e-02
2.277376000000000053e-02
2.279424000000000033e-02
2.281472000000000014e-02
2.283519999999999994e-02
2.285567999999999975e-02
2.287615999999999955e-02
2.289663999999999935e-02
2.291711999999999916e-02
2.293759999999999896e-02
2.295807999999999877e-02
2.297856000000000204e-02
2.299904000000000184e-02
2.301952000000000165e-02
2.304000000000000145e-02
2.306048000000000125e-02
2.308096000000000106e-02
2.310144000000000086e-02
2.312192000000000067e-02
2.314240000000000047e-02
2.316288000000000027e-02
2.318336000000000008e-02
2.320383999999999988e-02
2.322431999999999969e-02
2.324479999999999949e-02
2.326527999999999929e-02
2.328575999999999910e-02
2.330623999999999890e-02
2.332672000000000218e-02
2.334720000000000198e-02
2.336768000000000178e-02
2.338816000000000159e-02
2.340864000000000139e-02
2.342912000000000119e-02
2.344960000000000100e-02
2.347008000000000080e-02
2.349056000000000061e-02
2.351104000000000041e-02
2.353152000000000021e-02
2.355200000000000002e-02
2.357247999999999982e-02
2.359295999999999963e-02
2.361343999999999943e-02
2.363391999999999923e-02
2.365439999999999904e-02
2.367487999999999884e-02
2.369536000000000212e-02
2.371584000000000192e-02
2.373632000000000172e-02
2.375680000000000153e-02
2.377728000000000133e-02
2.379776000000000113e-02
2.381824000000000094e-02
2.383872000000000074e-02
2.385920000000000055e-02
2.387968000000000035e-02
2.390016000000000015e-02
2.392063999999999996e-02
2.394111999999999976e-02
2.396159999999999957e-02
2.398207999999999937e-02
2.400255999999999917e-02
2.402303999999999898e-02
2.404351999999999878e-02
2.406400000000000206e-02
2.408448000000000186e-02
2.410496000000000166e-02
2.412544000000000147e-02
2.414592000000000127e-02
2.416640000000000107e-02
2.418688000000000088e-02
2.420736000000000068e-02
2.422784000000000049e-02
2.424832000000000029e-02
2.426880000000000009e-02
2.428927999999999990e-02
2.430975999999999970e-02
2.433023999999999951e-02
2.435071999999999931e-02
2.437119999999999911e-02
2.439167999999999892e-02
2.441216000000000219e-02
2.443264000000000200e-02
2.445312000000000180e-02
2.447360000000000160e-02
2.449408000000000141e-02
2.451456000000000121e-02
2.453504000000000101e-02
2.455552000000000082e-02
2.457600000000000062e-02
2.459648000000000043e-02
2.461696000000000023e-02
2.463744000000000003e-02
2.465791999999999984e-02
2.467839999999999964e-02
2.469887999999999945e-02
2.471935999999999925e-02
2.473983999999999905e-02
2.476031999999999886e-02
2.478080000000000213e-02
2.480128000000000194e-02
2.482176000000000174e-02
2.484224000000000154e-02
2.486272000000000135e-02
2.488320000000000115e-02
2.490368000000000095e-02
2.492416000000000076e-02
2.494464000000000056e-02
2.496512000000000037e-02
2.498560000000000017e-02
2.500607999999999997e-02
2.502655999999999978e-02
2.504703999999999958e-02
2.506751999999999939e-02
2.508799999999999919e-02
2.510847999999999899e-02
2.512895999999999880e-02
2.514944000000000207e-02
2.516992000000000188e-02
2.519040000000000168e-02
2.521088000000000148e-02
2.523136000000000129e-02
2.525184000000000109e-02
2.527232000000000089e-02
2.529280000000000070e-02
2.531328000000000050e-02
2.533376000000000031e-02
2.535424000000000011e-02
2.537471999999999991e-02
2.539519999999999972e-02
2.541567999999999952e-02
2.543615999999999933e-02
2.545663999999999913e-02
2.547711999999999893e-02
2.549760000000000221e-02
2.551808000000000201e-02
2.553856000000000182e-02
2.555904000000000162e-02
2.557952000000000142e-02
2.560000000000000123e-02
2.562048000000000103e-02
2.564096000000000083e-02
2.566144000000000064e-02
2.568192000000000044e-02
2.570240000000000025e-02
2.572288000000000005e-02
2.574335999999999985e-02
2.576383999999999966e-02
2.578431999999999946e-02
2.580479999999999927e-02
2.582527999999999907e-02
2.584575999999999887e-02
2.586624000000000215e-02
2.588672000000000195e-02
2.590720000000000175e-02
2.592768000000000156e-02
2.594816000000000136e-02
2.596864000000000117e-02
2.598912000000000097e-02
2.600960000000000077e-02
2.603008000000000058e-02
2.605056000000000038e-02
2.607104000000000019e-02
2.609151999999999999e-02
2.611199999999999979e-02
2.613247999999999960e-02
2.615295999999999940e-02
2.617343999999999921e-02
2.619391999999999901e-02
2.621439999999999881e-02
2.623488000000000209e-02
2.625536000000000189e-02
2.627584000000000169e-02
2.629632000000000150e-02
2.631680000000000130e-02
2.633728000000000111e-02
2.635776000000000091e-02
2.637824000000000071e-02
2.639872000000000052e-02
2.641920000000000032e-02
2.643968000000000013e-02
2.646015999999999993e-02
2.648063999999999973e-02
2.650111999999999954e-02
2.652159999999999934e-02
2.654207999999999915e-02
2.656255999999999895e-02
2.658304000000000222e-02
2.660352000000000203e-02
2.662400000000000183e-02
2.664448000000000163e-02
2.666496000000000144e-02
2.668544000000000124e-02
2.670592000000000105e-02
2.672640000000000085e-02
2.674688000000000065e-02
2.676736000000000046e-02
2.678784000000000026e-02
2.680832000000000007e-02
2.682879999999999987e-02
2.684927999999999967e-02
2.686975999999999948e-02
2.689023999999999928e-02
2.691071999999999909e-02
2.693119999999999889e-02
2.695168000000000216e-02
2.697216000000000197e-02
2.699264000000000177e-02
2.701312000000000157e-02
2.703360000000000138e-02
2.705408000000000118e-02
2.707456000000000099e-02
2.709504000000000079e-02
2.711552000000000059e-02
2.713600000000000040e-02
2.715648000000000020e-02
2.717696000000000001e-02
2.719743999999999981e-02
2.721791999999999961e-02
2.723839999999999942e-02
2.725887999999999922e-02
2.727935999999999903e-02
2.729984000000000230e-02
2.732032000000000210e-02
2.734080000000000191e-02
2.736128000000000171e-02
2.738176000000000151e-02
2.740224000000000132e-02
2.742272000000000112e-02
2.744320000000000093e-02
2.746368000000000073e-02
2.748416000000000053e-02
2.750464000000000034e-02
2.752512000000000014e-02
2.754559999999999995e-02
2.756607999999999975e-02
2.758655999999999955e-02
2.760703999999999936e-02
2.762751999999999916e-02
2.764799999999999897e-02
2.766848000000000224e-02
2.768896000000000204e-02
2.770944000000000185e-02
2.772992000000000165e-02
2.775040000000000145e-02
2.777088000000000126e-02
2.779136000000000106e-02
2.781184000000000087e-02
2.783232000000000067e-02
2.785280000000000047e-02
2.787328000000000028e-02
2.789376000000000008e-02
2.791423999999999989e-02
2.793471999999999969e-02
2.795519999999999949e-02
2.797567999999999930e-02
2.799615999999999910e-02
2.801663999999999891e-02
2.803712000000000218e-02
2.805760000000000198e-02
2.807808000000000179e-02
2.809856000000000159e-02
2.811904000000000139e-02
2.813952000000000120e-02
2.816000000000000100e-02
2.818048000000000081e-02
2.820096000000000061e-02
2.822144000000000041e-02
2.824192000000000022e-02
2.826240000000000002e-02
2.828287999999999983e-02
2.830335999999999963e-02
2.832383999999999943e-02
2.834431999999999924e-02
2.836479999999999904e-02
2.838528000000000232e-02
2.840576000000000212e-02
2.842624000000000192e-02
2.844672000000000173e-02
2.846720000000000153e-02
2.848768000000000133e-02
2.850816000000000114e-02
2.852864000000000094e-02
2.854912000000000075e-02
2.856960000000000055e-02
2.859008000000000035e-02
2.861056000000000016e-02
2.863103999999999996e-02
2.865151999999999977e-02
2.867199999999999957e-02
2.869247999999999937e-02
2.871295999999999918e-02
2.873343999999999898e-02
2.875392000000000226e-02
2.877440000000000206e-02
2.879488000000000186e-02
2.881536000000000167e-02
2.883584000000000147e-02
2.885632000000000127e-02
2.887680000000000108e-02
2.889728000000000088e-02
2.891776000000000069e-02
2.893824000000000049e-02
2.895872000000000029e-02
2.897920000000000010e-02
2.899967999999999990e-02
2.902015999999999971e-02
2.904063999999999951e-02
2.906111999999999931e-02
2.908159999999999912e-02
2.910207999999999892e-02
2.912256000000000219e-02
2.914304000000000200e-02
2.916352000000000180e-02
2.918400000000000161e-02
2.920448000000000141e-02
2.922496000000000121e-02
2.924544000000000102e-02
2.926592000000000082e-02
2.928640000000000063e-02
2.930688000000000043e-02
2.932736000000000023e-02
2.934784000000000004e-02
2.936831999999999984e-02
2.938879999999999965e-02
2.940927999999999945e-02
2.942975999999999925e-02
2.945023999999999906e-02
2.947072000000000233e-02
2.949120000000000213e-02
2.951168000000000194e-02
2.953216000000000174e-02
2.955264000000000155e-02
2.957312000000000135e-02
2.959360000000000115e-02
2.961408000000000096e-02
2.963456000000000076e-02
2.965504000000000057e-02
2.967552000000000037e-02
2.969600000000000017e-02
2.971647999999999998e-02
2.973695999999999978e-02
2.975743999999999959e-02
2.977791999999999939e-02
2.979839999999999919e-02
2.981887999999999900e-02
2.983936000000000227e-02
2.985984000000000207e-02
2.988032000000000188e-02
2.990080000000000168e-02
2.992128000000000149e-02
2.994176000000000129e-02
2.996224000000000109e-02
2.998272000000000090e-02
3.000320000000000070e-02
3.002368000000000051e-02
3.004416000000000031e-02
3.006464000000000011e-02
3.008511999999999992e-02
3.010559999999999972e-02
3.012607999999999953e-02
3.014655999999999933e-02
3.016703999999999913e-02
3.018751999999999894e-02
3.020800000000000221e-02
3.022848000000000201e-02
3.024896000000000182e-02
3.026944000000000162e-02
3.028992000000000143e-02
3.031040000000000123e-02
3.033088000000000103e-02
3.035136000000000084e-02
3.037184000000000064e-02
3.039232000000000045e-02
3.041280000000000025e-02
3.043328000000000005e-02
3.045375999999999986e-02
3.047423999999999966e-02
3.049471999999999947e-02
3.051519999999999927e-02
3.053567999999999907e-02
3.055616000000000235e-02
3.057664000000000215e-02
3.059712000000000195e-02
3.061760000000000176e-02
3.063808000000000156e-02
3.065856000000000137e-02
3.067904000000000117e-02
3.069952000000000097e-02
3.072000000000000078e-02
3.074048000000000058e-02
3.076096000000000039e-02
3.078144000000000019e-02
3.080191999999999999e-02
3.082239999999999980e-02
3.084287999999999960e-02
3.086335999999999941e-02
3.088383999999999921e-02
3.090431999999999901e-02
3.092480000000000229e-02
3.094528000000000209e-02
3.096576000000000189e-02
3.098624000000000170e-02
3.100672000000000150e-02
3.102720000000000131e-02
3.104768000000000111e-02
3.106816000000000091e-02
3.108864000000000072e-02
3.110912000000000052e-02
3.112960000000000033e-02
3.115008000000000013e-02
3.117055999999999993e-02
3.119103999999999974e-02
3.121151999999999954e-02
3.123199999999999935e-02
3.125247999999999915e-02
3.127296000000000242e-02
3.129343999999999876e-02
3.131392000000000203e-02
3.133439999999999837e-02
3.135488000000000164e-02
3.137535999999999797e-02
3.139584000000000125e-02
3.141631999999999758e-02
3.143680000000000085e-02
3.145728000000000413e-02
3.147776000000000046e-02
3.149824000000000374e-02
3.151872000000000007e-02
3.153920000000000334e-02
3.155967999999999968e-02
3.158016000000000295e-02
3.160063999999999929e-02
3.162112000000000256e-02
3.164159999999999889e-02
3.166208000000000217e-02
3.168255999999999850e-02
3.170304000000000177e-02
3.172351999999999811e-02
3.174400000000000138e-02
3.176447999999999772e-02
3.178496000000000099e-02
3.180543999999999732e-02
3.182592000000000060e-02
3.184640000000000387e-02
3.186688000000000021e-02
3.188736000000000348e-02
3.190783999999999981e-02
3.192832000000000309e-02
3.194879999999999942e-02
3.196928000000000269e-02
3.198975999999999903e-02
3.201024000000000230e-02
3.203071999999999864e-02
3.205120000000000191e-02
3.207167999999999825e-02
3.209216000000000152e-02
3.211263999999999785e-02
3.213312000000000113e-02
3.215359999999999746e-02
3.217408000000000073e-02
3.219456000000000401e-02
3.221504000000000034e-02
3.223552000000000362e-02
3.225599999999999995e-02
3.227648000000000322e-02
3.229695999999999956e-02
3.231744000000000283e-02
3.233791999999999917e-02
3.235840000000000244e-02
3.237887999999999877e-02
3.239936000000000205e-02
3.241983999999999838e-02
3.244032000000000165e-02
3.246079999999999799e-02
3.248128000000000126e-02
3.250175999999999760e-02
3.252224000000000087e-02
3.254272000000000414e-02
3.256320000000000048e-02
3.258368000000000375e-02
3.260416000000000009e-02
3.262464000000000336e-02
3.264511999999999969e-02
3.266560000000000297e-02
3.268607999999999930e-02
3.270656000000000257e-02
3.272703999999999891e-02
3.274752000000000218e-02
3.276799999999999852e-02
3.278848000000000179e-02
3.280895999999999813e-02
3.282944000000000140e-02
3.284991999999999773e-02
3.287040000000000101e-02
3.289087999999999734e-02
3.291136000000000061e-02
3.293184000000000389e-02
3.295232000000000022e-02
3.297280000000000350e-02
3.299327999999999983e-02
3.301376000000000310e-02
3.303423999999999944e-02
3.305472000000000271e-02
3.307519999999999905e-02
3.309568000000000232e-02
3.311615999999999865e-02
3.313664000000000193e-02
3.315711999999999826e-02
3.317760000000000153e-02
3.319807999999999787e-02
3.321856000000000114e-02
3.323903999999999748e-02
3.325952000000000075e-02
3.328000000000000402e-02
3.330048000000000036e-02
3.332096000000000363e-02
3.334143999999999997e-02
3.336192000000000324e-02
3.338239999999999957e-02
3.340288000000000285e-02
3.342335999999999918e-02
3.344384000000000245e-02
3.346431999999999879e-02
3.348480000000000206e-02
3.350527999999999840e-02
3.352576000000000167e-02
3.354623999999999800e-02
3.356672000000000128e-02
3.358719999999999761e-02
3.360768000000000089e-02
3.362816000000000416e-02
3.364864000000000049e-02
3.366912000000000377e-02
3.368960000000000010e-02
3.371008000000000338e-02
3.373055999999999971e-02
3.375104000000000298e-02
3.377151999999999932e-02
3.379200000000000259e-02
3.381247999999999893e-02
3.383296000000000220e-02
3.385343999999999853e-02
3.387392000000000181e-02
3.389439999999999814e-02
3.391488000000000141e-02
3.393535999999999775e-02
3.395584000000000102e-02
3.397631999999999736e-02
3.399680000000000063e-02
3.401728000000000390e-02
3.403776000000000024e-02
3.405824000000000351e-02
3.407871999999999985e-02
3.409920000000000312e-02
3.411967999999999945e-02
3.414016000000000273e-02
3.416063999999999906e-02
3.418112000000000233e-02
3.420159999999999867e-02
3.422208000000000194e-02
3.424255999999999828e-02
3.426304000000000155e-02
3.428351999999999788e-02
3.430400000000000116e-02
3.432447999999999749e-02
3.434496000000000077e-02
3.436544000000000404e-02
3.438592000000000037e-02
3.440640000000000365e-02
3.442687999999999998e-02
3.444736000000000326e-02
3.446783999999999959e-02
3.448832000000000286e-02
3.450879999999999920e-02
3.452928000000000247e-02
3.454975999999999881e-02
3.457024000000000208e-02
3.459071999999999841e-02
3.461120000000000169e-02
3.463167999999999802e-02
3.465216000000000129e-02
3.467263999999999763e-02
3.469312000000000090e-02
3.471360000000000418e-02
3.473408000000000051e-02
3.475456000000000378e-02
3.477504000000000012e-02
3.479552000000000339e-02
3.481599999999999973e-02
3.483648000000000300e-02
3.485695999999999933e-02
3.487744000000000261e-02
3.489791999999999894e-02
3.491840000000000221e-02
3.493887999999999855e-02
3.495936000000000182e-02
3.497983999999999816e-02
3.500032000000000143e-02
3.502079999999999776e-02
3.504128000000000104e-02
3.506175999999999737e-02
3.508224000000000065e-02
3.510272000000000392e-02
3.512320000000000025e-02
3.514368000000000353e-02
3.516415999999999986e-02
3.518464000000000313e-02
3.520511999999999947e-02
3.522560000000000274e-02
3.524607999999999908e-02
3.526656000000000235e-02
3.528703999999999869e-02
3.530752000000000196e-02
3.532799999999999829e-02
3.534848000000000157e-02
3.536895999999999790e-02
3.538944000000000117e-02
3.540991999999999751e-02
3.543040000000000078e-02
3.545088000000000406e-02
3.547136000000000039e-02
3.549184000000000366e-02
3.551232000000000000e-02
3.553280000000000327e-02
3.555327999999999961e-02
3.557376000000000288e-02
3.559423999999999921e-02
3.561472000000000249e-02
3.563519999999999882e-02
3.565568000000000209e-02
3.567615999999999843e-02
3.569664000000000170e-02
3.571711999999999804e-02
3.573760000000000131e-02
3.575807999999999764e-02
3.577856000000000092e-02
3.579904000000000419e-02
3.581952000000000053e-02
3.584000000000000380e-02
3.586048000000000013e-02
3.588096000000000341e-02
3.590143999999999974e-02
3.592192000000000301e-02
3.594239999999999935e-02
3.596288000000000262e-02
3.598335999999999896e-02
3.600384000000000223e-02
3.602431999999999856e-02
3.604480000000000184e-02
3.606527999999999817e-02
3.608576000000000145e-02
3.610623999999999778e-02
3.612672000000000105e-02
3.614719999999999739e-02
3.616768000000000066e-02
3.618816000000000394e-02
3.620864000000000027e-02
3.622912000000000354e-02
3.624959999999999988e-02
3.627008000000000315e-02
3.629055999999999949e-02
3.631104000000000276e-02
3.633151999999999909e-02
3.635200000000000237e-02
3.637247999999999870e-02
3.639296000000000197e-02
3.641343999999999831e-02
3.643392000000000158e-02
3.645439999999999792e-02
3.647488000000000119e-02
3.649535999999999752e-02
3.651584000000000080e-02
3.653632000000000407e-02
3.655680000000000041e-02
3.657728000000000368e-02
3.659776000000000001e-02
3.661824000000000329e-02
3.663871999999999962e-02
3.665920000000000289e-02
3.667967999999999923e-02
3.670016000000000250e-02
3.672063999999999884e-02
3.674112000000000211e-02
3.676159999999999844e-02
3.678208000000000172e-02
3.680255999999999805e-02
3.682304000000000133e-02
3.684351999999999766e-02
3.686400000000000093e-02
3.688448000000000421e-02
3.690496000000000054e-02
3.692544000000000382e-02
3.694592000000000015e-02
3.696640000000000342e-02
3.698687999999999976e-02
3.700736000000000303e-02
3.702783999999999937e-02
3.704832000000000264e-02
3.706879999999999897e-02
3.708928000000000225e-02
3.710975999999999858e-02
3.713024000000000185e-02
3.715071999999999819e-02
3.717120000000000146e-02
3.719167999999999780e-02
3.721216000000000107e-02
3.723263999999999740e-02
3.725312000000000068e-02
3.727360000000000395e-02
3.729408000000000029e-02
3.731456000000000356e-02
3.733503999999999989e-02
3.735552000000000317e-02
3.737599999999999950e-02
3.739648000000000277e-02
3.741695999999999911e-02
3.743744000000000238e-02
3.745791999999999872e-02
3.747840000000000199e-02
3.749887999999999832e-02
3.751936000000000160e-02
3.753983999999999793e-02
3.756032000000000121e-02
3.758079999999999754e-02
3.760128000000000081e-02
3.762176000000000409e-02
3.764224000000000042e-02
3.766272000000000370e-02
3.768320000000000003e-02
3.770368000000000330e-02
3.772415999999999964e-02
3.774464000000000291e-02
3.776511999999999925e-02
3.778560000000000252e-02
3.780607999999999885e-02
3.782656000000000213e-02
3.784703999999999846e-02
3.786752000000000173e-02
3.788799999999999807e-02
3.790848000000000134e-02
3.792895999999999768e-02
3.794944000000000095e-02
3.796992000000000422e-02
3.799040000000000056e-02
3.801088000000000383e-02
3.803136000000000017e-02
3.805184000000000344e-02
3.807231999999999977e-02
3.809280000000000305e-02
3.811327999999999938e-02
3.813376000000000265e-02
3.815423999999999899e-02
3.817472000000000226e-02
3.819519999999999860e-02
3.821568000000000187e-02
3.823615999999999820e-02
3.825664000000000148e-02
3.827711999999999781e-02
3.829760000000000109e-02
3.831807999999999742e-02
3.833856000000000069e-02
3.835904000000000397e-02
3.837952000000000030e-02
3.840000000000000357e-02
3.842047999999999991e-02
3.844096000000000318e-02
3.846143999999999952e-02
3.848192000000000279e-02
3.850239999999999913e-02
3.852288000000000240e-02
3.854335999999999873e-02
3.856384000000000201e-02
3.858431999999999834e-02
3.860480000000000161e-02
3.862527999999999795e-02
3.864576000000000122e-02
3.866623999999999756e-02
3.868672000000000083e-02
3.870720000000000410e-02
3.872768000000000044e-02
3.874816000000000371e-02
3.876864000000000005e-02
3.878912000000000332e-02
3.880959999999999965e-02
3.883008000000000293e-02
3.885055999999999926e-02
3.887104000000000253e-02
3.889151999999999887e-02
3.891200000000000214e-02
3.893247999999999848e-02
3.895296000000000175e-02
3.897343999999999808e-02
3.899392000000000136e-02
3.901439999999999769e-02
3.903488000000000097e-02
3.905536000000000424e-02
3.907584000000000057e-02
3.909632000000000385e-02
3.911680000000000018e-02
3.913728000000000345e-02
3.915775999999999979e-02
3.917824000000000306e-02
3.919871999999999940e-02
3.921920000000000267e-02
3.923967999999999900e-02
3.926016000000000228e-02
3.928063999999999861e-02
3.930112000000000189e-02
3.932159999999999822e-02
3.934208000000000149e-02
3.936255999999999783e-02
3.938304000000000110e-02
3.940351999999999744e-02
3.942400000000000071e-02
3.944448000000000398e-02
3.946496000000000032e-02
3.948544000000000359e-02
3.950591999999999993e-02
3.952640000000000320e-02
3.954687999999999953e-02
3.956736000000000281e-02
3.958783999999999914e-02
3.960832000000000241e-02
3.962879999999999875e-02
3.964928000000000202e-02
3.966975999999999836e-02
3.969024000000000163e-02
3.971071999999999796e-02
3.973120000000000124e-02
3.975167999999999757e-02
3.977216000000000085e-02
3.979264000000000412e-02
3.981312000000000045e-02
3.983360000000000373e-02
3.985408000000000006e-02
3.987456000000000333e-02
3.989503999999999967e-02
3.991552000000000294e-02
3.993599999999999928e-02
3.995648000000000255e-02
3.997695999999999888e-02
3.999744000000000216e-02
4.001791999999999849e-02
4.003840000000000177e-02
4.005887999999999810e-02
4.007936000000000137e-02
4.009983999999999771e-02
4.012032000000000098e-02
4.014080000000000426e-02
4.016128000000000059e-02
4.018176000000000386e-02
4.020224000000000020e-02
4.022272000000000347e-02
4.024319999999999981e-02
4.026368000000000308e-02
4.028415999999999941e-02
4.030464000000000269e-02
4.032511999999999902e-02
4.034560000000000229e-02
4.036607999999999863e-02
4.038656000000000190e-02
4.040703999999999824e-02
4.042752000000000151e-02
4.044799999999999784e-02
4.046848000000000112e-02
4.048895999999999745e-02
4.050944000000000073e-02
4.052992000000000400e-02
4.055040000000000033e-02
4.057088000000000361e-02
4.059135999999999994e-02
4.061184000000000321e-02
4.063231999999999955e-02
4.065280000000000282e-02
4.067327999999999916e-02
4.069376000000000243e-02
4.071423999999999876e-02
4.073472000000000204e-02
4.075519999999999837e-02
4.077568000000000165e-02
4.079615999999999798e-02
4.081664000000000125e-02
4.083711999999999759e-02
4.085760000000000086e-02
4.087808000000000413e-02
4.089856000000000047e-02
4.091904000000000374e-02
4.093952000000000008e-02
4.096000000000000335e-02
4.098047999999999969e-02
4.100096000000000296e-02
4.102143999999999929e-02
4.104192000000000257e-02
4.106239999999999890e-02
4.108288000000000217e-02
4.110335999999999851e-02
4.112384000000000178e-02
4.114431999999999812e-02
4.116480000000000139e-02
4.118527999999999772e-02
4.120576000000000100e-02
4.122624000000000427e-02
4.124672000000000061e-02
4.126720000000000388e-02
4.128768000000000021e-02
4.130816000000000349e-02
4.132863999999999982e-02
4.134912000000000309e-02
4.136959999999999943e-02
4.139008000000000270e-02
4.141055999999999904e-02
4.143104000000000231e-02
4.145151999999999864e-02
4.147200000000000192e-02
4.149247999999999825e-02
4.151296000000000153e-02
4.153343999999999786e-02
4.155392000000000113e-02
4.157439999999999747e-02
4.159488000000000074e-02
4.161536000000000401e-02
4.163584000000000035e-02
4.165632000000000362e-02
4.167679999999999996e-02
4.169728000000000323e-02
4.171775999999999957e-02
4.173824000000000284e-02
4.175871999999999917e-02
4.177920000000000245e-02
4.179967999999999878e-02
4.182016000000000205e-02
4.184063999999999839e-02
4.186112000000000166e-02
4.188159999999999800e-02
4.190208000000000127e-02
4.192255999999999760e-02
4.194304000000000088e-02
4.196352000000000415e-02
4.198400000000000049e-02
4.200448000000000376e-02
4.202496000000000009e-02
4.204544000000000337e-02
4.206591999999999970e-02
4.208640000000000297e-02
4.210687999999999931e-02
4.212736000000000258e-02
4.214783999999999892e-02
4.216832000000000219e-02
4.218879999999999852e-02
4.220928000000000180e-02
4.222975999999999813e-02
4.225024000000000141e-02
4.227071999999999774e-02
4.229120000000000101e-02
4.231168000000000429e-02
4.233216000000000062e-02
4.235264000000000389e-02
4.237312000000000023e-02
4.239360000000000350e-02
4.241407999999999984e-02
4.243456000000000311e-02
4.245503999999999944e-02
4.247552000000000272e-02
4.249599999999999905e-02
4.251648000000000233e-02
4.253695999999999866e-02
4.255744000000000193e-02
4.257791999999999827e-02
4.259840000000000154e-02
4.261887999999999788e-02
4.263936000000000115e-02
4.265983999999999748e-02
4.268032000000000076e-02
4.270080000000000403e-02
4.272128000000000037e-02
4.274176000000000364e-02
4.276223999999999997e-02
4.278272000000000325e-02
4.280319999999999958e-02
4.282368000000000285e-02
4.284415999999999919e-02
4.286464000000000246e-02
4.288511999999999880e-02
4.290560000000000207e-02
4.292607999999999840e-02
4.294656000000000168e-02
4.296703999999999801e-02
4.298752000000000129e-02
4.300799999999999762e-02
4.302848000000000089e-02
4.304896000000000417e-02
4.306944000000000050e-02
4.308992000000000377e-02
4.311040000000000011e-02
4.313088000000000338e-02
4.315135999999999972e-02
4.317184000000000299e-02
4.319231999999999932e-02
4.321280000000000260e-02
4.323327999999999893e-02
4.325376000000000221e-02
4.327423999999999854e-02
4.329472000000000181e-02
4.331519999999999815e-02
4.333568000000000142e-02
4.335615999999999776e-02
4.337664000000000103e-02
4.339712000000000430e-02
4.341760000000000064e-02
4.343808000000000391e-02
4.345856000000000025e-02
4.347904000000000352e-02
4.349951999999999985e-02
4.352000000000000313e-02
4.354047999999999946e-02
4.356096000000000273e-02
4.358143999999999907e-02
4.360192000000000234e-02
4.362239999999999868e-02
4.364288000000000195e-02
4.366335999999999828e-02
4.368384000000000156e-02
4.370431999999999789e-02
4.372480000000000117e-02
4.374527999999999750e-02
4.376576000000000077e-02
4.378624000000000405e-02
4.380672000000000038e-02
4.382720000000000365e-02
4.384767999999999999e-02
4.386816000000000326e-02
4.388863999999999960e-02
4.390912000000000287e-02
4.392959999999999920e-02
4.395008000000000248e-02
4.397055999999999881e-02
4.399104000000000209e-02
4.401151999999999842e-02
4.403200000000000169e-02
4.405247999999999803e-02
4.407296000000000130e-02
4.409343999999999764e-02
4.411392000000000091e-02
4.413440000000000418e-02
4.415488000000000052e-02
4.417536000000000379e-02
4.419584000000000013e-02
4.421632000000000340e-02
4.423679999999999973e-02
4.425728000000000301e-02
4.427775999999999934e-02
4.429824000000000261e-02
4.431871999999999895e-02
4.433920000000000222e-02
4.435967999999999856e-02
4.438016000000000183e-02
4.440063999999999816e-02
4.442112000000000144e-02
4.444159999999999777e-02
4.446208000000000105e-02
4.448256000000000432e-02
4.450304000000000065e-02
4.452352000000000393e-02
4.454400000000000026e-02
4.456448000000000353e-02
4.458495999999999987e-02
4.460544000000000314e-02
4.462591999999999948e-02
4.464640000000000275e-02
4.466687999999999908e-02
4.468736000000000236e-02
4.470783999999999869e-02
4.472832000000000197e-02
4.474879999999999830e-02
4.476928000000000157e-02
4.478975999999999791e-02
4.481024000000000118e-02
4.483071999999999752e-02
4.485120000000000079e-02
4.487168000000000406e-02
4.489216000000000040e-02
4.491264000000000367e-02
4.493312000000000000e-02
4.495360000000000328e-02
4.497407999999999961e-02
4.499456000000000289e-02
4.501503999999999922e-02
4.503552000000000249e-02
4.505599999999999883e-02
4.507648000000000210e-02
4.509695999999999844e-02
4.511744000000000171e-02
4.513791999999999804e-02
4.515840000000000132e-02
4.517887999999999765e-02
4.519936000000000093e-02
4.521984000000000420e-02
4.524032000000000053e-02
4.526080000000000381e-02
4.528128000000000014e-02
4.530176000000000341e-02
4.532223999999999975e-02
4.534272000000000302e-02
4.536319999999999936e-02
4.538368000000000263e-02
4.540415999999999896e-02
4.542464000000000224e-02
4.544511999999999857e-02
4.546560000000000185e-02
4.548607999999999818e-02
4.550656000000000145e-02
4.552703999999999779e-02
4.554752000000000106e-02
4.556800000000000433e-02
4.558848000000000067e-02
4.560896000000000394e-02
4.562944000000000028e-02
4.564992000000000355e-02
4.567039999999999988e-02
4.569088000000000316e-02
4.571135999999999949e-02
4.573184000000000277e-02
4.575231999999999910e-02
4.577280000000000237e-02
4.579327999999999871e-02
4.581376000000000198e-02
4.583423999999999832e-02
4.585472000000000159e-02
4.587519999999999792e-02
4.589568000000000120e-02
4.591615999999999753e-02
4.593664000000000081e-02
4.595712000000000408e-02
4.597760000000000041e-02
4.599808000000000369e-02
4.601856000000000002e-02
4.603904000000000329e-02
4.605951999999999963e-02
4.608000000000000290e-02
4.610047999999999924e-02
4.612096000000000251e-02
4.614143999999999884e-02
4.616192000000000212e-02
4.618239999999999845e-02
4.620288000000000173e-02
4.622335999999999806e-02
4.624384000000000133e-02
4.626431999999999767e-02
4.628480000000000094e-02
4.630528000000000421e-02
4.632576000000000055e-02
4.634624000000000382e-02
4.636672000000000016e-02
4.638720000000000343e-02
4.640767999999999976e-02
4.642816000000000304e-02
4.644863999999999937e-02
4.646912000000000265e-02
4.648959999999999898e-02
4.651008000000000225e-02
4.653055999999999859e-02
4.655104000000000186e-02
4.657151999999999820e-02
4.659200000000000147e-02
4.661247999999999780e-02
4.663296000000000108e-02
4.665344000000000435e-02
4.667392000000000069e-02
4.669440000000000396e-02
4.671488000000000029e-02
4.673536000000000357e-02
4.675583999999999990e-02
4.677632000000000317e-02
4.679679999999999951e-02
4.681728000000000278e-02
4.683775999999999912e-02
4.685824000000000239e-02
4.687871999999999872e-02
4.689920000000000200e-02
4.691967999999999833e-02
4.694016000000000161e-02
4.696063999999999794e-02
4.698112000000000121e-02
4.700159999999999755e-02
4.702208000000000082e-02
4.704256000000000409e-02
4.706304000000000043e-02
4.708352000000000370e-02
4.710400000000000004e-02
4.712448000000000331e-02
4.714495999999999964e-02
4.716544000000000292e-02
4.718591999999999925e-02
4.720640000000000253e-02
4.722687999999999886e-02
4.724736000000000213e-02
4.726783999999999847e-02
4.728832000000000174e-02
4.730879999999999808e-02
4.732928000000000135e-02
4.734975999999999768e-02
4.737024000000000096e-02
4.739072000000000423e-02
4.741120000000000057e-02
4.743168000000000384e-02
4.745216000000000017e-02
4.747264000000000345e-02
4.749311999999999978e-02
4.751360000000000305e-02
4.753407999999999939e-02
4.755456000000000266e-02
4.757503999999999900e-02
4.759552000000000227e-02
4.761599999999999860e-02
4.763648000000000188e-02
4.765695999999999821e-02
4.767744000000000149e-02
4.769791999999999782e-02
4.771840000000000109e-02
4.773888000000000437e-02
4.775936000000000070e-02
4.777984000000000397e-02
4.780032000000000031e-02
4.782080000000000358e-02
4.784127999999999992e-02
4.786176000000000319e-02
4.788223999999999952e-02
4.790272000000000280e-02
4.792319999999999913e-02
4.794368000000000241e-02
4.796415999999999874e-02
4.798464000000000201e-02
4.800511999999999835e-02
4.802560000000000162e-02
4.804607999999999796e-02
4.806656000000000123e-02
4.808703999999999756e-02
4.810752000000000084e-02
4.812800000000000411e-02
4.814848000000000044e-02
4.816896000000000372e-02
4.818944000000000005e-02
4.820992000000000333e-02
4.823039999999999966e-02
4.825088000000000293e-02
4.827135999999999927e-02
4.829184000000000254e-02
4.831231999999999888e-02
4.833280000000000215e-02
4.835327999999999848e-02
4.837376000000000176e-02
4.839423999999999809e-02
4.841472000000000137e-02
4.843519999999999770e-02
4.845568000000000097e-02
4.847616000000000425e-02
4.849664000000000058e-02
4.851712000000000385e-02
4.853760000000000019e-02
4.855808000000000346e-02
4.857855999999999980e-02
4.859904000000000307e-02
4.861951999999999940e-02
4.864000000000000268e-02
4.866047999999999901e-02
4.868096000000000229e-02
4.870143999999999862e-02
4.872192000000000189e-02
4.874239999999999823e-02
4.876288000000000150e-02
4.878335999999999784e-02
4.880384000000000111e-02
4.882432000000000438e-02
4.884480000000000072e-02
4.886528000000000399e-02
4.888576000000000032e-02
4.890624000000000360e-02
4.892671999999999993e-02
4.894720000000000321e-02
4.896767999999999954e-02
4.898816000000000281e-02
4.900863999999999915e-02
4.902912000000000242e-02
4.904959999999999876e-02
4.907008000000000203e-02
4.909055999999999836e-02
4.911104000000000164e-02
4.913151999999999797e-02
4.915200000000000125e-02
4.917247999999999758e-02
4.919296000000000085e-02
4.921344000000000413e-02
4.923392000000000046e-02
4.925440000000000373e-02
4.927488000000000007e-02
4.929536000000000334e-02
4.931583999999999968e-02
4.933632000000000295e-02
4.935679999999999928e-02
4.937728000000000256e-02
4.939775999999999889e-02
4.941824000000000217e-02
4.943871999999999850e-02
4.945920000000000177e-02
4.947967999999999811e-02
4.950016000000000138e-02
4.952063999999999772e-02
4.954112000000000099e-02
4.956160000000000426e-02
4.958208000000000060e-02
4.960256000000000387e-02
4.962304000000000020e-02
4.964352000000000348e-02
4.966399999999999981e-02
4.968448000000000309e-02
4.970495999999999942e-02
4.972544000000000269e-02
4.974591999999999903e-02
4.976640000000000230e-02
4.978687999999999864e-02
4.980736000000000191e-02
4.982783999999999824e-02
4.984832000000000152e-02
4.986879999999999785e-02
4.988928000000000113e-02
4.990976000000000440e-02
4.993024000000000073e-02
4.995072000000000401e-02
4.997120000000000034e-02
4.999168000000000361e-02
5.001215999999999995e-02
5.003264000000000322e-02
5.005311999999999956e-02
5.007360000000000283e-02
5.009407999999999916e-02
5.011456000000000244e-02
5.013503999999999877e-02
5.015552000000000205e-02
5.017599999999999838e-02
5.019648000000000165e-02
5.021695999999999799e-02
5.023744000000000126e-02
5.025791999999999760e-02
5.027840000000000087e-02
5.029888000000000414e-02
5.031936000000000048e-02
5.033984000000000375e-02
5.036032000000000008e-02
5.038080000000000336e-02
5.040127999999999969e-02
5.042176000000000297e-02
5.044223999999999930e-02
5.046272000000000257e-02
5.048319999999999891e-02
5.050368000000000218e-02
5.052415999999999852e-02
5.054464000000000179e-02
5.056511999999999812e-02
5.058560000000000140e-02
5.060607999999999773e-02
5.062656000000000101e-02
5.064704000000000428e-02
5.066752000000000061e-02
5.068800000000000389e-02
5.070848000000000022e-02
5.072896000000000349e-02
5.074943999999999983e-02
5.076992000000000310e-02
5.079039999999999944e-02
5.081088000000000271e-02
5.083135999999999904e-02
5.085184000000000232e-02
5.087231999999999865e-02
5.089280000000000193e-02
5.091327999999999826e-02
5.093376000000000153e-02
5.095423999999999787e-02
5.097472000000000114e-02
5.099520000000000441e-02
5.101568000000000075e-02
5.103616000000000402e-02
5.105664000000000036e-02
5.107712000000000363e-02
5.109759999999999996e-02
5.111808000000000324e-02
5.113855999999999957e-02
5.115904000000000285e-02
5.117951999999999918e-02
5.120000000000000245e-02
5.122047999999999879e-02
5.124096000000000206e-02
5.126143999999999840e-02
5.128192000000000167e-02
5.130239999999999800e-02
5.132288000000000128e-02
5.134335999999999761e-02
5.136384000000000088e-02
5.138432000000000416e-02
5.140480000000000049e-02
5.142528000000000377e-02
5.144576000000000010e-02
5.146624000000000337e-02
5.148671999999999971e-02
5.150720000000000298e-02
5.152767999999999932e-02
5.154816000000000259e-02
5.156863999999999892e-02
5.158912000000000220e-02
5.160959999999999853e-02
5.163008000000000181e-02
5.165055999999999814e-02
5.167104000000000141e-02
5.169151999999999775e-02
5.171200000000000102e-02
5.173248000000000429e-02
5.175296000000000063e-02
5.177344000000000390e-02
5.179392000000000024e-02
5.181440000000000351e-02
5.183487999999999984e-02
5.185536000000000312e-02
5.187583999999999945e-02
5.189632000000000273e-02
5.191679999999999906e-02
5.193728000000000233e-02
5.195775999999999867e-02
5.197824000000000194e-02
5.199871999999999828e-02
5.201920000000000155e-02
5.203967999999999788e-02
5.206016000000000116e-02
5.208064000000000443e-02
5.210112000000000076e-02
5.212160000000000404e-02
5.214208000000000037e-02
5.216256000000000365e-02
5.218303999999999998e-02
5.220352000000000325e-02
5.222399999999999959e-02
5.224448000000000286e-02
5.226495999999999920e-02
5.228544000000000247e-02
5.230591999999999880e-02
5.232640000000000208e-02
5.234687999999999841e-02
5.236736000000000169e-02
5.238783999999999802e-02
5.240832000000000129e-02
5.242879999999999763e-02
5.244928000000000090e-02
5.246976000000000417e-02
5.249024000000000051e-02
5.251072000000000378e-02
5.253120000000000012e-02
5.255168000000000339e-02
5.257215999999999972e-02
5.259264000000000300e-02
5.261311999999999933e-02
5.263360000000000261e-02
5.265407999999999894e-02
5.267456000000000221e-02
5.269503999999999855e-02
5.271552000000000182e-02
5.273599999999999816e-02
5.275648000000000143e-02
5.277695999999999776e-02
5.279744000000000104e-02
5.281792000000000431e-02
5.283840000000000064e-02
5.285888000000000392e-02
5.287936000000000025e-02
5.289984000000000353e-02
5.292031999999999986e-02
5.294080000000000313e-02
5.296127999999999947e-02
5.298176000000000274e-02
5.300223999999999908e-02
5.302272000000000235e-02
5.304319999999999868e-02
5.306368000000000196e-02
5.308415999999999829e-02
5.310464000000000157e-02
5.312511999999999790e-02
5.314560000000000117e-02
5.316608000000000445e-02
5.318656000000000078e-02
5.320704000000000405e-02
5.322752000000000039e-02
5.324800000000000366e-02
5.326848000000000000e-02
5.328896000000000327e-02
5.330943999999999960e-02
5.332992000000000288e-02
5.335039999999999921e-02
5.337088000000000249e-02
5.339135999999999882e-02
5.341184000000000209e-02
5.343231999999999843e-02
5.345280000000000170e-02
5.347327999999999804e-02
5.349376000000000131e-02
5.351424000000000458e-02
5.353472000000000092e-02
5.355520000000000419e-02
5.357568000000000052e-02
5.359616000000000380e-02
5.361664000000000013e-02
5.363712000000000341e-02
5.365759999999999974e-02
5.367808000000000301e-02
5.369855999999999935e-02
5.371904000000000262e-02
5.373951999999999896e-02
5.376000000000000223e-02
5.378047999999999856e-02
5.380096000000000184e-02
5.382143999999999817e-02
5.384192000000000144e-02
5.386239999999999778e-02
5.388288000000000105e-02
5.390336000000000433e-02
5.392384000000000066e-02
5.394432000000000393e-02
5.396480000000000027e-02
5.398528000000000354e-02
5.400575999999999988e-02
5.402624000000000315e-02
5.404671999999999948e-02
5.406720000000000276e-02
5.408767999999999909e-02
5.410816000000000237e-02
5.412863999999999870e-02
5.414912000000000197e-02
5.416959999999999831e-02
5.419008000000000158e-02
5.421055999999999792e-02
5.423104000000000119e-02
5.425152000000000446e-02
5.427200000000000080e-02
5.429248000000000407e-02
5.431296000000000040e-02
5.433344000000000368e-02
5.435392000000000001e-02
5.437440000000000329e-02
5.439487999999999962e-02
5.441536000000000289e-02
5.443583999999999923e-02
5.445632000000000250e-02
5.447679999999999884e-02
5.449728000000000211e-02
5.451775999999999844e-02
5.453824000000000172e-02
5.455871999999999805e-02
5.457920000000000132e-02
5.459968000000000460e-02
5.462016000000000093e-02
5.464064000000000421e-02
5.466112000000000054e-02
5.468160000000000381e-02
5.470208000000000015e-02
5.472256000000000342e-02
5.474303999999999976e-02
5.476352000000000303e-02
5.478399999999999936e-02
5.480448000000000264e-02
5.482495999999999897e-02
5.484544000000000225e-02
5.486591999999999858e-02
5.488640000000000185e-02
5.490687999999999819e-02
5.492736000000000146e-02
5.494783999999999780e-02
5.496832000000000107e-02
5.498880000000000434e-02
5.500928000000000068e-02
5.502976000000000395e-02
5.505024000000000028e-02
5.507072000000000356e-02
5.509119999999999989e-02
5.511168000000000317e-02
5.513215999999999950e-02
5.515264000000000277e-02
5.517311999999999911e-02
5.519360000000000238e-02
5.521407999999999872e-02
5.523456000000000199e-02
5.525503999999999832e-02
5.527552000000000160e-02
5.529599999999999793e-02
5.531648000000000120e-02
5.533696000000000448e-02
5.535744000000000081e-02
5.537792000000000409e-02
5.539840000000000042e-02
5.541888000000000369e-02
5.543936000000000003e-02
5.545984000000000330e-02
5.548031999999999964e-02
5.550080000000000291e-02
5.552127999999999924e-02
5.554176000000000252e-02
5.556223999999999885e-02
5.558272000000000213e-02
5.560319999999999846e-02
5.562368000000000173e-02
5.564415999999999807e-02
5.566464000000000134e-02
5.568512000000000461e-02
5.570560000000000095e-02
5.572608000000000422e-02
5.574656000000000056e-02
5.576704000000000383e-02
5.578752000000000016e-02
5.580800000000000344e-02
5.582847999999999977e-02
5.584896000000000305e-02
5.586943999999999938e-02
5.588992000000000265e-02
5.591039999999999899e-02
5.593088000000000226e-02
5.595135999999999860e-02
5.597184000000000187e-02
5.599231999999999820e-02
5.601280000000000148e-02
5.603327999999999781e-02
5.605376000000000108e-02
5.607424000000000436e-02
5.609472000000000069e-02
5.611520000000000397e-02
5.613568000000000030e-02
5.615616000000000357e-02
5.617663999999999991e-02
5.619712000000000318e-02
5.621759999999999952e-02
5.623808000000000279e-02
5.625855999999999912e-02
5.627904000000000240e-02
5.629951999999999873e-02
5.632000000000000201e-02
5.634047999999999834e-02
5.636096000000000161e-02
5.638143999999999795e-02
5.640192000000000122e-02
5.642240000000000449e-02
5.644288000000000083e-02
5.646336000000000410e-02
5.648384000000000044e-02
5.650432000000000371e-02
5.652480000000000004e-02
5.654528000000000332e-02
5.656575999999999965e-02
5.658624000000000293e-02
5.660671999999999926e-02
5.662720000000000253e-02
5.664767999999999887e-02
5.666816000000000214e-02
5.668863999999999848e-02
5.670912000000000175e-02
5.672959999999999808e-02
5.675008000000000136e-02
5.677056000000000463e-02
5.679104000000000096e-02
5.681152000000000424e-02
5.683200000000000057e-02
5.685248000000000385e-02
5.687296000000000018e-02
5.689344000000000345e-02
5.691391999999999979e-02
5.693440000000000306e-02
5.695487999999999940e-02
5.697536000000000267e-02
5.699583999999999900e-02
5.701632000000000228e-02
5.703679999999999861e-02
5.705728000000000188e-02
5.707775999999999822e-02
5.709824000000000149e-02
5.711871999999999783e-02
5.713920000000000110e-02
5.715968000000000437e-02
5.718016000000000071e-02
5.720064000000000398e-02
5.722112000000000032e-02
5.724160000000000359e-02
5.726207999999999992e-02
5.728256000000000320e-02
5.730303999999999953e-02
5.732352000000000281e-02
5.734399999999999914e-02
5.736448000000000241e-02
5.738495999999999875e-02
5.740544000000000202e-02
5.742591999999999836e-02
5.744640000000000163e-02
5.746687999999999796e-02
5.748736000000000124e-02
5.750784000000000451e-02
5.752832000000000084e-02
5.754880000000000412e-02
5.756928000000000045e-02
5.758976000000000373e-02
5.761024000000000006e-02
5.763072000000000333e-02
5.765119999999999967e-02
5.767168000000000294e-02
5.769215999999999928e-02
5.771264000000000255e-02
5.773311999999999888e-02
5.775360000000000216e-02
5.777407999999999849e-02
5.779456000000000176e-02
5.781503999999999810e-02
5.783552000000000137e-02
5.785600000000000465e-02
5.787648000000000098e-02
5.789696000000000425e-02
5.791744000000000059e-02
5.793792000000000386e-02
5.795840000000000020e-02
5.797888000000000347e-02
5.799935999999999980e-02
5.801984000000000308e-02
5.804031999999999941e-02
5.806080000000000269e-02
5.808127999999999902e-02
5.810176000000000229e-02
5.812223999999999863e-02
5.814272000000000190e-02
5.816319999999999824e-02
5.818368000000000151e-02
5.820415999999999784e-02
5.822464000000000112e-02
5.824512000000000439e-02
5.826560000000000072e-02
5.828608000000000400e-02
5.830656000000000033e-02
5.832704000000000361e-02
5.834751999999999994e-02
5.836800000000000321e-02
5.838847999999999955e-02
5.840896000000000282e-02
5.842943999999999916e-02
5.844992000000000243e-02
5.847039999999999876e-02
5.849088000000000204e-02
5.851135999999999837e-02
5.853184000000000164e-02
5.855231999999999798e-02
5.857280000000000125e-02
5.859328000000000453e-02
5.861376000000000086e-02
5.863424000000000413e-02
5.865472000000000047e-02
5.867520000000000374e-02
5.869568000000000008e-02
5.871616000000000335e-02
5.873663999999999968e-02
5.875712000000000296e-02
5.877759999999999929e-02
5.879808000000000257e-02
5.881855999999999890e-02
5.883904000000000217e-02
5.885951999999999851e-02
5.888000000000000178e-02
5.890047999999999812e-02
5.892096000000000139e-02
5.894144000000000466e-02
5.896192000000000100e-02
5.898240000000000427e-02
5.900288000000000060e-02
5.902336000000000388e-02
5.904384000000000021e-02
5.906432000000000349e-02
5.908479999999999982e-02
5.910528000000000309e-02
5.912575999999999943e-02
5.914624000000000270e-02
5.916671999999999904e-02
5.918720000000000231e-02
5.920767999999999864e-02
5.922816000000000192e-02
5.924863999999999825e-02
5.926912000000000152e-02
5.928959999999999786e-02
5.931008000000000113e-02
5.933056000000000441e-02
5.935104000000000074e-02
5.937152000000000401e-02
5.939200000000000035e-02
5.941248000000000362e-02
5.943295999999999996e-02
5.945344000000000323e-02
5.947391999999999956e-02
5.949440000000000284e-02
5.951487999999999917e-02
5.953536000000000245e-02
5.955583999999999878e-02
5.957632000000000205e-02
5.959679999999999839e-02
5.961728000000000166e-02
5.963775999999999800e-02
5.965824000000000127e-02
5.967872000000000454e-02
5.969920000000000088e-02
5.971968000000000415e-02
5.974016000000000048e-02
5.976064000000000376e-02
5.978112000000000009e-02
5.980160000000000337e-02
5.982207999999999970e-02
5.984256000000000297e-02
5.986303999999999931e-02
5.988352000000000258e-02
5.990399999999999892e-02
5.992448000000000219e-02
5.994495999999999852e-02
5.996544000000000180e-02
5.998591999999999813e-02
6.000640000000000140e-02
6.002688000000000468e-02
6.004736000000000101e-02
6.006784000000000429e-02
6.008832000000000062e-02
6.010880000000000389e-02
6.012928000000000023e-02
6.014976000000000350e-02
6.017023999999999984e-02
6.019072000000000311e-02
6.021119999999999944e-02
6.023168000000000272e-02
6.025215999999999905e-02
6.027264000000000232e-02
6.029311999999999866e-02
6.031360000000000193e-02
6.033407999999999827e-02
6.035456000000000154e-02
6.037503999999999788e-02
6.039552000000000115e-02
6.041600000000000442e-02
6.043648000000000076e-02
6.045696000000000403e-02
6.047744000000000036e-02
6.049792000000000364e-02
6.051839999999999997e-02
6.053888000000000325e-02
6.055935999999999958e-02
6.057984000000000285e-02
6.060031999999999919e-02
6.062080000000000246e-02
6.064127999999999880e-02
6.066176000000000207e-02
6.068223999999999840e-02
6.070272000000000168e-02
6.072319999999999801e-02
6.074368000000000128e-02
6.076416000000000456e-02
6.078464000000000089e-02
6.080512000000000417e-02
6.082560000000000050e-02
6.084608000000000377e-02
6.086656000000000011e-02
6.088704000000000338e-02
6.090751999999999972e-02
6.092800000000000299e-02
6.094847999999999932e-02
6.096896000000000260e-02
6.098943999999999893e-02
6.100992000000000220e-02
6.103039999999999854e-02
6.105088000000000181e-02
6.107135999999999815e-02
6.109184000000000142e-02
6.111232000000000469e-02
6.113280000000000103e-02
6.115328000000000430e-02
6.117376000000000064e-02
6.119424000000000391e-02
6.121472000000000024e-02
6.123520000000000352e-02
6.125567999999999985e-02
6.127616000000000313e-02
6.129663999999999946e-02
6.131712000000000273e-02
6.133759999999999907e-02
6.135808000000000234e-02
6.137855999999999868e-02
6.139904000000000195e-02
6.141951999999999828e-02
6.144000000000000156e-02
6.146047999999999789e-02
6.148096000000000116e-02
6.150144000000000444e-02
6.152192000000000077e-02
6.154240000000000405e-02
6.156288000000000038e-02
6.158336000000000365e-02
6.160383999999999999e-02
6.162432000000000326e-02
6.164479999999999960e-02
6.166528000000000287e-02
6.168575999999999920e-02
6.170624000000000248e-02
6.172671999999999881e-02
6.174720000000000208e-02
6.176767999999999842e-02
6.178816000000000169e-02
6.180863999999999803e-02
6.182912000000000130e-02
6.184960000000000457e-02
6.187008000000000091e-02
6.189056000000000418e-02
6.191104000000000052e-02
6.193152000000000379e-02
6.195200000000000012e-02
6.197248000000000340e-02
6.199295999999999973e-02
6.201344000000000301e-02
6.203391999999999934e-02
6.205440000000000261e-02
6.207487999999999895e-02
6.209536000000000222e-02
6.211583999999999856e-02
6.213632000000000183e-02
6.215679999999999816e-02
6.217728000000000144e-02
6.219776000000000471e-02
6.221824000000000104e-02
6.223872000000000432e-02
6.225920000000000065e-02
6.227968000000000393e-02
6.230016000000000026e-02
6.232064000000000353e-02
6.234111999999999987e-02
6.236160000000000314e-02
6.238207999999999948e-02
6.240256000000000275e-02
6.242303999999999908e-02
6.244352000000000236e-02
6.246399999999999869e-02
6.248448000000000196e-02
6.250495999999999830e-02
6.252544000000000157e-02
6.254592000000000485e-02
6.256640000000000812e-02
6.258687999999999751e-02
6.260736000000000079e-02
6.262784000000000406e-02
6.264832000000000733e-02
6.266879999999999673e-02
6.268928000000000000e-02
6.270976000000000328e-02
6.273024000000000655e-02
6.275071999999999595e-02
6.277119999999999922e-02
6.279168000000000249e-02
6.281216000000000577e-02
6.283263999999999516e-02
6.285311999999999844e-02
6.287360000000000171e-02
6.289408000000000498e-02
6.291456000000000826e-02
6.293503999999999765e-02
6.295552000000000092e-02
6.297600000000000420e-02
6.299648000000000747e-02
6.301695999999999687e-02
6.303744000000000014e-02
6.305792000000000341e-02
6.307840000000000669e-02
6.309887999999999608e-02
6.311935999999999936e-02
6.313984000000000263e-02
6.316032000000000590e-02
6.318079999999999530e-02
6.320127999999999857e-02
6.322176000000000184e-02
6.324224000000000512e-02
6.326271999999999451e-02
6.328319999999999779e-02
6.330368000000000106e-02
6.332416000000000433e-02
6.334464000000000761e-02
6.336511999999999700e-02
6.338560000000000028e-02
6.340608000000000355e-02
6.342656000000000682e-02
6.344703999999999622e-02
6.346751999999999949e-02
6.348800000000000276e-02
6.350848000000000604e-02
6.352895999999999543e-02
6.354943999999999871e-02
6.356992000000000198e-02
6.359040000000000525e-02
6.361087999999999465e-02
6.363135999999999792e-02
6.365184000000000120e-02
6.367232000000000447e-02
6.369280000000000774e-02
6.371327999999999714e-02
6.373376000000000041e-02
6.375424000000000369e-02
6.377472000000000696e-02
6.379519999999999635e-02
6.381567999999999963e-02
6.383616000000000290e-02
6.385664000000000617e-02
6.387711999999999557e-02
6.389759999999999884e-02
6.391808000000000212e-02
6.393856000000000539e-02
6.395903999999999479e-02
6.397951999999999806e-02
6.400000000000000133e-02
6.402048000000000461e-02
6.404096000000000788e-02
6.406143999999999727e-02
6.408192000000000055e-02
6.410240000000000382e-02
6.412288000000000709e-02
6.414335999999999649e-02
6.416383999999999976e-02
6.418432000000000304e-02
6.420480000000000631e-02
6.422527999999999571e-02
6.424575999999999898e-02
6.426624000000000225e-02
6.428672000000000553e-02
6.430719999999999492e-02
6.432767999999999819e-02
6.434816000000000147e-02
6.436864000000000474e-02
6.438912000000000802e-02
6.440959999999999741e-02
6.443008000000000068e-02
6.445056000000000396e-02
6.447104000000000723e-02
6.449151999999999663e-02
6.451199999999999990e-02
6.453248000000000317e-02
6.455296000000000645e-02
6.457343999999999584e-02
6.459391999999999912e-02
6.461440000000000239e-02
6.463488000000000566e-02
6.465535999999999506e-02
6.467583999999999833e-02
6.469632000000000160e-02
6.471680000000000488e-02
6.473728000000000815e-02
6.475775999999999755e-02
6.477824000000000082e-02
6.479872000000000409e-02
6.481920000000000737e-02
6.483967999999999676e-02
6.486016000000000004e-02
6.488064000000000331e-02
6.490112000000000658e-02
6.492159999999999598e-02
6.494207999999999925e-02
6.496256000000000252e-02
6.498304000000000580e-02
6.500351999999999519e-02
6.502399999999999847e-02
6.504448000000000174e-02
6.506496000000000501e-02
6.508544000000000829e-02
6.510591999999999768e-02
6.512640000000000096e-02
6.514688000000000423e-02
6.516736000000000750e-02
6.518783999999999690e-02
6.520832000000000017e-02
6.522880000000000345e-02
6.524928000000000672e-02
6.526975999999999611e-02
6.529023999999999939e-02
6.531072000000000266e-02
6.533120000000000593e-02
6.535167999999999533e-02
6.537215999999999860e-02
6.539264000000000188e-02
6.541312000000000515e-02
6.543359999999999455e-02
6.545407999999999782e-02
6.547456000000000109e-02
6.549504000000000437e-02
6.551552000000000764e-02
6.553599999999999703e-02
6.555648000000000031e-02
6.557696000000000358e-02
6.559744000000000685e-02
6.561791999999999625e-02
6.563839999999999952e-02
6.565888000000000280e-02
6.567936000000000607e-02
6.569983999999999547e-02
6.572031999999999874e-02
6.574080000000000201e-02
6.576128000000000529e-02
6.578175999999999468e-02
6.580223999999999795e-02
6.582272000000000123e-02
6.584320000000000450e-02
6.586368000000000777e-02
6.588415999999999717e-02
6.590464000000000044e-02
6.592512000000000372e-02
6.594560000000000699e-02
6.596607999999999639e-02
6.598655999999999966e-02
6.600704000000000293e-02
6.602752000000000621e-02
6.604799999999999560e-02
6.606847999999999888e-02
6.608896000000000215e-02
6.610944000000000542e-02
6.612991999999999482e-02
6.615039999999999809e-02
6.617088000000000136e-02
6.619136000000000464e-02
6.621184000000000791e-02
6.623231999999999731e-02
6.625280000000000058e-02
6.627328000000000385e-02
6.629376000000000713e-02
6.631423999999999652e-02
6.633471999999999980e-02
6.635520000000000307e-02
6.637568000000000634e-02
6.639615999999999574e-02
6.641663999999999901e-02
6.643712000000000228e-02
6.645760000000000556e-02
6.647807999999999495e-02
6.649855999999999823e-02
6.651904000000000150e-02
6.653952000000000477e-02
6.656000000000000805e-02
6.658047999999999744e-02
6.660096000000000072e-02
6.662144000000000399e-02
6.664192000000000726e-02
6.666239999999999666e-02
6.668287999999999993e-02
6.670336000000000320e-02
6.672384000000000648e-02
6.674431999999999587e-02
6.676479999999999915e-02
6.678528000000000242e-02
6.680576000000000569e-02
6.682623999999999509e-02
6.684671999999999836e-02
6.686720000000000164e-02
6.688768000000000491e-02
6.690816000000000818e-02
6.692863999999999758e-02
6.694912000000000085e-02
6.696960000000000413e-02
6.699008000000000740e-02
6.701055999999999679e-02
6.703104000000000007e-02
6.705152000000000334e-02
6.707200000000000661e-02
6.709247999999999601e-02
6.711295999999999928e-02
6.713344000000000256e-02
6.715392000000000583e-02
6.717439999999999523e-02
6.719487999999999850e-02
6.721536000000000177e-02
6.723584000000000505e-02
6.725632000000000832e-02
6.727679999999999771e-02
6.729728000000000099e-02
6.731776000000000426e-02
6.733824000000000753e-02
6.735871999999999693e-02
6.737920000000000020e-02
6.739968000000000348e-02
6.742016000000000675e-02
6.744063999999999615e-02
6.746111999999999942e-02
6.748160000000000269e-02
6.750208000000000597e-02
6.752255999999999536e-02
6.754303999999999863e-02
6.756352000000000191e-02
6.758400000000000518e-02
6.760447999999999458e-02
6.762495999999999785e-02
6.764544000000000112e-02
6.766592000000000440e-02
6.768640000000000767e-02
6.770687999999999707e-02
6.772736000000000034e-02
6.774784000000000361e-02
6.776832000000000689e-02
6.778879999999999628e-02
6.780927999999999956e-02
6.782976000000000283e-02
6.785024000000000610e-02
6.787071999999999550e-02
6.789119999999999877e-02
6.791168000000000204e-02
6.793216000000000532e-02
6.795263999999999471e-02
6.797311999999999799e-02
6.799360000000000126e-02
6.801408000000000453e-02
6.803456000000000781e-02
6.805503999999999720e-02
6.807552000000000048e-02
6.809600000000000375e-02
6.811648000000000702e-02
6.813695999999999642e-02
6.815743999999999969e-02
6.817792000000000296e-02
6.819840000000000624e-02
6.821887999999999563e-02
6.823935999999999891e-02
6.825984000000000218e-02
6.828032000000000545e-02
6.830079999999999485e-02
6.832127999999999812e-02
6.834176000000000140e-02
6.836224000000000467e-02
6.838272000000000794e-02
6.840319999999999734e-02
6.842368000000000061e-02
6.844416000000000389e-02
6.846464000000000716e-02
6.848511999999999655e-02
6.850559999999999983e-02
6.852608000000000310e-02
6.854656000000000637e-02
6.856703999999999577e-02
6.858751999999999904e-02
6.860800000000000232e-02
6.862848000000000559e-02
6.864895999999999499e-02
6.866943999999999826e-02
6.868992000000000153e-02
6.871040000000000481e-02
6.873088000000000808e-02
6.875135999999999747e-02
6.877184000000000075e-02
6.879232000000000402e-02
6.881280000000000729e-02
6.883327999999999669e-02
6.885375999999999996e-02
6.887424000000000324e-02
6.889472000000000651e-02
6.891519999999999591e-02
6.893567999999999918e-02
6.895616000000000245e-02
6.897664000000000573e-02
6.899711999999999512e-02
6.901759999999999839e-02
6.903808000000000167e-02
6.905856000000000494e-02
6.907904000000000821e-02
6.909951999999999761e-02
6.912000000000000088e-02
6.914048000000000416e-02
6.916096000000000743e-02
6.918143999999999683e-02
6.920192000000000010e-02
6.922240000000000337e-02
6.924288000000000665e-02
6.926335999999999604e-02
6.928383999999999932e-02
6.930432000000000259e-02
6.932480000000000586e-02
6.934527999999999526e-02
6.936575999999999853e-02
6.938624000000000180e-02
6.940672000000000508e-02
6.942720000000000835e-02
6.944767999999999775e-02
6.946816000000000102e-02
6.948864000000000429e-02
6.950912000000000757e-02
6.952959999999999696e-02
6.955008000000000024e-02
6.957056000000000351e-02
6.959104000000000678e-02
6.961151999999999618e-02
6.963199999999999945e-02
6.965248000000000272e-02
6.967296000000000600e-02
6.969343999999999539e-02
6.971391999999999867e-02
6.973440000000000194e-02
6.975488000000000521e-02
6.977535999999999461e-02
6.979583999999999788e-02
6.981632000000000116e-02
6.983680000000000443e-02
6.985728000000000770e-02
6.987775999999999710e-02
6.989824000000000037e-02
6.991872000000000364e-02
6.993920000000000692e-02
6.995967999999999631e-02
6.998015999999999959e-02
7.000064000000000286e-02
7.002112000000000613e-02
7.004159999999999553e-02
7.006207999999999880e-02
7.008256000000000208e-02
7.010304000000000535e-02
7.012351999999999475e-02
7.014399999999999802e-02
7.016448000000000129e-02
7.018496000000000457e-02
7.020544000000000784e-02
7.022591999999999723e-02
7.024640000000000051e-02
7.026688000000000378e-02
7.028736000000000705e-02
7.030783999999999645e-02
7.032831999999999972e-02
7.034880000000000300e-02
7.036928000000000627e-02
7.038975999999999567e-02
7.041023999999999894e-02
7.043072000000000221e-02
7.045120000000000549e-02
7.047167999999999488e-02
7.049215999999999815e-02
7.051264000000000143e-02
7.053312000000000470e-02
7.055360000000000797e-02
7.057407999999999737e-02
7.059456000000000064e-02
7.061504000000000392e-02
7.063552000000000719e-02
7.065599999999999659e-02
7.067647999999999986e-02
7.069696000000000313e-02
7.071744000000000641e-02
7.073791999999999580e-02
7.075839999999999907e-02
7.077888000000000235e-02
7.079936000000000562e-02
7.081983999999999502e-02
7.084031999999999829e-02
7.086080000000000156e-02
7.088128000000000484e-02
7.090176000000000811e-02
7.092223999999999751e-02
7.094272000000000078e-02
7.096320000000000405e-02
7.098368000000000733e-02
7.100415999999999672e-02
7.102464000000000000e-02
7.104512000000000327e-02
7.106560000000000654e-02
7.108607999999999594e-02
7.110655999999999921e-02
7.112704000000000248e-02
7.114752000000000576e-02
7.116799999999999515e-02
7.118847999999999843e-02
7.120896000000000170e-02
7.122944000000000497e-02
7.124992000000000825e-02
7.127039999999999764e-02
7.129088000000000092e-02
7.131136000000000419e-02
7.133184000000000746e-02
7.135231999999999686e-02
7.137280000000000013e-02
7.139328000000000340e-02
7.141376000000000668e-02
7.143423999999999607e-02
7.145471999999999935e-02
7.147520000000000262e-02
7.149568000000000589e-02
7.151615999999999529e-02
7.153663999999999856e-02
7.155712000000000184e-02
7.157760000000000511e-02
7.159808000000000838e-02
7.161855999999999778e-02
7.163904000000000105e-02
7.165952000000000433e-02
7.168000000000000760e-02
7.170047999999999699e-02
7.172096000000000027e-02
7.174144000000000354e-02
7.176192000000000681e-02
7.178239999999999621e-02
7.180287999999999948e-02
7.182336000000000276e-02
7.184384000000000603e-02
7.186431999999999543e-02
7.188479999999999870e-02
7.190528000000000197e-02
7.192576000000000525e-02
7.194623999999999464e-02
7.196671999999999791e-02
7.198720000000000119e-02
7.200768000000000446e-02
7.202816000000000773e-02
7.204863999999999713e-02
7.206912000000000040e-02
7.208960000000000368e-02
7.211008000000000695e-02
7.213055999999999635e-02
7.215103999999999962e-02
7.217152000000000289e-02
7.219200000000000617e-02
7.221247999999999556e-02
7.223295999999999883e-02
7.225344000000000211e-02
7.227392000000000538e-02
7.229439999999999478e-02
7.231487999999999805e-02
7.233536000000000132e-02
7.235584000000000460e-02
7.237632000000000787e-02
7.239679999999999727e-02
7.241728000000000054e-02
7.243776000000000381e-02
7.245824000000000709e-02
7.247871999999999648e-02
7.249919999999999976e-02
7.251968000000000303e-02
7.254016000000000630e-02
7.256063999999999570e-02
7.258111999999999897e-02
7.260160000000000224e-02
7.262208000000000552e-02
7.264255999999999491e-02
7.266303999999999819e-02
7.268352000000000146e-02
7.270400000000000473e-02
7.272448000000000801e-02
7.274495999999999740e-02
7.276544000000000068e-02
7.278592000000000395e-02
7.280640000000000722e-02
7.282687999999999662e-02
7.284735999999999989e-02
7.286784000000000316e-02
7.288832000000000644e-02
7.290879999999999583e-02
7.292927999999999911e-02
7.294976000000000238e-02
7.297024000000000565e-02
7.299071999999999505e-02
7.301119999999999832e-02
7.303168000000000160e-02
7.305216000000000487e-02
7.307264000000000814e-02
7.309311999999999754e-02
7.311360000000000081e-02
7.313408000000000408e-02
7.315456000000000736e-02
7.317503999999999675e-02
7.319552000000000003e-02
7.321600000000000330e-02
7.323648000000000657e-02
7.325695999999999597e-02
7.327743999999999924e-02
7.329792000000000252e-02
7.331840000000000579e-02
7.333887999999999519e-02
7.335935999999999846e-02
7.337984000000000173e-02
7.340032000000000501e-02
7.342080000000000828e-02
7.344127999999999767e-02
7.346176000000000095e-02
7.348224000000000422e-02
7.350272000000000749e-02
7.352319999999999689e-02
7.354368000000000016e-02
7.356416000000000344e-02
7.358464000000000671e-02
7.360511999999999611e-02
7.362559999999999938e-02
7.364608000000000265e-02
7.366656000000000593e-02
7.368703999999999532e-02
7.370751999999999859e-02
7.372800000000000187e-02
7.374848000000000514e-02
7.376896000000000841e-02
7.378943999999999781e-02
7.380992000000000108e-02
7.383040000000000436e-02
7.385088000000000763e-02
7.387135999999999703e-02
7.389184000000000030e-02
7.391232000000000357e-02
7.393280000000000685e-02
7.395327999999999624e-02
7.397375999999999951e-02
7.399424000000000279e-02
7.401472000000000606e-02
7.403519999999999546e-02
7.405567999999999873e-02
7.407616000000000200e-02
7.409664000000000528e-02
7.411711999999999467e-02
7.413759999999999795e-02
7.415808000000000122e-02
7.417856000000000449e-02
7.419904000000000777e-02
7.421951999999999716e-02
7.424000000000000044e-02
7.426048000000000371e-02
7.428096000000000698e-02
7.430143999999999638e-02
7.432191999999999965e-02
7.434240000000000292e-02
7.436288000000000620e-02
7.438335999999999559e-02
7.440383999999999887e-02
7.442432000000000214e-02
7.444480000000000541e-02
7.446527999999999481e-02
7.448575999999999808e-02
7.450624000000000136e-02
7.452672000000000463e-02
7.454720000000000790e-02
7.456767999999999730e-02
7.458816000000000057e-02
7.460864000000000384e-02
7.462912000000000712e-02
7.464959999999999651e-02
7.467007999999999979e-02
7.469056000000000306e-02
7.471104000000000633e-02
7.473151999999999573e-02
7.475199999999999900e-02
7.477248000000000228e-02
7.479296000000000555e-02
7.481343999999999494e-02
7.483391999999999822e-02
7.485440000000000149e-02
7.487488000000000476e-02
7.489536000000000804e-02
7.491583999999999743e-02
7.493632000000000071e-02
7.495680000000000398e-02
7.497728000000000725e-02
7.499775999999999665e-02
7.501823999999999992e-02
7.503872000000000320e-02
7.505920000000000647e-02
7.507967999999999587e-02
7.510015999999999914e-02
7.512064000000000241e-02
7.514112000000000569e-02
7.516159999999999508e-02
7.518207999999999835e-02
7.520256000000000163e-02
7.522304000000000490e-02
7.524352000000000817e-02
7.526399999999999757e-02
7.528448000000000084e-02
7.530496000000000412e-02
7.532544000000000739e-02
7.534591999999999679e-02
7.536640000000000006e-02
7.538688000000000333e-02
7.540736000000000661e-02
7.542783999999999600e-02
7.544831999999999927e-02
7.546880000000000255e-02
7.548928000000000582e-02
7.550975999999999522e-02
7.553023999999999849e-02
7.555072000000000176e-02
7.557120000000000504e-02
7.559168000000000831e-02
7.561215999999999771e-02
7.563264000000000098e-02
7.565312000000000425e-02
7.567360000000000753e-02
7.569407999999999692e-02
7.571456000000000020e-02
7.573504000000000347e-02
7.575552000000000674e-02
7.577599999999999614e-02
7.579647999999999941e-02
7.581696000000000268e-02
7.583744000000000596e-02
7.585791999999999535e-02
7.587839999999999863e-02
7.589888000000000190e-02
7.591936000000000517e-02
7.593984000000000845e-02
7.596031999999999784e-02
7.598080000000000112e-02
7.600128000000000439e-02
7.602176000000000766e-02
7.604223999999999706e-02
7.606272000000000033e-02
7.608320000000000360e-02
7.610368000000000688e-02
7.612415999999999627e-02
7.614463999999999955e-02
7.616512000000000282e-02
7.618560000000000609e-02
7.620607999999999549e-02
7.622655999999999876e-02
7.624704000000000204e-02
7.626752000000000531e-02
7.628799999999999470e-02
7.630847999999999798e-02
7.632896000000000125e-02
7.634944000000000452e-02
7.636992000000000780e-02
7.639039999999999719e-02
7.641088000000000047e-02
7.643136000000000374e-02
7.645184000000000701e-02
7.647231999999999641e-02
7.649279999999999968e-02
7.651328000000000296e-02
7.653376000000000623e-02
7.655423999999999563e-02
7.657471999999999890e-02
7.659520000000000217e-02
7.661568000000000545e-02
7.663615999999999484e-02
7.665663999999999811e-02
7.667712000000000139e-02
7.669760000000000466e-02
7.671808000000000793e-02
7.673855999999999733e-02
7.675904000000000060e-02
7.677952000000000388e-02
7.680000000000000715e-02
7.682047999999999655e-02
7.684095999999999982e-02
7.686144000000000309e-02
7.688192000000000637e-02
7.690239999999999576e-02
7.692287999999999903e-02
7.694336000000000231e-02
7.696384000000000558e-02
7.698431999999999498e-02
7.700479999999999825e-02
7.702528000000000152e-02
7.704576000000000480e-02
7.706624000000000807e-02
7.708671999999999747e-02
7.710720000000000074e-02
7.712768000000000401e-02
7.714816000000000729e-02
7.716863999999999668e-02
7.718911999999999995e-02
7.720960000000000323e-02
7.723008000000000650e-02
7.725055999999999590e-02
7.727103999999999917e-02
7.729152000000000244e-02
7.731200000000000572e-02
7.733247999999999511e-02
7.735295999999999839e-02
7.737344000000000166e-02
7.739392000000000493e-02
7.741440000000000821e-02
7.743487999999999760e-02
7.745536000000000088e-02
7.747584000000000415e-02
7.749632000000000742e-02
7.751679999999999682e-02
7.753728000000000009e-02
7.755776000000000336e-02
7.757824000000000664e-02
7.759871999999999603e-02
7.761919999999999931e-02
7.763968000000000258e-02
7.766016000000000585e-02
7.768063999999999525e-02
7.770111999999999852e-02
7.772160000000000180e-02
7.774208000000000507e-02
7.776256000000000834e-02
7.778303999999999774e-02
7.780352000000000101e-02
7.782400000000000428e-02
7.784448000000000756e-02
7.786495999999999695e-02
7.788544000000000023e-02
7.790592000000000350e-02
7.792640000000000677e-02
7.794687999999999617e-02
7.796735999999999944e-02
7.798784000000000272e-02
7.800832000000000599e-02
7.802879999999999538e-02
7.804927999999999866e-02
7.806976000000000193e-02
7.809024000000000520e-02
7.811072000000000848e-02
7.813119999999999787e-02
7.815168000000000115e-02
7.817216000000000442e-02
7.819264000000000769e-02
7.821311999999999709e-02
7.823360000000000036e-02
7.825408000000000364e-02
7.827456000000000691e-02
7.829503999999999631e-02
7.831551999999999958e-02
7.833600000000000285e-02
7.835648000000000613e-02
7.837695999999999552e-02
7.839743999999999879e-02
7.841792000000000207e-02
7.843840000000000534e-02
7.845887999999999474e-02
7.847935999999999801e-02
7.849984000000000128e-02
7.852032000000000456e-02
7.854080000000000783e-02
7.856127999999999723e-02
7.858176000000000050e-02
7.860224000000000377e-02
7.862272000000000705e-02
7.864319999999999644e-02
7.866367999999999971e-02
7.868416000000000299e-02
7.870464000000000626e-02
7.872511999999999566e-02
7.874559999999999893e-02
7.876608000000000220e-02
7.878656000000000548e-02
7.880703999999999487e-02
7.882751999999999815e-02
7.884800000000000142e-02
7.886848000000000469e-02
7.888896000000000797e-02
7.890943999999999736e-02
7.892992000000000063e-02
7.895040000000000391e-02
7.897088000000000718e-02
7.899135999999999658e-02
7.901183999999999985e-02
7.903232000000000312e-02
7.905280000000000640e-02
7.907327999999999579e-02
7.909375999999999907e-02
7.911424000000000234e-02
7.913472000000000561e-02
7.915519999999999501e-02
7.917567999999999828e-02
7.919616000000000156e-02
7.921664000000000483e-02
7.923712000000000810e-02
7.925759999999999750e-02
7.927808000000000077e-02
7.929856000000000404e-02
7.931904000000000732e-02
7.933951999999999671e-02
7.935999999999999999e-02
7.938048000000000326e-02
7.940096000000000653e-02
7.942143999999999593e-02
7.944191999999999920e-02
7.946240000000000248e-02
7.948288000000000575e-02
7.950335999999999514e-02
7.952383999999999842e-02
7.954432000000000169e-02
7.956480000000000496e-02
7.958528000000000824e-02
7.960575999999999763e-02
7.962624000000000091e-02
7.964672000000000418e-02
7.966720000000000745e-02
7.968767999999999685e-02
7.970816000000000012e-02
7.972864000000000340e-02
7.974912000000000667e-02
7.976959999999999607e-02
7.979007999999999934e-02
7.981056000000000261e-02
7.983104000000000589e-02
7.985151999999999528e-02
7.987199999999999855e-02
7.989248000000000183e-02
7.991296000000000510e-02
7.993344000000000837e-02
7.995391999999999777e-02
7.997440000000000104e-02
7.999488000000000432e-02
8.001536000000000759e-02
8.003583999999999699e-02
8.005632000000000026e-02
8.007680000000000353e-02
8.009728000000000681e-02
8.011775999999999620e-02
8.013823999999999947e-02
8.015872000000000275e-02
8.017920000000000602e-02
8.019967999999999542e-02
8.022015999999999869e-02
8.024064000000000196e-02
8.026112000000000524e-02
8.028160000000000851e-02
8.030207999999999791e-02
8.032256000000000118e-02
8.034304000000000445e-02
8.036352000000000773e-02
8.038399999999999712e-02
8.040448000000000039e-02
8.042496000000000367e-02
8.044544000000000694e-02
8.046591999999999634e-02
8.048639999999999961e-02
8.050688000000000288e-02
8.052736000000000616e-02
8.054783999999999555e-02
8.056831999999999883e-02
8.058880000000000210e-02
8.060928000000000537e-02
8.062975999999999477e-02
8.065023999999999804e-02
8.067072000000000132e-02
8.069120000000000459e-02
8.071168000000000786e-02
8.073215999999999726e-02
8.075264000000000053e-02
8.077312000000000380e-02
8.079360000000000708e-02
8.081407999999999647e-02
8.083455999999999975e-02
8.085504000000000302e-02
8.087552000000000629e-02
8.089599999999999569e-02
8.091647999999999896e-02
8.093696000000000224e-02
8.095744000000000551e-02
8.097791999999999490e-02
8.099839999999999818e-02
8.101888000000000145e-02
8.103936000000000472e-02
8.105984000000000800e-02
8.108031999999999739e-02
8.110080000000000067e-02
8.112128000000000394e-02
8.114176000000000721e-02
8.116223999999999661e-02
8.118271999999999988e-02
8.120320000000000316e-02
8.122368000000000643e-02
8.124415999999999582e-02
