0.000000000000000000e+00
2.000000000000000042e-08
4.000000000000000084e-08
6.000000000000000787e-08
8.000000000000000167e-08
9.999999999999999547e-08
1.200000000000000157e-07
1.400000000000000095e-07
1.600000000000000033e-07
1.799999999999999971e-07
1.999999999999999909e-07
2.200000000000000112e-07
2.400000000000000315e-07
2.599999999999999988e-07
2.800000000000000191e-07
2.999999999999999864e-07
3.200000000000000067e-07
3.400000000000000270e-07
3.599999999999999943e-07
3.800000000000000146e-07
3.999999999999999819e-07
4.200000000000000022e-07
4.400000000000000224e-07
4.599999999999999898e-07
4.800000000000000630e-07
4.999999999999999774e-07
5.199999999999999976e-07
5.400000000000000179e-07
5.600000000000000382e-07
5.800000000000000585e-07
5.999999999999999728e-07
6.199999999999999931e-07
6.400000000000000134e-07
6.600000000000000337e-07
6.800000000000000539e-07
6.999999999999999683e-07
7.199999999999999886e-07
7.400000000000000089e-07
7.600000000000000291e-07
7.800000000000000494e-07
7.999999999999999638e-07
8.199999999999999841e-07
8.400000000000000043e-07
8.600000000000000246e-07
8.800000000000000449e-07
9.000000000000000652e-07
9.199999999999999795e-07
9.399999999999999998e-07
9.600000000000001260e-07
9.799999999999999345e-07
9.999999999999999547e-07
1.019999999999999975e-06
1.039999999999999995e-06
1.060000000000000016e-06
1.080000000000000036e-06
1.100000000000000056e-06
1.120000000000000076e-06
1.140000000000000097e-06
1.160000000000000117e-06
1.179999999999999925e-06
1.199999999999999946e-06
1.219999999999999966e-06
1.239999999999999986e-06
1.260000000000000007e-06
1.280000000000000027e-06
1.300000000000000047e-06
1.320000000000000067e-06
1.340000000000000088e-06
1.360000000000000108e-06
1.380000000000000128e-06
1.399999999999999937e-06
1.419999999999999957e-06
1.439999999999999977e-06
1.459999999999999997e-06
1.480000000000000018e-06
1.500000000000000038e-06
1.520000000000000058e-06
1.540000000000000079e-06
1.560000000000000099e-06
1.580000000000000119e-06
1.599999999999999928e-06
1.619999999999999948e-06
1.639999999999999968e-06
1.659999999999999988e-06
1.680000000000000009e-06
1.700000000000000029e-06
1.720000000000000049e-06
1.740000000000000069e-06
1.760000000000000090e-06
1.780000000000000110e-06
1.800000000000000130e-06
1.819999999999999939e-06
1.839999999999999959e-06
1.859999999999999979e-06
1.880000000000000000e-06
1.900000000000000020e-06
1.920000000000000252e-06
1.940000000000000060e-06
1.959999999999999869e-06
1.980000000000000101e-06
1.999999999999999909e-06
2.020000000000000142e-06
2.039999999999999950e-06
2.060000000000000182e-06
2.079999999999999991e-06
2.100000000000000223e-06
2.120000000000000031e-06
2.139999999999999840e-06
2.160000000000000072e-06
2.179999999999999880e-06
2.200000000000000112e-06
2.219999999999999921e-06
2.240000000000000153e-06
2.259999999999999961e-06
2.280000000000000193e-06
2.300000000000000002e-06
2.320000000000000234e-06
2.340000000000000042e-06
2.359999999999999851e-06
2.380000000000000083e-06
2.399999999999999891e-06
2.420000000000000123e-06
2.439999999999999932e-06
2.460000000000000164e-06
2.479999999999999972e-06
2.500000000000000205e-06
2.520000000000000013e-06
2.540000000000000245e-06
2.560000000000000054e-06
2.579999999999999862e-06
2.600000000000000094e-06
2.619999999999999903e-06
2.640000000000000135e-06
2.659999999999999943e-06
2.680000000000000175e-06
2.699999999999999984e-06
2.720000000000000216e-06
2.740000000000000024e-06
2.760000000000000256e-06
2.780000000000000065e-06
2.799999999999999873e-06
2.820000000000000105e-06
2.839999999999999914e-06
2.860000000000000146e-06
2.879999999999999954e-06
2.900000000000000186e-06
2.919999999999999995e-06
2.940000000000000227e-06
2.960000000000000035e-06
2.980000000000000267e-06
3.000000000000000076e-06
3.019999999999999885e-06
3.040000000000000117e-06
3.059999999999999925e-06
3.080000000000000157e-06
3.099999999999999966e-06
3.120000000000000198e-06
3.140000000000000006e-06
3.160000000000000238e-06
3.180000000000000047e-06
3.199999999999999855e-06
3.220000000000000087e-06
3.239999999999999896e-06
3.260000000000000128e-06
3.279999999999999936e-06
3.300000000000000168e-06
3.319999999999999977e-06
3.340000000000000209e-06
3.360000000000000017e-06
3.380000000000000249e-06
3.400000000000000058e-06
3.419999999999999866e-06
3.440000000000000098e-06
3.459999999999999907e-06
3.480000000000000139e-06
3.499999999999999947e-06
3.520000000000000180e-06
3.539999999999999988e-06
3.560000000000000220e-06
3.580000000000000029e-06
3.600000000000000261e-06
3.620000000000000069e-06
3.639999999999999878e-06
3.660000000000000110e-06
3.679999999999999918e-06
3.700000000000000150e-06
3.719999999999999959e-06
3.740000000000000191e-06
3.759999999999999999e-06
3.780000000000000231e-06
3.800000000000000040e-06
3.819999999999999848e-06
3.840000000000000504e-06
3.860000000000000312e-06
3.880000000000000121e-06
3.899999999999999929e-06
3.919999999999999738e-06
3.940000000000000393e-06
3.960000000000000202e-06
3.980000000000000010e-06
3.999999999999999819e-06
4.020000000000000475e-06
4.040000000000000283e-06
4.060000000000000092e-06
4.079999999999999900e-06
4.099999999999999709e-06
4.120000000000000364e-06
4.140000000000000173e-06
4.159999999999999981e-06
4.179999999999999790e-06
4.200000000000000445e-06
4.220000000000000254e-06
4.240000000000000062e-06
4.259999999999999871e-06
4.279999999999999679e-06
4.300000000000000335e-06
4.320000000000000143e-06
4.339999999999999952e-06
4.359999999999999760e-06
4.380000000000000416e-06
4.400000000000000224e-06
4.420000000000000033e-06
4.439999999999999841e-06
4.460000000000000497e-06
4.480000000000000305e-06
4.500000000000000114e-06
4.519999999999999923e-06
4.539999999999999731e-06
4.560000000000000387e-06
4.580000000000000195e-06
4.600000000000000004e-06
4.619999999999999812e-06
4.640000000000000468e-06
4.660000000000000276e-06
4.680000000000000085e-06
4.699999999999999893e-06
4.719999999999999702e-06
4.740000000000000357e-06
4.760000000000000166e-06
4.779999999999999974e-06
4.799999999999999783e-06
4.820000000000000438e-06
4.840000000000000247e-06
4.860000000000000055e-06
4.879999999999999864e-06
4.900000000000000519e-06
4.920000000000000328e-06
4.940000000000000136e-06
4.959999999999999945e-06
4.979999999999999753e-06
5.000000000000000409e-06
5.020000000000000218e-06
5.040000000000000026e-06
5.059999999999999835e-06
5.080000000000000490e-06
5.100000000000000299e-06
5.120000000000000107e-06
5.139999999999999916e-06
5.159999999999999724e-06
5.180000000000000380e-06
5.200000000000000188e-06
5.219999999999999997e-06
5.239999999999999805e-06
5.260000000000000461e-06
5.280000000000000269e-06
5.300000000000000078e-06
5.319999999999999886e-06
5.339999999999999695e-06
5.360000000000000350e-06
5.380000000000000159e-06
5.399999999999999967e-06
5.419999999999999776e-06
5.440000000000000431e-06
5.460000000000000240e-06
5.480000000000000048e-06
5.499999999999999857e-06
5.520000000000000513e-06
5.540000000000000321e-06
5.560000000000000130e-06
5.579999999999999938e-06
5.599999999999999747e-06
5.620000000000000402e-06
5.640000000000000211e-06
5.660000000000000019e-06
5.679999999999999828e-06
5.700000000000000483e-06
5.720000000000000292e-06
5.740000000000000100e-06
5.759999999999999909e-06
5.779999999999999717e-06
5.800000000000000373e-06
5.820000000000000181e-06
5.839999999999999990e-06
5.859999999999999798e-06
5.880000000000000454e-06
5.900000000000000262e-06
5.920000000000000071e-06
5.939999999999999879e-06
5.960000000000000535e-06
5.980000000000000343e-06
6.000000000000000152e-06
6.019999999999999961e-06
6.039999999999999769e-06
6.060000000000000425e-06
6.080000000000000233e-06
6.100000000000000042e-06
6.119999999999999850e-06
6.140000000000000506e-06
6.160000000000000314e-06
6.180000000000000123e-06
6.199999999999999931e-06
6.219999999999999740e-06
6.240000000000000395e-06
6.260000000000000204e-06
6.280000000000000012e-06
6.299999999999999821e-06
6.320000000000000476e-06
6.340000000000000285e-06
6.360000000000000093e-06
6.379999999999999902e-06
6.399999999999999710e-06
6.420000000000000366e-06
6.440000000000000174e-06
6.459999999999999983e-06
6.479999999999999791e-06
6.500000000000000447e-06
6.520000000000000256e-06
6.540000000000000064e-06
6.559999999999999873e-06
6.580000000000000528e-06
6.600000000000000337e-06
6.620000000000000145e-06
6.639999999999999954e-06
6.659999999999999762e-06
6.680000000000000418e-06
6.700000000000000226e-06
6.720000000000000035e-06
6.739999999999999843e-06
6.760000000000000499e-06
6.780000000000000307e-06
6.800000000000000116e-06
6.819999999999999924e-06
6.839999999999999733e-06
6.860000000000000388e-06
6.880000000000000197e-06
6.900000000000000005e-06
6.919999999999999814e-06
6.940000000000000469e-06
6.960000000000000278e-06
6.980000000000000086e-06
6.999999999999999895e-06
7.020000000000000551e-06
7.040000000000000359e-06
7.060000000000000168e-06
7.079999999999999976e-06
7.099999999999999785e-06
7.120000000000000440e-06
7.140000000000000249e-06
7.160000000000000057e-06
7.179999999999999866e-06
7.200000000000000521e-06
7.220000000000000330e-06
7.240000000000000138e-06
7.259999999999999947e-06
7.279999999999999755e-06
7.300000000000000411e-06
7.320000000000000219e-06
7.340000000000000028e-06
7.359999999999999836e-06
7.380000000000000492e-06
7.400000000000000300e-06
7.420000000000000109e-06
7.439999999999999917e-06
7.460000000000000573e-06
7.480000000000000381e-06
7.500000000000000190e-06
7.519999999999999999e-06
7.539999999999999807e-06
7.560000000000000463e-06
7.580000000000000271e-06
7.600000000000000080e-06
7.619999999999999888e-06
7.639999999999999697e-06
7.659999999999999505e-06
7.680000000000001008e-06
7.700000000000000816e-06
7.720000000000000625e-06
7.740000000000000433e-06
7.760000000000000242e-06
7.780000000000000050e-06
7.799999999999999859e-06
7.819999999999999667e-06
7.839999999999999476e-06
7.860000000000000978e-06
7.880000000000000787e-06
7.900000000000000595e-06
7.920000000000000404e-06
7.940000000000000212e-06
7.960000000000000021e-06
7.979999999999999829e-06
7.999999999999999638e-06
8.019999999999999446e-06
8.040000000000000949e-06
8.060000000000000758e-06
8.080000000000000566e-06
8.100000000000000375e-06
8.120000000000000183e-06
8.139999999999999992e-06
8.159999999999999800e-06
8.179999999999999609e-06
8.199999999999999417e-06
8.220000000000000920e-06
8.240000000000000728e-06
8.260000000000000537e-06
8.280000000000000345e-06
8.300000000000000154e-06
8.319999999999999962e-06
8.339999999999999771e-06
8.359999999999999579e-06
8.379999999999999388e-06
8.400000000000000890e-06
8.420000000000000699e-06
8.440000000000000507e-06
8.460000000000000316e-06
8.480000000000000124e-06
8.499999999999999933e-06
8.519999999999999742e-06
8.539999999999999550e-06
8.559999999999999359e-06
8.580000000000000861e-06
8.600000000000000670e-06
8.620000000000000478e-06
8.640000000000000287e-06
8.660000000000000095e-06
8.679999999999999904e-06
8.699999999999999712e-06
8.719999999999999521e-06
8.740000000000001023e-06
8.760000000000000832e-06
8.780000000000000640e-06
8.800000000000000449e-06
8.820000000000000257e-06
8.840000000000000066e-06
8.859999999999999874e-06
8.879999999999999683e-06
8.899999999999999491e-06
8.920000000000000994e-06
8.940000000000000802e-06
8.960000000000000611e-06
8.980000000000000419e-06
9.000000000000000228e-06
9.020000000000000037e-06
9.039999999999999845e-06
9.059999999999999654e-06
9.079999999999999462e-06
9.100000000000000965e-06
9.120000000000000773e-06
9.140000000000000582e-06
9.160000000000000390e-06
9.180000000000000199e-06
9.200000000000000007e-06
9.219999999999999816e-06
9.239999999999999624e-06
9.259999999999999433e-06
9.280000000000000935e-06
9.300000000000000744e-06
9.320000000000000552e-06
9.340000000000000361e-06
9.360000000000000169e-06
9.379999999999999978e-06
9.399999999999999786e-06
9.419999999999999595e-06
9.439999999999999403e-06
9.460000000000000906e-06
9.480000000000000715e-06
9.500000000000000523e-06
9.520000000000000332e-06
9.540000000000000140e-06
9.559999999999999949e-06
9.579999999999999757e-06
9.599999999999999566e-06
9.619999999999999374e-06
9.640000000000000877e-06
9.660000000000000685e-06
9.680000000000000494e-06
9.700000000000000302e-06
9.720000000000000111e-06
9.739999999999999919e-06
9.759999999999999728e-06
9.779999999999999536e-06
9.800000000000001039e-06
9.820000000000000847e-06
9.840000000000000656e-06
9.860000000000000464e-06
9.880000000000000273e-06
9.900000000000000081e-06
9.919999999999999890e-06
9.939999999999999698e-06
9.959999999999999507e-06
9.980000000000001010e-06
1.000000000000000082e-05
1.002000000000000063e-05
1.004000000000000044e-05
1.006000000000000024e-05
1.008000000000000005e-05
1.009999999999999986e-05
1.011999999999999967e-05
1.013999999999999948e-05
1.016000000000000098e-05
1.018000000000000079e-05
1.020000000000000060e-05
1.022000000000000041e-05
1.024000000000000021e-05
1.026000000000000002e-05
1.027999999999999983e-05
1.029999999999999964e-05
1.031999999999999945e-05
1.034000000000000095e-05
1.036000000000000076e-05
1.038000000000000057e-05
1.040000000000000038e-05
1.042000000000000018e-05
1.043999999999999999e-05
1.045999999999999980e-05
1.047999999999999961e-05
1.049999999999999942e-05
1.052000000000000092e-05
1.054000000000000073e-05
1.056000000000000054e-05
1.058000000000000035e-05
1.060000000000000016e-05
1.061999999999999996e-05
1.063999999999999977e-05
1.065999999999999958e-05
1.067999999999999939e-05
1.070000000000000089e-05
1.072000000000000070e-05
1.074000000000000051e-05
1.076000000000000032e-05
1.078000000000000013e-05
1.079999999999999993e-05
1.081999999999999974e-05
1.083999999999999955e-05
1.086000000000000105e-05
1.088000000000000086e-05
1.090000000000000067e-05
1.092000000000000048e-05
1.094000000000000029e-05
1.096000000000000010e-05
1.097999999999999991e-05
1.099999999999999971e-05
1.101999999999999952e-05
1.104000000000000103e-05
1.106000000000000083e-05
1.108000000000000064e-05
1.110000000000000045e-05
1.112000000000000026e-05
1.114000000000000007e-05
1.115999999999999988e-05
1.117999999999999968e-05
1.119999999999999949e-05
1.122000000000000100e-05
1.124000000000000080e-05
1.126000000000000061e-05
1.128000000000000042e-05
1.130000000000000023e-05
1.132000000000000004e-05
1.133999999999999985e-05
1.135999999999999966e-05
1.137999999999999946e-05
1.140000000000000097e-05
1.142000000000000077e-05
1.144000000000000058e-05
1.146000000000000039e-05
1.148000000000000020e-05
1.150000000000000001e-05
1.151999999999999982e-05
1.153999999999999963e-05
1.155999999999999943e-05
1.158000000000000094e-05
1.160000000000000075e-05
1.162000000000000055e-05
1.164000000000000036e-05
1.166000000000000017e-05
1.167999999999999998e-05
1.169999999999999979e-05
1.171999999999999960e-05
1.173999999999999941e-05
1.176000000000000091e-05
1.178000000000000072e-05
1.180000000000000052e-05
1.182000000000000033e-05
1.184000000000000014e-05
1.185999999999999995e-05
1.187999999999999976e-05
1.189999999999999957e-05
1.192000000000000107e-05
1.194000000000000088e-05
1.196000000000000069e-05
1.198000000000000050e-05
1.200000000000000030e-05
1.202000000000000011e-05
1.203999999999999992e-05
1.205999999999999973e-05
1.207999999999999954e-05
1.210000000000000104e-05
1.212000000000000085e-05
1.214000000000000066e-05
1.216000000000000047e-05
1.218000000000000027e-05
1.220000000000000008e-05
1.221999999999999989e-05
1.223999999999999970e-05
1.225999999999999951e-05
1.228000000000000101e-05
1.230000000000000082e-05
1.232000000000000063e-05
1.234000000000000044e-05
1.236000000000000025e-05
1.238000000000000005e-05
1.239999999999999986e-05
1.241999999999999967e-05
1.243999999999999948e-05
1.246000000000000098e-05
1.248000000000000079e-05
1.250000000000000060e-05
1.252000000000000041e-05
1.254000000000000022e-05
1.256000000000000002e-05
1.257999999999999983e-05
1.259999999999999964e-05
1.261999999999999945e-05
1.264000000000000095e-05
1.266000000000000076e-05
1.268000000000000057e-05
1.270000000000000038e-05
1.272000000000000019e-05
1.274000000000000000e-05
1.275999999999999980e-05
1.277999999999999961e-05
1.279999999999999942e-05
1.282000000000000092e-05
1.284000000000000073e-05
1.286000000000000054e-05
1.288000000000000035e-05
1.290000000000000016e-05
1.291999999999999997e-05
1.293999999999999977e-05
1.295999999999999958e-05
1.298000000000000109e-05
1.300000000000000089e-05
1.302000000000000070e-05
1.304000000000000051e-05
1.306000000000000032e-05
1.308000000000000013e-05
1.309999999999999994e-05
1.311999999999999975e-05
1.313999999999999955e-05
1.316000000000000106e-05
1.318000000000000086e-05
1.320000000000000067e-05
1.322000000000000048e-05
1.324000000000000029e-05
1.326000000000000010e-05
1.327999999999999991e-05
1.329999999999999972e-05
1.331999999999999952e-05
1.334000000000000103e-05
1.336000000000000084e-05
1.338000000000000064e-05
1.340000000000000045e-05
1.342000000000000026e-05
1.344000000000000007e-05
1.345999999999999988e-05
1.347999999999999969e-05
1.349999999999999949e-05
1.352000000000000100e-05
1.354000000000000081e-05
1.356000000000000061e-05
1.358000000000000042e-05
1.360000000000000023e-05
1.362000000000000004e-05
1.363999999999999985e-05
1.365999999999999966e-05
1.367999999999999947e-05
1.370000000000000097e-05
1.372000000000000078e-05
1.374000000000000059e-05
1.376000000000000039e-05
1.378000000000000020e-05
1.380000000000000001e-05
1.381999999999999982e-05
1.383999999999999963e-05
1.386000000000000113e-05
1.388000000000000094e-05
1.390000000000000075e-05
1.392000000000000056e-05
1.394000000000000036e-05
1.396000000000000017e-05
1.397999999999999998e-05
1.399999999999999979e-05
1.401999999999999960e-05
1.404000000000000110e-05
1.406000000000000091e-05
1.408000000000000072e-05
1.410000000000000053e-05
1.412000000000000034e-05
1.414000000000000014e-05
1.415999999999999995e-05
1.417999999999999976e-05
1.419999999999999957e-05
1.422000000000000107e-05
1.424000000000000088e-05
1.426000000000000069e-05
1.428000000000000050e-05
1.430000000000000031e-05
1.432000000000000011e-05
1.433999999999999992e-05
1.435999999999999973e-05
1.437999999999999954e-05
1.440000000000000104e-05
1.442000000000000085e-05
1.444000000000000066e-05
1.446000000000000047e-05
1.448000000000000028e-05
1.450000000000000009e-05
1.451999999999999989e-05
1.453999999999999970e-05
1.455999999999999951e-05
1.458000000000000101e-05
1.460000000000000082e-05
1.462000000000000063e-05
1.464000000000000044e-05
1.466000000000000025e-05
1.468000000000000006e-05
1.469999999999999986e-05
1.471999999999999967e-05
1.473999999999999948e-05
1.476000000000000098e-05
1.478000000000000079e-05
1.480000000000000060e-05
1.482000000000000041e-05
1.484000000000000022e-05
1.486000000000000003e-05
1.487999999999999983e-05
1.489999999999999964e-05
1.492000000000000115e-05
1.494000000000000095e-05
1.496000000000000076e-05
1.498000000000000057e-05
1.500000000000000038e-05
1.502000000000000019e-05
1.504000000000000000e-05
1.505999999999999981e-05
1.507999999999999961e-05
1.510000000000000112e-05
1.512000000000000093e-05
1.514000000000000073e-05
1.516000000000000054e-05
1.518000000000000035e-05
1.520000000000000016e-05
1.521999999999999997e-05
1.523999999999999978e-05
1.525999999999999958e-05
1.527999999999999939e-05
1.529999999999999920e-05
1.531999999999999901e-05
1.533999999999999882e-05
1.536000000000000202e-05
1.538000000000000182e-05
1.540000000000000163e-05
1.542000000000000144e-05
1.544000000000000125e-05
1.546000000000000106e-05
1.548000000000000087e-05
1.550000000000000068e-05
1.552000000000000048e-05
1.554000000000000029e-05
1.556000000000000010e-05
1.557999999999999991e-05
1.559999999999999972e-05
1.561999999999999953e-05
1.563999999999999933e-05
1.565999999999999914e-05
1.567999999999999895e-05
1.569999999999999876e-05
1.572000000000000196e-05
1.574000000000000177e-05
1.576000000000000157e-05
1.578000000000000138e-05
1.580000000000000119e-05
1.582000000000000100e-05
1.584000000000000081e-05
1.586000000000000062e-05
1.588000000000000042e-05
1.590000000000000023e-05
1.592000000000000004e-05
1.593999999999999985e-05
1.595999999999999966e-05
1.597999999999999947e-05
1.599999999999999928e-05
1.601999999999999908e-05
1.603999999999999889e-05
1.605999999999999870e-05
1.608000000000000190e-05
1.610000000000000171e-05
1.612000000000000152e-05
1.614000000000000132e-05
1.616000000000000113e-05
1.618000000000000094e-05
1.620000000000000075e-05
1.622000000000000056e-05
1.624000000000000037e-05
1.626000000000000017e-05
1.627999999999999998e-05
1.629999999999999979e-05
1.631999999999999960e-05
1.633999999999999941e-05
1.635999999999999922e-05
1.637999999999999903e-05
1.639999999999999883e-05
1.642000000000000203e-05
1.644000000000000184e-05
1.646000000000000165e-05
1.648000000000000146e-05
1.650000000000000127e-05
1.652000000000000107e-05
1.654000000000000088e-05
1.656000000000000069e-05
1.658000000000000050e-05
1.660000000000000031e-05
1.662000000000000012e-05
1.663999999999999992e-05
1.665999999999999973e-05
1.667999999999999954e-05
1.669999999999999935e-05
1.671999999999999916e-05
1.673999999999999897e-05
1.675999999999999878e-05
1.678000000000000197e-05
1.680000000000000178e-05
1.682000000000000159e-05
1.684000000000000140e-05
1.686000000000000121e-05
1.688000000000000101e-05
1.690000000000000082e-05
1.692000000000000063e-05
1.694000000000000044e-05
1.696000000000000025e-05
1.698000000000000006e-05
1.699999999999999987e-05
1.701999999999999967e-05
1.703999999999999948e-05
1.705999999999999929e-05
1.707999999999999910e-05
1.709999999999999891e-05
1.711999999999999872e-05
1.714000000000000191e-05
1.716000000000000172e-05
1.718000000000000153e-05
1.720000000000000134e-05
1.722000000000000115e-05
1.724000000000000096e-05
1.726000000000000076e-05
1.728000000000000057e-05
1.730000000000000038e-05
1.732000000000000019e-05
1.734000000000000000e-05
1.735999999999999981e-05
1.737999999999999962e-05
1.739999999999999942e-05
1.741999999999999923e-05
1.743999999999999904e-05
1.745999999999999885e-05
1.748000000000000205e-05
1.750000000000000186e-05
1.752000000000000166e-05
1.754000000000000147e-05
1.756000000000000128e-05
1.758000000000000109e-05
1.760000000000000090e-05
1.762000000000000071e-05
1.764000000000000051e-05
1.766000000000000032e-05
1.768000000000000013e-05
1.769999999999999994e-05
1.771999999999999975e-05
1.773999999999999956e-05
1.775999999999999937e-05
1.777999999999999917e-05
1.779999999999999898e-05
1.781999999999999879e-05
1.784000000000000199e-05
1.786000000000000180e-05
1.788000000000000160e-05
1.790000000000000141e-05
1.792000000000000122e-05
1.794000000000000103e-05
1.796000000000000084e-05
1.798000000000000065e-05
1.800000000000000046e-05
1.802000000000000026e-05
1.804000000000000007e-05
1.805999999999999988e-05
1.807999999999999969e-05
1.809999999999999950e-05
1.811999999999999931e-05
1.813999999999999912e-05
1.815999999999999892e-05
1.817999999999999873e-05
1.820000000000000193e-05
1.822000000000000174e-05
1.824000000000000155e-05
1.826000000000000135e-05
1.828000000000000116e-05
1.830000000000000097e-05
1.832000000000000078e-05
1.834000000000000059e-05
1.836000000000000040e-05
1.838000000000000021e-05
1.840000000000000001e-05
1.841999999999999982e-05
1.843999999999999963e-05
1.845999999999999944e-05
1.847999999999999925e-05
1.849999999999999906e-05
1.851999999999999887e-05
1.854000000000000206e-05
1.856000000000000187e-05
1.858000000000000168e-05
1.860000000000000149e-05
1.862000000000000130e-05
1.864000000000000110e-05
1.866000000000000091e-05
1.868000000000000072e-05
1.870000000000000053e-05
1.872000000000000034e-05
1.874000000000000015e-05
1.875999999999999996e-05
1.877999999999999976e-05
1.879999999999999957e-05
1.881999999999999938e-05
1.883999999999999919e-05
1.885999999999999900e-05
1.887999999999999881e-05
1.890000000000000200e-05
1.892000000000000181e-05
1.894000000000000162e-05
1.896000000000000143e-05
1.898000000000000124e-05
1.900000000000000105e-05
1.902000000000000085e-05
1.904000000000000066e-05
1.906000000000000047e-05
1.908000000000000028e-05
1.910000000000000009e-05
1.911999999999999990e-05
1.913999999999999971e-05
1.915999999999999951e-05
1.917999999999999932e-05
1.919999999999999913e-05
1.921999999999999894e-05
1.923999999999999875e-05
1.926000000000000194e-05
1.928000000000000175e-05
1.930000000000000156e-05
1.932000000000000137e-05
1.934000000000000118e-05
1.936000000000000099e-05
1.938000000000000080e-05
1.940000000000000060e-05
1.942000000000000041e-05
1.944000000000000022e-05
1.946000000000000003e-05
1.947999999999999984e-05
1.949999999999999965e-05
1.951999999999999946e-05
1.953999999999999926e-05
1.955999999999999907e-05
1.957999999999999888e-05
1.960000000000000208e-05
1.962000000000000189e-05
1.964000000000000169e-05
1.966000000000000150e-05
1.968000000000000131e-05
1.970000000000000112e-05
1.972000000000000093e-05
1.974000000000000074e-05
1.976000000000000055e-05
1.978000000000000035e-05
1.980000000000000016e-05
1.981999999999999997e-05
1.983999999999999978e-05
1.985999999999999959e-05
1.987999999999999940e-05
1.989999999999999921e-05
1.991999999999999901e-05
1.993999999999999882e-05
1.996000000000000202e-05
1.998000000000000183e-05
2.000000000000000164e-05
2.002000000000000144e-05
2.004000000000000125e-05
2.006000000000000106e-05
2.008000000000000087e-05
2.010000000000000068e-05
2.012000000000000049e-05
2.014000000000000030e-05
2.016000000000000010e-05
2.017999999999999991e-05
2.019999999999999972e-05
2.021999999999999953e-05
2.023999999999999934e-05
2.025999999999999915e-05
2.027999999999999896e-05
2.029999999999999876e-05
2.032000000000000196e-05
2.034000000000000177e-05
2.036000000000000158e-05
2.038000000000000139e-05
2.040000000000000119e-05
2.042000000000000100e-05
2.044000000000000081e-05
2.046000000000000062e-05
2.048000000000000043e-05
2.050000000000000024e-05
2.052000000000000005e-05
2.053999999999999985e-05
2.055999999999999966e-05
2.057999999999999947e-05
2.059999999999999928e-05
2.061999999999999909e-05
2.063999999999999890e-05
2.066000000000000209e-05
2.068000000000000190e-05
2.070000000000000171e-05
2.072000000000000152e-05
2.074000000000000133e-05
2.076000000000000114e-05
2.078000000000000094e-05
2.080000000000000075e-05
2.082000000000000056e-05
2.084000000000000037e-05
2.086000000000000018e-05
2.087999999999999999e-05
2.089999999999999980e-05
2.091999999999999960e-05
2.093999999999999941e-05
2.095999999999999922e-05
2.097999999999999903e-05
2.099999999999999884e-05
2.102000000000000203e-05
2.104000000000000184e-05
2.106000000000000165e-05
2.108000000000000146e-05
2.110000000000000127e-05
2.112000000000000108e-05
2.114000000000000089e-05
2.116000000000000069e-05
2.118000000000000050e-05
2.120000000000000031e-05
2.122000000000000012e-05
2.123999999999999993e-05
2.125999999999999974e-05
2.127999999999999955e-05
2.129999999999999935e-05
2.131999999999999916e-05
2.133999999999999897e-05
2.135999999999999878e-05
2.138000000000000198e-05
2.140000000000000178e-05
2.142000000000000159e-05
2.144000000000000140e-05
2.146000000000000121e-05
2.148000000000000102e-05
2.150000000000000083e-05
2.152000000000000064e-05
2.154000000000000044e-05
2.156000000000000025e-05
2.158000000000000006e-05
2.159999999999999987e-05
2.161999999999999968e-05
2.163999999999999949e-05
2.165999999999999930e-05
2.167999999999999910e-05
2.169999999999999891e-05
2.172000000000000211e-05
2.174000000000000192e-05
2.176000000000000173e-05
2.178000000000000153e-05
2.180000000000000134e-05
2.182000000000000115e-05
2.184000000000000096e-05
2.186000000000000077e-05
2.188000000000000058e-05
2.190000000000000039e-05
2.192000000000000019e-05
2.194000000000000000e-05
2.195999999999999981e-05
2.197999999999999962e-05
2.199999999999999943e-05
2.201999999999999924e-05
2.203999999999999905e-05
2.205999999999999885e-05
2.208000000000000205e-05
2.210000000000000186e-05
2.212000000000000167e-05
2.214000000000000148e-05
2.216000000000000128e-05
2.218000000000000109e-05
2.220000000000000090e-05
2.222000000000000071e-05
2.224000000000000052e-05
2.226000000000000033e-05
2.228000000000000014e-05
2.229999999999999994e-05
2.231999999999999975e-05
2.233999999999999956e-05
2.235999999999999937e-05
2.237999999999999918e-05
2.239999999999999899e-05
2.241999999999999879e-05
2.244000000000000199e-05
2.246000000000000180e-05
2.248000000000000161e-05
2.250000000000000142e-05
2.252000000000000123e-05
2.254000000000000103e-05
2.256000000000000084e-05
2.258000000000000065e-05
2.260000000000000046e-05
2.262000000000000027e-05
2.264000000000000008e-05
2.265999999999999989e-05
2.267999999999999969e-05
2.269999999999999950e-05
2.271999999999999931e-05
2.273999999999999912e-05
2.275999999999999893e-05
2.278000000000000212e-05
2.280000000000000193e-05
2.282000000000000174e-05
2.284000000000000155e-05
2.286000000000000136e-05
2.288000000000000117e-05
2.290000000000000098e-05
2.292000000000000078e-05
2.294000000000000059e-05
2.296000000000000040e-05
2.298000000000000021e-05
2.300000000000000002e-05
2.301999999999999983e-05
2.303999999999999964e-05
2.305999999999999944e-05
2.307999999999999925e-05
2.309999999999999906e-05
2.311999999999999887e-05
2.314000000000000207e-05
2.316000000000000187e-05
2.318000000000000168e-05
2.320000000000000149e-05
2.322000000000000130e-05
2.324000000000000111e-05
2.326000000000000092e-05
2.328000000000000073e-05
2.330000000000000053e-05
2.332000000000000034e-05
2.334000000000000015e-05
2.335999999999999996e-05
2.337999999999999977e-05
2.339999999999999958e-05
2.341999999999999938e-05
2.343999999999999919e-05
2.345999999999999900e-05
2.347999999999999881e-05
2.350000000000000201e-05
2.352000000000000182e-05
2.354000000000000162e-05
2.356000000000000143e-05
2.358000000000000124e-05
2.360000000000000105e-05
2.362000000000000086e-05
2.364000000000000067e-05
2.366000000000000048e-05
2.368000000000000028e-05
2.370000000000000009e-05
2.371999999999999990e-05
2.373999999999999971e-05
2.375999999999999952e-05
2.377999999999999933e-05
2.379999999999999913e-05
2.381999999999999894e-05
2.384000000000000214e-05
2.386000000000000195e-05
2.388000000000000176e-05
2.390000000000000157e-05
2.392000000000000137e-05
2.394000000000000118e-05
2.396000000000000099e-05
2.398000000000000080e-05
2.400000000000000061e-05
2.402000000000000042e-05
2.404000000000000023e-05
2.406000000000000003e-05
2.407999999999999984e-05
2.409999999999999965e-05
2.411999999999999946e-05
2.413999999999999927e-05
2.415999999999999908e-05
2.417999999999999888e-05
2.420000000000000208e-05
2.422000000000000189e-05
2.424000000000000170e-05
2.426000000000000151e-05
2.428000000000000132e-05
2.430000000000000112e-05
2.432000000000000093e-05
2.434000000000000074e-05
2.436000000000000055e-05
2.438000000000000036e-05
2.440000000000000017e-05
2.441999999999999997e-05
2.443999999999999978e-05
2.445999999999999959e-05
2.447999999999999940e-05
2.449999999999999921e-05
2.451999999999999902e-05
2.453999999999999883e-05
2.456000000000000202e-05
2.458000000000000183e-05
2.460000000000000164e-05
2.462000000000000145e-05
2.464000000000000126e-05
2.466000000000000107e-05
2.468000000000000087e-05
2.470000000000000068e-05
2.472000000000000049e-05
2.474000000000000030e-05
2.476000000000000011e-05
2.477999999999999992e-05
2.479999999999999972e-05
2.481999999999999953e-05
2.483999999999999934e-05
2.485999999999999915e-05
2.487999999999999896e-05
2.490000000000000216e-05
2.492000000000000196e-05
2.494000000000000177e-05
2.496000000000000158e-05
2.498000000000000139e-05
2.500000000000000120e-05
2.502000000000000101e-05
2.504000000000000082e-05
2.506000000000000062e-05
2.508000000000000043e-05
2.510000000000000024e-05
2.512000000000000005e-05
2.513999999999999986e-05
2.515999999999999967e-05
2.517999999999999947e-05
2.519999999999999928e-05
2.521999999999999909e-05
2.523999999999999890e-05
2.526000000000000210e-05
2.528000000000000191e-05
2.530000000000000171e-05
2.532000000000000152e-05
2.534000000000000133e-05
2.536000000000000114e-05
2.538000000000000095e-05
2.540000000000000076e-05
2.542000000000000056e-05
2.544000000000000037e-05
2.546000000000000018e-05
2.547999999999999999e-05
2.549999999999999980e-05
2.551999999999999961e-05
2.553999999999999942e-05
2.555999999999999922e-05
2.557999999999999903e-05
2.559999999999999884e-05
2.562000000000000204e-05
2.564000000000000185e-05
2.566000000000000166e-05
2.568000000000000146e-05
2.570000000000000127e-05
2.572000000000000108e-05
2.574000000000000089e-05
2.576000000000000070e-05
2.578000000000000051e-05
2.580000000000000031e-05
2.582000000000000012e-05
2.583999999999999993e-05
2.585999999999999974e-05
2.587999999999999955e-05
2.589999999999999936e-05
2.591999999999999917e-05
2.593999999999999897e-05
2.596000000000000217e-05
2.598000000000000198e-05
2.600000000000000179e-05
2.602000000000000160e-05
2.604000000000000141e-05
2.606000000000000121e-05
2.608000000000000102e-05
2.610000000000000083e-05
2.612000000000000064e-05
2.614000000000000045e-05
2.616000000000000026e-05
2.618000000000000006e-05
2.619999999999999987e-05
2.621999999999999968e-05
2.623999999999999949e-05
2.625999999999999930e-05
2.627999999999999911e-05
2.629999999999999892e-05
2.632000000000000211e-05
2.634000000000000192e-05
2.636000000000000173e-05
2.638000000000000154e-05
2.640000000000000135e-05
2.642000000000000115e-05
2.644000000000000096e-05
2.646000000000000077e-05
2.648000000000000058e-05
2.650000000000000039e-05
2.652000000000000020e-05
2.654000000000000001e-05
2.655999999999999981e-05
2.657999999999999962e-05
2.659999999999999943e-05
2.661999999999999924e-05
2.663999999999999905e-05
2.666000000000000225e-05
2.668000000000000205e-05
2.670000000000000186e-05
2.672000000000000167e-05
2.674000000000000148e-05
2.676000000000000129e-05
2.678000000000000110e-05
2.680000000000000090e-05
2.682000000000000071e-05
2.684000000000000052e-05
2.686000000000000033e-05
2.688000000000000014e-05
2.689999999999999995e-05
2.691999999999999976e-05
2.693999999999999956e-05
2.695999999999999937e-05
2.697999999999999918e-05
2.699999999999999899e-05
2.702000000000000219e-05
2.704000000000000200e-05
2.706000000000000180e-05
2.708000000000000161e-05
2.710000000000000142e-05
2.712000000000000123e-05
2.714000000000000104e-05
2.716000000000000085e-05
2.718000000000000065e-05
2.720000000000000046e-05
2.722000000000000027e-05
2.724000000000000008e-05
2.725999999999999989e-05
2.727999999999999970e-05
2.729999999999999951e-05
2.731999999999999931e-05
2.733999999999999912e-05
2.735999999999999893e-05
2.738000000000000213e-05
2.740000000000000194e-05
2.742000000000000174e-05
2.744000000000000155e-05
2.746000000000000136e-05
2.748000000000000117e-05
2.750000000000000098e-05
2.752000000000000079e-05
2.754000000000000060e-05
2.756000000000000040e-05
2.758000000000000021e-05
2.760000000000000002e-05
2.761999999999999983e-05
2.763999999999999964e-05
2.765999999999999945e-05
2.767999999999999926e-05
2.769999999999999906e-05
2.772000000000000226e-05
2.774000000000000207e-05
2.776000000000000188e-05
2.778000000000000169e-05
2.780000000000000149e-05
2.782000000000000130e-05
2.784000000000000111e-05
2.786000000000000092e-05
2.788000000000000073e-05
2.790000000000000054e-05
2.792000000000000035e-05
2.794000000000000015e-05
2.795999999999999996e-05
2.797999999999999977e-05
2.799999999999999958e-05
2.801999999999999939e-05
2.803999999999999920e-05
2.805999999999999901e-05
2.808000000000000220e-05
2.810000000000000201e-05
2.812000000000000182e-05
2.814000000000000163e-05
2.816000000000000144e-05
2.818000000000000124e-05
2.820000000000000105e-05
2.822000000000000086e-05
2.824000000000000067e-05
2.826000000000000048e-05
2.828000000000000029e-05
2.830000000000000010e-05
2.831999999999999990e-05
2.833999999999999971e-05
2.835999999999999952e-05
2.837999999999999933e-05
2.839999999999999914e-05
2.841999999999999895e-05
2.844000000000000214e-05
2.846000000000000195e-05
2.848000000000000176e-05
2.850000000000000157e-05
2.852000000000000138e-05
2.854000000000000119e-05
2.856000000000000099e-05
2.858000000000000080e-05
2.860000000000000061e-05
2.862000000000000042e-05
2.864000000000000023e-05
2.866000000000000004e-05
2.867999999999999985e-05
2.869999999999999965e-05
2.871999999999999946e-05
2.873999999999999927e-05
2.875999999999999908e-05
2.878000000000000228e-05
2.880000000000000208e-05
2.882000000000000189e-05
2.884000000000000170e-05
2.886000000000000151e-05
2.888000000000000132e-05
2.890000000000000113e-05
2.892000000000000094e-05
2.894000000000000074e-05
2.896000000000000055e-05
2.898000000000000036e-05
2.900000000000000017e-05
2.901999999999999998e-05
2.903999999999999979e-05
2.905999999999999960e-05
2.907999999999999940e-05
2.909999999999999921e-05
2.911999999999999902e-05
2.914000000000000222e-05
2.916000000000000203e-05
2.918000000000000183e-05
2.920000000000000164e-05
2.922000000000000145e-05
2.924000000000000126e-05
2.926000000000000107e-05
2.928000000000000088e-05
2.930000000000000069e-05
2.932000000000000049e-05
2.934000000000000030e-05
2.936000000000000011e-05
2.937999999999999992e-05
2.939999999999999973e-05
2.941999999999999954e-05
2.943999999999999935e-05
2.945999999999999915e-05
2.947999999999999896e-05
2.950000000000000216e-05
2.952000000000000197e-05
2.954000000000000178e-05
2.956000000000000158e-05
2.958000000000000139e-05
2.960000000000000120e-05
2.962000000000000101e-05
2.964000000000000082e-05
2.966000000000000063e-05
2.968000000000000044e-05
2.970000000000000024e-05
2.972000000000000005e-05
2.973999999999999986e-05
2.975999999999999967e-05
2.977999999999999948e-05
2.979999999999999929e-05
2.981999999999999910e-05
2.984000000000000229e-05
2.986000000000000210e-05
2.988000000000000191e-05
2.990000000000000172e-05
2.992000000000000153e-05
2.994000000000000133e-05
2.996000000000000114e-05
2.998000000000000095e-05
3.000000000000000076e-05
3.002000000000000057e-05
3.004000000000000038e-05
3.006000000000000019e-05
3.007999999999999999e-05
3.009999999999999980e-05
3.011999999999999961e-05
3.013999999999999942e-05
3.015999999999999923e-05
3.017999999999999904e-05
3.020000000000000223e-05
3.022000000000000204e-05
3.024000000000000185e-05
3.026000000000000166e-05
3.028000000000000147e-05
3.030000000000000128e-05
3.032000000000000108e-05
3.034000000000000089e-05
3.036000000000000070e-05
3.038000000000000051e-05
3.040000000000000032e-05
3.042000000000000013e-05
3.043999999999999994e-05
3.045999999999999974e-05
3.047999999999999955e-05
3.049999999999999936e-05
3.051999999999999917e-05
3.054000000000000237e-05
3.055999999999999879e-05
3.058000000000000198e-05
3.059999999999999840e-05
3.062000000000000160e-05
3.063999999999999802e-05
3.066000000000000122e-05
3.067999999999999764e-05
3.070000000000000083e-05
3.072000000000000403e-05
3.074000000000000045e-05
3.076000000000000365e-05
3.078000000000000007e-05
3.080000000000000326e-05
3.081999999999999969e-05
3.084000000000000288e-05
3.085999999999999930e-05
3.088000000000000250e-05
3.089999999999999892e-05
3.092000000000000212e-05
3.093999999999999854e-05
3.096000000000000173e-05
3.097999999999999815e-05
3.100000000000000135e-05
3.101999999999999777e-05
3.104000000000000097e-05
3.105999999999999739e-05
3.108000000000000058e-05
3.110000000000000378e-05
3.112000000000000020e-05
3.114000000000000340e-05
3.115999999999999982e-05
3.118000000000000301e-05
3.119999999999999944e-05
3.122000000000000263e-05
3.123999999999999905e-05
3.126000000000000225e-05
3.127999999999999867e-05
3.130000000000000187e-05
3.131999999999999829e-05
3.134000000000000148e-05
3.135999999999999790e-05
3.138000000000000110e-05
3.139999999999999752e-05
3.142000000000000072e-05
3.144000000000000391e-05
3.146000000000000033e-05
3.148000000000000353e-05
3.149999999999999995e-05
3.152000000000000315e-05
3.153999999999999957e-05
3.156000000000000276e-05
3.157999999999999919e-05
3.160000000000000238e-05
3.161999999999999880e-05
3.164000000000000200e-05
3.165999999999999842e-05
3.168000000000000162e-05
3.169999999999999804e-05
3.172000000000000123e-05
3.173999999999999765e-05
3.176000000000000085e-05
3.178000000000000405e-05
3.180000000000000047e-05
3.182000000000000366e-05
3.184000000000000008e-05
3.186000000000000328e-05
3.187999999999999970e-05
3.190000000000000290e-05
3.191999999999999932e-05
3.194000000000000251e-05
3.195999999999999893e-05
3.198000000000000213e-05
3.199999999999999855e-05
3.202000000000000175e-05
3.203999999999999817e-05
3.206000000000000137e-05
3.207999999999999779e-05
3.210000000000000098e-05
3.211999999999999740e-05
3.214000000000000060e-05
3.216000000000000380e-05
3.218000000000000022e-05
3.220000000000000341e-05
3.221999999999999983e-05
3.224000000000000303e-05
3.225999999999999945e-05
3.228000000000000265e-05
3.229999999999999907e-05
3.232000000000000226e-05
3.233999999999999868e-05
3.236000000000000188e-05
3.237999999999999830e-05
3.240000000000000150e-05
3.241999999999999792e-05
3.244000000000000112e-05
3.245999999999999754e-05
3.248000000000000073e-05
3.250000000000000393e-05
3.252000000000000035e-05
3.254000000000000355e-05
3.255999999999999997e-05
3.258000000000000316e-05
3.259999999999999958e-05
3.262000000000000278e-05
3.263999999999999920e-05
3.266000000000000240e-05
3.267999999999999882e-05
3.270000000000000201e-05
3.271999999999999843e-05
3.274000000000000163e-05
3.275999999999999805e-05
3.278000000000000125e-05
3.279999999999999767e-05
3.282000000000000087e-05
3.284000000000000406e-05
3.286000000000000048e-05
3.288000000000000368e-05
3.290000000000000010e-05
3.292000000000000330e-05
3.293999999999999972e-05
3.296000000000000291e-05
3.297999999999999933e-05
3.300000000000000253e-05
3.301999999999999895e-05
3.304000000000000215e-05
3.305999999999999857e-05
3.308000000000000176e-05
3.309999999999999818e-05
3.312000000000000138e-05
3.313999999999999780e-05
3.316000000000000100e-05
3.317999999999999742e-05
3.320000000000000062e-05
3.322000000000000381e-05
3.324000000000000023e-05
3.326000000000000343e-05
3.327999999999999985e-05
3.330000000000000305e-05
3.331999999999999947e-05
3.334000000000000266e-05
3.335999999999999908e-05
3.338000000000000228e-05
3.339999999999999870e-05
3.342000000000000190e-05
3.343999999999999832e-05
3.346000000000000151e-05
3.347999999999999793e-05
3.350000000000000113e-05
3.351999999999999755e-05
3.354000000000000075e-05
3.356000000000000394e-05
3.358000000000000037e-05
3.360000000000000356e-05
3.361999999999999998e-05
3.364000000000000318e-05
3.365999999999999960e-05
3.368000000000000280e-05
3.369999999999999922e-05
3.372000000000000241e-05
3.373999999999999883e-05
3.376000000000000203e-05
3.377999999999999845e-05
3.380000000000000165e-05
3.381999999999999807e-05
3.384000000000000126e-05
3.385999999999999768e-05
3.388000000000000088e-05
3.390000000000000408e-05
3.392000000000000050e-05
3.394000000000000369e-05
3.396000000000000011e-05
3.398000000000000331e-05
3.399999999999999973e-05
3.402000000000000293e-05
3.403999999999999935e-05
3.406000000000000255e-05
3.407999999999999897e-05
3.410000000000000216e-05
3.411999999999999858e-05
3.414000000000000178e-05
3.415999999999999820e-05
3.418000000000000140e-05
3.419999999999999782e-05
3.422000000000000101e-05
3.423999999999999743e-05
3.426000000000000063e-05
3.428000000000000383e-05
3.430000000000000025e-05
3.432000000000000344e-05
3.433999999999999986e-05
3.436000000000000306e-05
3.437999999999999948e-05
3.440000000000000268e-05
3.441999999999999910e-05
3.444000000000000230e-05
3.445999999999999872e-05
3.448000000000000191e-05
3.449999999999999833e-05
3.452000000000000153e-05
3.453999999999999795e-05
3.456000000000000115e-05
3.457999999999999757e-05
3.460000000000000076e-05
3.462000000000000396e-05
3.464000000000000038e-05
3.466000000000000358e-05
3.468000000000000000e-05
3.470000000000000319e-05
3.471999999999999961e-05
3.474000000000000281e-05
3.475999999999999923e-05
3.478000000000000243e-05
3.479999999999999885e-05
3.482000000000000205e-05
3.483999999999999847e-05
3.486000000000000166e-05
3.487999999999999808e-05
3.490000000000000128e-05
3.491999999999999770e-05
3.494000000000000090e-05
3.496000000000000409e-05
3.498000000000000051e-05
3.500000000000000371e-05
3.502000000000000013e-05
3.504000000000000333e-05
3.505999999999999975e-05
3.508000000000000294e-05
3.509999999999999936e-05
3.512000000000000256e-05
3.513999999999999898e-05
3.516000000000000218e-05
3.517999999999999860e-05
3.520000000000000180e-05
3.521999999999999822e-05
3.524000000000000141e-05
3.525999999999999783e-05
3.528000000000000103e-05
3.529999999999999745e-05
3.532000000000000065e-05
3.534000000000000384e-05
3.536000000000000026e-05
3.538000000000000346e-05
3.539999999999999988e-05
3.542000000000000308e-05
3.543999999999999950e-05
3.546000000000000269e-05
3.547999999999999911e-05
3.550000000000000231e-05
3.551999999999999873e-05
3.554000000000000193e-05
3.555999999999999835e-05
3.558000000000000155e-05
3.559999999999999797e-05
3.562000000000000116e-05
3.563999999999999758e-05
3.566000000000000078e-05
3.568000000000000398e-05
3.570000000000000040e-05
3.572000000000000359e-05
3.574000000000000001e-05
3.576000000000000321e-05
3.577999999999999963e-05
3.580000000000000283e-05
3.581999999999999925e-05
3.584000000000000244e-05
3.585999999999999886e-05
3.588000000000000206e-05
3.589999999999999848e-05
3.592000000000000168e-05
3.593999999999999810e-05
3.596000000000000130e-05
3.597999999999999772e-05
3.600000000000000091e-05
3.602000000000000411e-05
3.604000000000000053e-05
3.606000000000000373e-05
3.608000000000000015e-05
3.610000000000000334e-05
3.611999999999999976e-05
3.614000000000000296e-05
3.615999999999999938e-05
3.618000000000000258e-05
3.619999999999999900e-05
3.622000000000000219e-05
3.623999999999999861e-05
3.626000000000000181e-05
3.627999999999999823e-05
3.630000000000000143e-05
3.631999999999999785e-05
3.634000000000000104e-05
3.635999999999999747e-05
3.638000000000000066e-05
3.640000000000000386e-05
3.642000000000000028e-05
3.644000000000000348e-05
3.645999999999999990e-05
3.648000000000000309e-05
3.649999999999999951e-05
3.652000000000000271e-05
3.653999999999999913e-05
3.656000000000000233e-05
3.657999999999999875e-05
3.660000000000000194e-05
3.661999999999999836e-05
3.664000000000000156e-05
3.665999999999999798e-05
3.668000000000000118e-05
3.669999999999999760e-05
3.672000000000000079e-05
3.674000000000000399e-05
3.676000000000000041e-05
3.678000000000000361e-05
3.680000000000000003e-05
3.682000000000000323e-05
3.683999999999999965e-05
3.686000000000000284e-05
3.687999999999999926e-05
3.690000000000000246e-05
3.691999999999999888e-05
3.694000000000000208e-05
3.695999999999999850e-05
3.698000000000000169e-05
3.699999999999999811e-05
3.702000000000000131e-05
3.703999999999999773e-05
3.706000000000000093e-05
3.708000000000000412e-05
3.710000000000000054e-05
3.712000000000000374e-05
3.714000000000000016e-05
3.716000000000000336e-05
3.717999999999999978e-05
3.720000000000000298e-05
3.721999999999999940e-05
3.724000000000000259e-05
3.725999999999999901e-05
3.728000000000000221e-05
3.729999999999999863e-05
3.732000000000000183e-05
3.733999999999999825e-05
3.736000000000000144e-05
3.737999999999999786e-05
3.740000000000000106e-05
3.741999999999999748e-05
3.744000000000000068e-05
3.746000000000000387e-05
3.748000000000000029e-05
3.750000000000000349e-05
3.751999999999999991e-05
3.754000000000000311e-05
3.755999999999999953e-05
3.758000000000000273e-05
3.759999999999999915e-05
3.762000000000000234e-05
3.763999999999999876e-05
3.766000000000000196e-05
3.767999999999999838e-05
3.770000000000000158e-05
3.771999999999999800e-05
3.774000000000000119e-05
3.775999999999999761e-05
3.778000000000000081e-05
3.780000000000000401e-05
3.782000000000000043e-05
3.784000000000000362e-05
3.786000000000000004e-05
3.788000000000000324e-05
3.789999999999999966e-05
3.792000000000000286e-05
3.793999999999999928e-05
3.796000000000000248e-05
3.797999999999999890e-05
3.800000000000000209e-05
3.801999999999999851e-05
3.804000000000000171e-05
3.805999999999999813e-05
3.808000000000000133e-05
3.809999999999999775e-05
3.812000000000000094e-05
3.814000000000000414e-05
3.816000000000000056e-05
3.818000000000000376e-05
3.820000000000000018e-05
3.822000000000000337e-05
3.823999999999999979e-05
3.826000000000000299e-05
3.827999999999999941e-05
3.830000000000000261e-05
3.831999999999999903e-05
3.834000000000000222e-05
3.835999999999999865e-05
3.838000000000000184e-05
3.839999999999999826e-05
3.842000000000000146e-05
3.843999999999999788e-05
3.846000000000000108e-05
3.847999999999999750e-05
3.850000000000000069e-05
3.852000000000000389e-05
3.854000000000000031e-05
3.856000000000000351e-05
3.857999999999999993e-05
3.860000000000000312e-05
3.861999999999999954e-05
3.864000000000000274e-05
3.865999999999999916e-05
3.868000000000000236e-05
3.869999999999999878e-05
3.872000000000000197e-05
3.873999999999999840e-05
3.876000000000000159e-05
3.877999999999999801e-05
3.880000000000000121e-05
3.881999999999999763e-05
3.884000000000000083e-05
3.886000000000000402e-05
3.888000000000000044e-05
3.890000000000000364e-05
3.892000000000000006e-05
3.894000000000000326e-05
3.895999999999999968e-05
3.898000000000000287e-05
3.899999999999999929e-05
3.902000000000000249e-05
3.903999999999999891e-05
3.906000000000000211e-05
3.907999999999999853e-05
3.910000000000000172e-05
3.911999999999999815e-05
3.914000000000000134e-05
3.915999999999999776e-05
3.918000000000000096e-05
3.920000000000000416e-05
3.922000000000000058e-05
3.924000000000000377e-05
3.926000000000000019e-05
3.928000000000000339e-05
3.929999999999999981e-05
3.932000000000000301e-05
3.933999999999999943e-05
3.936000000000000262e-05
3.937999999999999904e-05
3.940000000000000224e-05
3.941999999999999866e-05
3.944000000000000186e-05
3.945999999999999828e-05
3.948000000000000147e-05
3.949999999999999789e-05
3.952000000000000109e-05
3.953999999999999751e-05
3.956000000000000071e-05
3.958000000000000391e-05
3.960000000000000033e-05
3.962000000000000352e-05
3.963999999999999994e-05
3.966000000000000314e-05
3.967999999999999956e-05
3.970000000000000276e-05
3.971999999999999918e-05
3.974000000000000237e-05
3.975999999999999879e-05
3.978000000000000199e-05
3.979999999999999841e-05
3.982000000000000161e-05
3.983999999999999803e-05
3.986000000000000122e-05
3.987999999999999764e-05
3.990000000000000084e-05
3.992000000000000404e-05
3.994000000000000046e-05
3.996000000000000366e-05
3.998000000000000008e-05
4.000000000000000327e-05
4.001999999999999969e-05
4.004000000000000289e-05
4.005999999999999931e-05
4.008000000000000251e-05
4.009999999999999893e-05
4.012000000000000212e-05
4.013999999999999854e-05
4.016000000000000174e-05
4.017999999999999816e-05
4.020000000000000136e-05
4.021999999999999778e-05
4.024000000000000097e-05
4.026000000000000417e-05
4.028000000000000059e-05
4.030000000000000379e-05
4.032000000000000021e-05
4.034000000000000340e-05
4.035999999999999983e-05
4.038000000000000302e-05
4.039999999999999944e-05
4.042000000000000264e-05
4.043999999999999906e-05
4.046000000000000226e-05
4.047999999999999868e-05
4.050000000000000187e-05
4.051999999999999829e-05
4.054000000000000149e-05
4.055999999999999791e-05
4.058000000000000111e-05
4.059999999999999753e-05
4.062000000000000072e-05
4.064000000000000392e-05
4.066000000000000034e-05
4.068000000000000354e-05
4.069999999999999996e-05
4.072000000000000315e-05
4.073999999999999958e-05
4.076000000000000277e-05
4.077999999999999919e-05
4.080000000000000239e-05
4.081999999999999881e-05
4.084000000000000201e-05
4.085999999999999843e-05
4.088000000000000162e-05
4.089999999999999804e-05
4.092000000000000124e-05
4.093999999999999766e-05
4.096000000000000086e-05
4.098000000000000405e-05
4.100000000000000047e-05
4.102000000000000367e-05
4.104000000000000009e-05
4.106000000000000329e-05
4.107999999999999971e-05
4.110000000000000290e-05
4.111999999999999933e-05
4.114000000000000252e-05
4.115999999999999894e-05
4.118000000000000214e-05
4.119999999999999856e-05
4.122000000000000176e-05
4.123999999999999818e-05
4.126000000000000137e-05
4.127999999999999779e-05
4.130000000000000099e-05
4.132000000000000419e-05
4.134000000000000061e-05
4.136000000000000380e-05
4.138000000000000022e-05
4.140000000000000342e-05
4.141999999999999984e-05
4.144000000000000304e-05
4.145999999999999946e-05
4.148000000000000265e-05
4.149999999999999907e-05
4.152000000000000227e-05
4.153999999999999869e-05
4.156000000000000189e-05
4.157999999999999831e-05
4.160000000000000151e-05
4.161999999999999793e-05
4.164000000000000112e-05
4.165999999999999754e-05
4.168000000000000074e-05
4.170000000000000394e-05
4.172000000000000036e-05
4.174000000000000355e-05
4.175999999999999997e-05
4.178000000000000317e-05
4.179999999999999959e-05
4.182000000000000279e-05
4.183999999999999921e-05
4.186000000000000240e-05
4.187999999999999882e-05
4.190000000000000202e-05
4.191999999999999844e-05
4.194000000000000164e-05
4.195999999999999806e-05
4.198000000000000126e-05
4.199999999999999768e-05
4.202000000000000087e-05
4.204000000000000407e-05
4.206000000000000049e-05
4.208000000000000369e-05
4.210000000000000011e-05
4.212000000000000330e-05
4.213999999999999972e-05
4.216000000000000292e-05
4.217999999999999934e-05
4.220000000000000254e-05
4.221999999999999896e-05
4.224000000000000215e-05
4.225999999999999857e-05
4.228000000000000177e-05
4.229999999999999819e-05
4.232000000000000139e-05
4.233999999999999781e-05
4.236000000000000101e-05
4.238000000000000420e-05
4.240000000000000062e-05
4.242000000000000382e-05
4.244000000000000024e-05
4.246000000000000344e-05
4.247999999999999986e-05
4.250000000000000305e-05
4.251999999999999947e-05
4.254000000000000267e-05
4.255999999999999909e-05
4.258000000000000229e-05
4.259999999999999871e-05
4.262000000000000190e-05
4.263999999999999832e-05
4.266000000000000152e-05
4.267999999999999794e-05
4.270000000000000114e-05
4.271999999999999756e-05
4.274000000000000076e-05
4.276000000000000395e-05
4.278000000000000037e-05
4.280000000000000357e-05
4.281999999999999999e-05
4.284000000000000319e-05
4.285999999999999961e-05
4.288000000000000280e-05
4.289999999999999922e-05
4.292000000000000242e-05
4.293999999999999884e-05
4.296000000000000204e-05
4.297999999999999846e-05
4.300000000000000165e-05
4.301999999999999807e-05
4.304000000000000127e-05
4.305999999999999769e-05
4.308000000000000089e-05
4.310000000000000408e-05
4.312000000000000051e-05
4.314000000000000370e-05
4.316000000000000012e-05
4.318000000000000332e-05
4.319999999999999974e-05
4.322000000000000294e-05
4.323999999999999936e-05
4.326000000000000255e-05
4.327999999999999897e-05
4.330000000000000217e-05
4.331999999999999859e-05
4.334000000000000179e-05
4.335999999999999821e-05
4.338000000000000140e-05
4.339999999999999782e-05
4.342000000000000102e-05
4.344000000000000422e-05
4.346000000000000064e-05
4.348000000000000383e-05
4.350000000000000026e-05
4.352000000000000345e-05
4.353999999999999987e-05
4.356000000000000307e-05
4.357999999999999949e-05
4.360000000000000269e-05
4.361999999999999911e-05
4.364000000000000230e-05
4.365999999999999872e-05
4.368000000000000192e-05
4.369999999999999834e-05
4.372000000000000154e-05
4.373999999999999796e-05
4.376000000000000115e-05
4.377999999999999757e-05
4.380000000000000077e-05
4.382000000000000397e-05
4.384000000000000039e-05
4.386000000000000358e-05
4.388000000000000000e-05
4.390000000000000320e-05
4.391999999999999962e-05
4.394000000000000282e-05
4.395999999999999924e-05
4.398000000000000244e-05
4.399999999999999886e-05
4.402000000000000205e-05
4.403999999999999847e-05
4.406000000000000167e-05
4.407999999999999809e-05
4.410000000000000129e-05
4.411999999999999771e-05
4.414000000000000090e-05
4.416000000000000410e-05
4.418000000000000052e-05
4.420000000000000372e-05
4.422000000000000014e-05
4.424000000000000333e-05
4.425999999999999975e-05
4.428000000000000295e-05
4.429999999999999937e-05
4.432000000000000257e-05
4.433999999999999899e-05
4.436000000000000219e-05
4.437999999999999861e-05
4.440000000000000180e-05
4.441999999999999822e-05
4.444000000000000142e-05
4.445999999999999784e-05
4.448000000000000104e-05
4.450000000000000423e-05
4.452000000000000065e-05
4.454000000000000385e-05
4.456000000000000027e-05
4.458000000000000347e-05
4.459999999999999989e-05
4.462000000000000308e-05
4.463999999999999950e-05
4.466000000000000270e-05
4.467999999999999912e-05
4.470000000000000232e-05
4.471999999999999874e-05
4.474000000000000194e-05
4.475999999999999836e-05
4.478000000000000155e-05
4.479999999999999797e-05
4.482000000000000117e-05
4.483999999999999759e-05
4.486000000000000079e-05
4.488000000000000398e-05
4.490000000000000040e-05
4.492000000000000360e-05
4.494000000000000002e-05
4.496000000000000322e-05
4.497999999999999964e-05
4.500000000000000283e-05
4.501999999999999925e-05
4.504000000000000245e-05
4.505999999999999887e-05
4.508000000000000207e-05
4.509999999999999849e-05
4.512000000000000169e-05
4.513999999999999811e-05
4.516000000000000130e-05
4.517999999999999772e-05
4.520000000000000092e-05
4.522000000000000412e-05
4.524000000000000054e-05
4.526000000000000373e-05
4.528000000000000015e-05
4.530000000000000335e-05
4.531999999999999977e-05
4.534000000000000297e-05
4.535999999999999939e-05
4.538000000000000258e-05
4.539999999999999900e-05
4.542000000000000220e-05
4.543999999999999862e-05
4.546000000000000182e-05
4.547999999999999824e-05
4.550000000000000144e-05
4.551999999999999786e-05
4.554000000000000105e-05
4.556000000000000425e-05
4.558000000000000067e-05
4.560000000000000387e-05
4.562000000000000029e-05
4.564000000000000348e-05
4.565999999999999990e-05
4.568000000000000310e-05
4.569999999999999952e-05
4.572000000000000272e-05
4.573999999999999914e-05
4.576000000000000233e-05
4.577999999999999875e-05
4.580000000000000195e-05
4.581999999999999837e-05
4.584000000000000157e-05
4.585999999999999799e-05
4.588000000000000118e-05
4.589999999999999761e-05
4.592000000000000080e-05
4.594000000000000400e-05
4.596000000000000042e-05
4.598000000000000362e-05
4.600000000000000004e-05
4.602000000000000323e-05
4.603999999999999965e-05
4.606000000000000285e-05
4.607999999999999927e-05
4.610000000000000247e-05
4.611999999999999889e-05
4.614000000000000208e-05
4.615999999999999850e-05
4.618000000000000170e-05
4.619999999999999812e-05
4.622000000000000132e-05
4.623999999999999774e-05
4.626000000000000093e-05
4.628000000000000413e-05
4.630000000000000055e-05
4.632000000000000375e-05
4.634000000000000017e-05
4.636000000000000337e-05
4.637999999999999979e-05
4.640000000000000298e-05
4.641999999999999940e-05
4.644000000000000260e-05
4.645999999999999902e-05
4.648000000000000222e-05
4.649999999999999864e-05
4.652000000000000183e-05
4.653999999999999825e-05
4.656000000000000145e-05
4.657999999999999787e-05
4.660000000000000107e-05
4.662000000000000426e-05
4.664000000000000068e-05
4.666000000000000388e-05
4.668000000000000030e-05
4.670000000000000350e-05
4.671999999999999992e-05
4.674000000000000312e-05
4.675999999999999954e-05
4.678000000000000273e-05
4.679999999999999915e-05
4.682000000000000235e-05
4.683999999999999877e-05
4.686000000000000197e-05
4.687999999999999839e-05
4.690000000000000158e-05
4.691999999999999800e-05
4.694000000000000120e-05
4.695999999999999762e-05
4.698000000000000082e-05
4.700000000000000401e-05
4.702000000000000043e-05
4.704000000000000363e-05
4.706000000000000005e-05
4.708000000000000325e-05
4.709999999999999967e-05
4.712000000000000287e-05
4.713999999999999929e-05
4.716000000000000248e-05
4.717999999999999890e-05
4.720000000000000210e-05
4.721999999999999852e-05
4.724000000000000172e-05
4.725999999999999814e-05
4.728000000000000133e-05
4.729999999999999775e-05
4.732000000000000095e-05
4.734000000000000415e-05
4.736000000000000057e-05
4.738000000000000376e-05
4.740000000000000018e-05
4.742000000000000338e-05
4.743999999999999980e-05
4.746000000000000300e-05
4.747999999999999942e-05
4.750000000000000262e-05
4.751999999999999904e-05
4.754000000000000223e-05
4.755999999999999865e-05
4.758000000000000185e-05
4.759999999999999827e-05
4.762000000000000147e-05
4.763999999999999789e-05
4.766000000000000108e-05
4.768000000000000428e-05
4.770000000000000070e-05
4.772000000000000390e-05
4.774000000000000032e-05
4.776000000000000351e-05
4.777999999999999993e-05
4.780000000000000313e-05
4.781999999999999955e-05
4.784000000000000275e-05
4.785999999999999917e-05
4.788000000000000236e-05
4.789999999999999879e-05
4.792000000000000198e-05
4.793999999999999840e-05
4.796000000000000160e-05
4.797999999999999802e-05
4.800000000000000122e-05
4.801999999999999764e-05
4.804000000000000083e-05
4.806000000000000403e-05
4.808000000000000045e-05
4.810000000000000365e-05
4.812000000000000007e-05
4.814000000000000326e-05
4.815999999999999968e-05
4.818000000000000288e-05
4.819999999999999930e-05
4.822000000000000250e-05
4.823999999999999892e-05
4.826000000000000211e-05
4.827999999999999854e-05
4.830000000000000173e-05
4.831999999999999815e-05
4.834000000000000135e-05
4.835999999999999777e-05
4.838000000000000097e-05
4.840000000000000416e-05
4.842000000000000058e-05
4.844000000000000378e-05
4.846000000000000020e-05
4.848000000000000340e-05
4.849999999999999982e-05
4.852000000000000301e-05
4.853999999999999943e-05
4.856000000000000263e-05
4.857999999999999905e-05
4.860000000000000225e-05
4.861999999999999867e-05
4.864000000000000186e-05
4.865999999999999829e-05
4.868000000000000148e-05
4.869999999999999790e-05
4.872000000000000110e-05
4.874000000000000430e-05
4.876000000000000072e-05
4.878000000000000391e-05
4.880000000000000033e-05
4.882000000000000353e-05
4.883999999999999995e-05
4.886000000000000315e-05
4.887999999999999957e-05
4.890000000000000276e-05
4.891999999999999918e-05
4.894000000000000238e-05
4.895999999999999880e-05
4.898000000000000200e-05
4.899999999999999842e-05
4.902000000000000161e-05
4.903999999999999803e-05
4.906000000000000123e-05
4.907999999999999765e-05
4.910000000000000085e-05
4.912000000000000405e-05
4.914000000000000047e-05
4.916000000000000366e-05
4.918000000000000008e-05
4.920000000000000328e-05
4.921999999999999970e-05
4.924000000000000290e-05
4.925999999999999932e-05
4.928000000000000251e-05
4.929999999999999893e-05
4.932000000000000213e-05
4.933999999999999855e-05
4.936000000000000175e-05
4.937999999999999817e-05
4.940000000000000136e-05
4.941999999999999778e-05
4.944000000000000098e-05
4.946000000000000418e-05
4.948000000000000060e-05
4.950000000000000380e-05
4.952000000000000022e-05
4.954000000000000341e-05
4.955999999999999983e-05
4.958000000000000303e-05
4.959999999999999945e-05
4.962000000000000265e-05
4.963999999999999907e-05
4.966000000000000226e-05
4.967999999999999868e-05
4.970000000000000188e-05
4.971999999999999830e-05
4.974000000000000150e-05
4.975999999999999792e-05
4.978000000000000111e-05
4.980000000000000431e-05
4.982000000000000073e-05
4.984000000000000393e-05
4.986000000000000035e-05
4.988000000000000355e-05
4.989999999999999997e-05
4.992000000000000316e-05
4.993999999999999958e-05
4.996000000000000278e-05
4.997999999999999920e-05
5.000000000000000240e-05
5.001999999999999882e-05
5.004000000000000201e-05
5.005999999999999843e-05
5.008000000000000163e-05
5.009999999999999805e-05
5.012000000000000125e-05
5.013999999999999767e-05
5.016000000000000086e-05
5.018000000000000406e-05
5.020000000000000048e-05
5.022000000000000368e-05
5.024000000000000010e-05
5.026000000000000329e-05
5.027999999999999972e-05
5.030000000000000291e-05
5.031999999999999933e-05
5.034000000000000253e-05
5.035999999999999895e-05
5.038000000000000215e-05
5.039999999999999857e-05
5.042000000000000176e-05
5.043999999999999818e-05
5.046000000000000138e-05
5.047999999999999780e-05
5.050000000000000100e-05
5.052000000000000419e-05
5.054000000000000061e-05
5.056000000000000381e-05
5.058000000000000023e-05
5.060000000000000343e-05
5.061999999999999985e-05
5.064000000000000304e-05
5.065999999999999947e-05
5.068000000000000266e-05
5.069999999999999908e-05
5.072000000000000228e-05
5.073999999999999870e-05
5.076000000000000190e-05
5.077999999999999832e-05
5.080000000000000151e-05
5.081999999999999793e-05
5.084000000000000113e-05
5.086000000000000433e-05
5.088000000000000075e-05
5.090000000000000394e-05
5.092000000000000036e-05
5.094000000000000356e-05
5.095999999999999998e-05
5.098000000000000318e-05
5.099999999999999960e-05
5.102000000000000279e-05
5.103999999999999922e-05
5.106000000000000241e-05
5.107999999999999883e-05
5.110000000000000203e-05
5.111999999999999845e-05
5.114000000000000165e-05
5.115999999999999807e-05
5.118000000000000126e-05
5.119999999999999768e-05
5.122000000000000088e-05
5.124000000000000408e-05
5.126000000000000050e-05
5.128000000000000369e-05
5.130000000000000011e-05
5.132000000000000331e-05
5.133999999999999973e-05
5.136000000000000293e-05
5.137999999999999935e-05
5.140000000000000254e-05
5.141999999999999896e-05
5.144000000000000216e-05
5.145999999999999858e-05
5.148000000000000178e-05
5.149999999999999820e-05
5.152000000000000140e-05
5.153999999999999782e-05
5.156000000000000101e-05
5.158000000000000421e-05
5.160000000000000063e-05
5.162000000000000383e-05
5.164000000000000025e-05
5.166000000000000344e-05
5.167999999999999986e-05
5.170000000000000306e-05
5.171999999999999948e-05
5.174000000000000268e-05
5.175999999999999910e-05
5.178000000000000229e-05
5.179999999999999871e-05
5.182000000000000191e-05
5.183999999999999833e-05
5.186000000000000153e-05
5.187999999999999795e-05
5.190000000000000115e-05
5.192000000000000434e-05
5.194000000000000076e-05
5.196000000000000396e-05
5.198000000000000038e-05
5.200000000000000358e-05
5.202000000000000000e-05
5.204000000000000319e-05
5.205999999999999961e-05
5.208000000000000281e-05
5.209999999999999923e-05
5.212000000000000243e-05
5.213999999999999885e-05
5.216000000000000204e-05
5.217999999999999846e-05
5.220000000000000166e-05
5.221999999999999808e-05
5.224000000000000128e-05
5.226000000000000447e-05
5.228000000000000090e-05
5.230000000000000409e-05
5.232000000000000051e-05
5.234000000000000371e-05
5.236000000000000013e-05
5.238000000000000333e-05
5.239999999999999975e-05
5.242000000000000294e-05
5.243999999999999936e-05
5.246000000000000256e-05
5.247999999999999898e-05
5.250000000000000218e-05
5.251999999999999860e-05
5.254000000000000179e-05
5.255999999999999821e-05
5.258000000000000141e-05
5.259999999999999783e-05
5.262000000000000103e-05
5.264000000000000422e-05
5.266000000000000065e-05
5.268000000000000384e-05
5.270000000000000026e-05
5.272000000000000346e-05
5.273999999999999988e-05
5.276000000000000308e-05
5.277999999999999950e-05
5.280000000000000269e-05
5.281999999999999911e-05
5.284000000000000231e-05
5.285999999999999873e-05
5.288000000000000193e-05
5.289999999999999835e-05
5.292000000000000154e-05
5.293999999999999796e-05
5.296000000000000116e-05
5.298000000000000436e-05
5.300000000000000078e-05
5.302000000000000397e-05
5.304000000000000040e-05
5.306000000000000359e-05
5.308000000000000001e-05
5.310000000000000321e-05
5.311999999999999963e-05
5.314000000000000283e-05
5.315999999999999925e-05
5.318000000000000244e-05
5.319999999999999886e-05
5.322000000000000206e-05
5.323999999999999848e-05
5.326000000000000168e-05
5.327999999999999810e-05
5.330000000000000129e-05
5.332000000000000449e-05
5.334000000000000091e-05
5.336000000000000411e-05
5.338000000000000053e-05
5.340000000000000372e-05
5.342000000000000014e-05
5.344000000000000334e-05
5.345999999999999976e-05
5.348000000000000296e-05
5.349999999999999938e-05
5.352000000000000258e-05
5.353999999999999900e-05
5.356000000000000219e-05
5.357999999999999861e-05
5.360000000000000181e-05
5.361999999999999823e-05
5.364000000000000143e-05
5.365999999999999785e-05
5.368000000000000104e-05
5.370000000000000424e-05
5.372000000000000066e-05
5.374000000000000386e-05
5.376000000000000028e-05
5.378000000000000347e-05
5.379999999999999989e-05
5.382000000000000309e-05
5.383999999999999951e-05
5.386000000000000271e-05
5.387999999999999913e-05
5.390000000000000233e-05
5.391999999999999875e-05
5.394000000000000194e-05
5.395999999999999836e-05
5.398000000000000156e-05
5.399999999999999798e-05
5.402000000000000118e-05
5.404000000000000437e-05
5.406000000000000079e-05
5.408000000000000399e-05
5.410000000000000041e-05
5.412000000000000361e-05
5.414000000000000003e-05
5.416000000000000322e-05
5.417999999999999964e-05
5.420000000000000284e-05
5.421999999999999926e-05
5.424000000000000246e-05
5.425999999999999888e-05
5.428000000000000208e-05
5.429999999999999850e-05
5.432000000000000169e-05
5.433999999999999811e-05
5.436000000000000131e-05
5.438000000000000451e-05
5.440000000000000093e-05
5.442000000000000412e-05
5.444000000000000054e-05
5.446000000000000374e-05
5.448000000000000016e-05
5.450000000000000336e-05
5.451999999999999978e-05
5.454000000000000297e-05
5.455999999999999939e-05
5.458000000000000259e-05
5.459999999999999901e-05
5.462000000000000221e-05
5.463999999999999863e-05
5.466000000000000183e-05
5.467999999999999825e-05
5.470000000000000144e-05
5.471999999999999786e-05
5.474000000000000106e-05
5.476000000000000426e-05
5.478000000000000068e-05
5.480000000000000387e-05
5.482000000000000029e-05
5.484000000000000349e-05
5.485999999999999991e-05
5.488000000000000311e-05
5.489999999999999953e-05
5.492000000000000272e-05
5.493999999999999914e-05
5.496000000000000234e-05
5.497999999999999876e-05
5.500000000000000196e-05
5.501999999999999838e-05
5.504000000000000158e-05
5.505999999999999800e-05
5.508000000000000119e-05
5.510000000000000439e-05
5.512000000000000081e-05
5.514000000000000401e-05
5.516000000000000043e-05
5.518000000000000362e-05
5.520000000000000004e-05
5.522000000000000324e-05
5.523999999999999966e-05
5.526000000000000286e-05
5.527999999999999928e-05
5.530000000000000247e-05
5.531999999999999889e-05
5.534000000000000209e-05
5.535999999999999851e-05
5.538000000000000171e-05
5.539999999999999813e-05
5.542000000000000132e-05
5.544000000000000452e-05
5.546000000000000094e-05
5.548000000000000414e-05
5.550000000000000056e-05
5.552000000000000376e-05
5.554000000000000018e-05
5.556000000000000337e-05
5.557999999999999979e-05
5.560000000000000299e-05
5.561999999999999941e-05
5.564000000000000261e-05
5.565999999999999903e-05
5.568000000000000222e-05
5.569999999999999864e-05
5.572000000000000184e-05
5.573999999999999826e-05
5.576000000000000146e-05
5.577999999999999788e-05
5.580000000000000107e-05
5.582000000000000427e-05
5.584000000000000069e-05
5.586000000000000389e-05
5.588000000000000031e-05
5.590000000000000351e-05
5.591999999999999993e-05
5.594000000000000312e-05
5.595999999999999954e-05
5.598000000000000274e-05
5.599999999999999916e-05
5.602000000000000236e-05
5.603999999999999878e-05
5.606000000000000197e-05
5.607999999999999839e-05
5.610000000000000159e-05
5.611999999999999801e-05
5.614000000000000121e-05
5.616000000000000440e-05
5.618000000000000082e-05
5.620000000000000402e-05
5.622000000000000044e-05
5.624000000000000364e-05
5.626000000000000006e-05
5.628000000000000326e-05
5.629999999999999968e-05
5.632000000000000287e-05
5.633999999999999929e-05
5.636000000000000249e-05
5.637999999999999891e-05
5.640000000000000211e-05
5.641999999999999853e-05
5.644000000000000172e-05
5.645999999999999814e-05
5.648000000000000134e-05
5.650000000000000454e-05
5.652000000000000096e-05
5.654000000000000415e-05
5.656000000000000057e-05
5.658000000000000377e-05
5.660000000000000019e-05
5.662000000000000339e-05
5.663999999999999981e-05
5.666000000000000301e-05
5.667999999999999943e-05
5.670000000000000262e-05
5.671999999999999904e-05
5.674000000000000224e-05
5.675999999999999866e-05
5.678000000000000186e-05
5.679999999999999828e-05
5.682000000000000147e-05
5.683999999999999789e-05
5.686000000000000109e-05
5.688000000000000429e-05
5.690000000000000071e-05
5.692000000000000390e-05
5.694000000000000032e-05
5.696000000000000352e-05
5.697999999999999994e-05
5.700000000000000314e-05
5.701999999999999956e-05
5.704000000000000276e-05
5.705999999999999918e-05
5.708000000000000237e-05
5.709999999999999879e-05
5.712000000000000199e-05
5.713999999999999841e-05
5.716000000000000161e-05
5.717999999999999803e-05
5.720000000000000122e-05
5.722000000000000442e-05
5.724000000000000084e-05
5.726000000000000404e-05
5.728000000000000046e-05
5.730000000000000365e-05
5.732000000000000007e-05
5.734000000000000327e-05
5.735999999999999969e-05
5.738000000000000289e-05
5.739999999999999931e-05
5.742000000000000251e-05
5.743999999999999893e-05
5.746000000000000212e-05
5.747999999999999854e-05
5.750000000000000174e-05
5.751999999999999816e-05
5.754000000000000136e-05
5.756000000000000455e-05
5.758000000000000097e-05
5.760000000000000417e-05
5.762000000000000059e-05
5.764000000000000379e-05
5.766000000000000021e-05
5.768000000000000340e-05
5.769999999999999982e-05
5.772000000000000302e-05
5.773999999999999944e-05
5.776000000000000264e-05
5.777999999999999906e-05
5.780000000000000225e-05
5.781999999999999868e-05
5.784000000000000187e-05
5.785999999999999829e-05
5.788000000000000149e-05
5.789999999999999791e-05
5.792000000000000111e-05
5.794000000000000430e-05
5.796000000000000072e-05
5.798000000000000392e-05
5.800000000000000034e-05
5.802000000000000354e-05
5.803999999999999996e-05
5.806000000000000315e-05
5.807999999999999957e-05
5.810000000000000277e-05
5.811999999999999919e-05
5.814000000000000239e-05
5.815999999999999881e-05
5.818000000000000200e-05
5.819999999999999843e-05
5.822000000000000162e-05
5.823999999999999804e-05
5.826000000000000124e-05
5.828000000000000444e-05
5.830000000000000086e-05
5.832000000000000405e-05
5.834000000000000047e-05
5.836000000000000367e-05
5.838000000000000009e-05
5.840000000000000329e-05
5.841999999999999971e-05
5.844000000000000290e-05
5.845999999999999932e-05
5.848000000000000252e-05
5.849999999999999894e-05
5.852000000000000214e-05
5.853999999999999856e-05
5.856000000000000175e-05
5.857999999999999818e-05
5.860000000000000137e-05
5.862000000000000457e-05
5.864000000000000099e-05
5.866000000000000419e-05
5.868000000000000061e-05
5.870000000000000380e-05
5.872000000000000022e-05
5.874000000000000342e-05
5.875999999999999984e-05
5.878000000000000304e-05
5.879999999999999946e-05
5.882000000000000265e-05
5.883999999999999907e-05
5.886000000000000227e-05
5.887999999999999869e-05
5.890000000000000189e-05
5.891999999999999831e-05
5.894000000000000150e-05
5.895999999999999792e-05
5.898000000000000112e-05
5.900000000000000432e-05
5.902000000000000074e-05
5.904000000000000394e-05
5.906000000000000036e-05
5.908000000000000355e-05
5.909999999999999997e-05
5.912000000000000317e-05
5.913999999999999959e-05
5.916000000000000279e-05
5.917999999999999921e-05
5.920000000000000240e-05
5.921999999999999882e-05
5.924000000000000202e-05
5.925999999999999844e-05
5.928000000000000164e-05
5.929999999999999806e-05
5.932000000000000125e-05
5.934000000000000445e-05
5.936000000000000087e-05
5.938000000000000407e-05
5.940000000000000049e-05
5.942000000000000369e-05
5.944000000000000011e-05
5.946000000000000330e-05
5.947999999999999972e-05
5.950000000000000292e-05
5.951999999999999934e-05
5.954000000000000254e-05
5.955999999999999896e-05
5.958000000000000215e-05
5.959999999999999857e-05
5.962000000000000177e-05
5.963999999999999819e-05
5.966000000000000139e-05
5.968000000000000458e-05
5.970000000000000100e-05
5.972000000000000420e-05
5.974000000000000062e-05
5.976000000000000382e-05
5.978000000000000024e-05
5.980000000000000343e-05
5.981999999999999986e-05
5.984000000000000305e-05
5.985999999999999947e-05
5.988000000000000267e-05
5.989999999999999909e-05
5.992000000000000229e-05
5.993999999999999871e-05
5.996000000000000190e-05
5.997999999999999832e-05
6.000000000000000152e-05
6.001999999999999794e-05
6.004000000000000114e-05
6.006000000000000433e-05
6.008000000000000075e-05
6.010000000000000395e-05
6.012000000000000037e-05
6.014000000000000357e-05
6.015999999999999999e-05
6.018000000000000318e-05
6.019999999999999961e-05
6.022000000000000280e-05
6.023999999999999922e-05
6.026000000000000242e-05
6.027999999999999884e-05
6.030000000000000204e-05
6.031999999999999846e-05
6.034000000000000165e-05
6.035999999999999807e-05
6.038000000000000127e-05
6.040000000000000447e-05
6.042000000000000089e-05
6.044000000000000408e-05
6.046000000000000050e-05
6.048000000000000370e-05
6.050000000000000012e-05
6.052000000000000332e-05
6.053999999999999974e-05
6.056000000000000293e-05
6.057999999999999936e-05
6.060000000000000255e-05
6.061999999999999897e-05
6.064000000000000217e-05
6.065999999999999859e-05
6.068000000000000179e-05
6.069999999999999821e-05
6.072000000000000140e-05
6.074000000000000460e-05
6.076000000000000102e-05
6.078000000000000422e-05
6.080000000000000064e-05
6.082000000000000383e-05
6.084000000000000025e-05
6.086000000000000345e-05
6.087999999999999987e-05
6.090000000000000307e-05
6.091999999999999949e-05
6.094000000000000268e-05
6.095999999999999910e-05
6.098000000000000230e-05
6.099999999999999872e-05
6.102000000000000192e-05
6.103999999999999834e-05
6.106000000000000154e-05
6.108000000000000473e-05
6.110000000000000793e-05
6.111999999999999757e-05
6.114000000000000077e-05
6.116000000000000397e-05
6.118000000000000716e-05
6.119999999999999681e-05
6.122000000000000000e-05
6.124000000000000320e-05
6.126000000000000640e-05
6.127999999999999604e-05
6.129999999999999924e-05
6.132000000000000243e-05
6.134000000000000563e-05
6.135999999999999528e-05
6.137999999999999847e-05
6.140000000000000167e-05
6.142000000000000487e-05
6.144000000000000806e-05
6.145999999999999771e-05
6.148000000000000090e-05
6.150000000000000410e-05
6.152000000000000730e-05
6.153999999999999694e-05
6.156000000000000014e-05
6.158000000000000333e-05
6.160000000000000653e-05
6.161999999999999617e-05
6.163999999999999937e-05
6.166000000000000257e-05
6.168000000000000576e-05
6.169999999999999541e-05
6.171999999999999860e-05
6.174000000000000180e-05
6.176000000000000500e-05
6.177999999999999464e-05
6.179999999999999784e-05
6.182000000000000104e-05
6.184000000000000423e-05
6.186000000000000743e-05
6.187999999999999707e-05
6.190000000000000027e-05
6.192000000000000347e-05
6.194000000000000666e-05
6.195999999999999631e-05
6.197999999999999950e-05
6.200000000000000270e-05
6.202000000000000590e-05
6.203999999999999554e-05
6.205999999999999874e-05
6.208000000000000193e-05
6.210000000000000513e-05
6.211999999999999477e-05
6.213999999999999797e-05
6.216000000000000117e-05
6.218000000000000436e-05
6.220000000000000756e-05
6.221999999999999721e-05
6.224000000000000040e-05
6.226000000000000360e-05
6.228000000000000680e-05
6.229999999999999644e-05
6.231999999999999964e-05
6.234000000000000283e-05
6.236000000000000603e-05
6.237999999999999567e-05
6.239999999999999887e-05
6.242000000000000207e-05
6.244000000000000526e-05
6.245999999999999491e-05
6.247999999999999810e-05
6.250000000000000130e-05
6.252000000000000450e-05
6.254000000000000769e-05
6.255999999999999734e-05
6.258000000000000054e-05
6.260000000000000373e-05
6.262000000000000693e-05
6.263999999999999657e-05
6.265999999999999977e-05
6.268000000000000297e-05
6.270000000000000616e-05
6.271999999999999581e-05
6.273999999999999900e-05
6.276000000000000220e-05
6.278000000000000540e-05
6.279999999999999504e-05
6.281999999999999824e-05
6.284000000000000143e-05
6.286000000000000463e-05
6.288000000000000783e-05
6.289999999999999747e-05
6.292000000000000067e-05
6.294000000000000386e-05
6.296000000000000706e-05
6.297999999999999671e-05
6.299999999999999990e-05
6.302000000000000310e-05
6.304000000000000630e-05
6.305999999999999594e-05
6.307999999999999914e-05
6.310000000000000233e-05
6.312000000000000553e-05
6.313999999999999517e-05
6.315999999999999837e-05
6.318000000000000157e-05
6.320000000000000476e-05
6.322000000000000796e-05
6.323999999999999760e-05
6.326000000000000080e-05
6.328000000000000400e-05
6.330000000000000719e-05
6.331999999999999684e-05
6.334000000000000003e-05
6.336000000000000323e-05
6.338000000000000643e-05
6.339999999999999607e-05
6.341999999999999927e-05
6.344000000000000247e-05
6.346000000000000566e-05
6.347999999999999531e-05
6.349999999999999850e-05
6.352000000000000170e-05
6.354000000000000490e-05
6.356000000000000809e-05
6.357999999999999774e-05
6.360000000000000093e-05
6.362000000000000413e-05
6.364000000000000733e-05
6.365999999999999697e-05
6.368000000000000017e-05
6.370000000000000336e-05
6.372000000000000656e-05
6.373999999999999621e-05
6.375999999999999940e-05
6.378000000000000260e-05
6.380000000000000580e-05
6.381999999999999544e-05
6.383999999999999864e-05
6.386000000000000183e-05
6.388000000000000503e-05
6.389999999999999467e-05
6.391999999999999787e-05
6.394000000000000107e-05
6.396000000000000426e-05
6.398000000000000746e-05
6.399999999999999710e-05
6.402000000000000030e-05
6.404000000000000350e-05
6.406000000000000669e-05
6.407999999999999634e-05
6.409999999999999953e-05
6.412000000000000273e-05
6.414000000000000593e-05
6.415999999999999557e-05
6.417999999999999877e-05
6.420000000000000197e-05
6.422000000000000516e-05
6.423999999999999481e-05
6.425999999999999800e-05
6.428000000000000120e-05
6.430000000000000440e-05
6.432000000000000759e-05
6.433999999999999724e-05
6.436000000000000043e-05
6.438000000000000363e-05
6.440000000000000683e-05
6.441999999999999647e-05
6.443999999999999967e-05
6.446000000000000286e-05
6.448000000000000606e-05
6.449999999999999570e-05
6.451999999999999890e-05
6.454000000000000210e-05
6.456000000000000529e-05
6.457999999999999494e-05
6.459999999999999814e-05
6.462000000000000133e-05
6.464000000000000453e-05
6.466000000000000773e-05
6.467999999999999737e-05
6.470000000000000057e-05
6.472000000000000376e-05
6.474000000000000696e-05
6.475999999999999660e-05
6.477999999999999980e-05
6.480000000000000300e-05
6.482000000000000619e-05
6.483999999999999584e-05
6.485999999999999903e-05
6.488000000000000223e-05
6.490000000000000543e-05
6.491999999999999507e-05
6.493999999999999827e-05
6.496000000000000147e-05
6.498000000000000466e-05
6.500000000000000786e-05
6.501999999999999750e-05
6.504000000000000070e-05
6.506000000000000390e-05
6.508000000000000709e-05
6.509999999999999674e-05
6.511999999999999993e-05
6.514000000000000313e-05
6.516000000000000633e-05
6.517999999999999597e-05
6.519999999999999917e-05
6.522000000000000236e-05
6.524000000000000556e-05
6.525999999999999520e-05
6.527999999999999840e-05
6.530000000000000160e-05
6.532000000000000479e-05
6.534000000000000799e-05
6.535999999999999764e-05
6.538000000000000083e-05
6.540000000000000403e-05
6.542000000000000723e-05
6.543999999999999687e-05
6.546000000000000007e-05
6.548000000000000326e-05
6.550000000000000646e-05
6.551999999999999610e-05
6.553999999999999930e-05
6.556000000000000250e-05
6.558000000000000569e-05
6.559999999999999534e-05
6.561999999999999853e-05
6.564000000000000173e-05
6.566000000000000493e-05
6.568000000000000812e-05
6.569999999999999777e-05
6.572000000000000096e-05
6.574000000000000416e-05
6.576000000000000736e-05
6.577999999999999700e-05
6.580000000000000020e-05
6.582000000000000340e-05
6.584000000000000659e-05
6.585999999999999624e-05
6.587999999999999943e-05
6.590000000000000263e-05
6.592000000000000583e-05
6.593999999999999547e-05
6.595999999999999867e-05
6.598000000000000186e-05
6.600000000000000506e-05
6.601999999999999470e-05
6.603999999999999790e-05
6.606000000000000110e-05
6.608000000000000429e-05
6.610000000000000749e-05
6.611999999999999714e-05
6.614000000000000033e-05
6.616000000000000353e-05
6.618000000000000672e-05
6.619999999999999637e-05
6.621999999999999957e-05
6.624000000000000276e-05
6.626000000000000596e-05
6.627999999999999560e-05
6.629999999999999880e-05
6.632000000000000200e-05
6.634000000000000519e-05
6.635999999999999484e-05
6.637999999999999803e-05
6.640000000000000123e-05
6.642000000000000443e-05
6.644000000000000762e-05
6.645999999999999727e-05
6.648000000000000046e-05
6.650000000000000366e-05
6.652000000000000686e-05
6.653999999999999650e-05
6.655999999999999970e-05
6.658000000000000290e-05
6.660000000000000609e-05
6.661999999999999574e-05
6.663999999999999893e-05
6.666000000000000213e-05
6.668000000000000533e-05
6.669999999999999497e-05
6.671999999999999817e-05
6.674000000000000136e-05
6.676000000000000456e-05
6.678000000000000776e-05
6.679999999999999740e-05
6.682000000000000060e-05
6.684000000000000379e-05
6.686000000000000699e-05
6.687999999999999663e-05
6.689999999999999983e-05
6.692000000000000303e-05
6.694000000000000622e-05
6.695999999999999587e-05
6.697999999999999907e-05
6.700000000000000226e-05
6.702000000000000546e-05
6.703999999999999510e-05
6.705999999999999830e-05
6.708000000000000150e-05
6.710000000000000469e-05
6.712000000000000789e-05
6.713999999999999753e-05
6.716000000000000073e-05
6.718000000000000393e-05
6.720000000000000712e-05
6.721999999999999677e-05
6.723999999999999996e-05
6.726000000000000316e-05
6.728000000000000636e-05
6.729999999999999600e-05
6.731999999999999920e-05
6.734000000000000239e-05
6.736000000000000559e-05
6.737999999999999524e-05
6.739999999999999843e-05
6.742000000000000163e-05
6.744000000000000483e-05
6.746000000000000802e-05
6.747999999999999767e-05
6.750000000000000086e-05
6.752000000000000406e-05
6.754000000000000726e-05
6.755999999999999690e-05
6.758000000000000010e-05
6.760000000000000329e-05
6.762000000000000649e-05
6.763999999999999613e-05
6.765999999999999933e-05
6.768000000000000253e-05
6.770000000000000572e-05
6.771999999999999537e-05
6.773999999999999857e-05
6.776000000000000176e-05
6.778000000000000496e-05
6.780000000000000816e-05
6.781999999999999780e-05
6.784000000000000100e-05
6.786000000000000419e-05
6.788000000000000739e-05
6.789999999999999703e-05
6.792000000000000023e-05
6.794000000000000343e-05
6.796000000000000662e-05
6.797999999999999627e-05
6.799999999999999946e-05
6.802000000000000266e-05
6.804000000000000586e-05
6.805999999999999550e-05
6.807999999999999870e-05
6.810000000000000189e-05
6.812000000000000509e-05
6.813999999999999474e-05
6.815999999999999793e-05
6.818000000000000113e-05
6.820000000000000433e-05
6.822000000000000752e-05
6.823999999999999717e-05
6.826000000000000036e-05
6.828000000000000356e-05
6.830000000000000676e-05
6.831999999999999640e-05
6.833999999999999960e-05
6.836000000000000279e-05
6.838000000000000599e-05
6.839999999999999563e-05
6.841999999999999883e-05
6.844000000000000203e-05
6.846000000000000522e-05
6.847999999999999487e-05
6.849999999999999806e-05
6.852000000000000126e-05
6.854000000000000446e-05
6.856000000000000765e-05
6.857999999999999730e-05
6.860000000000000050e-05
6.862000000000000369e-05
6.864000000000000689e-05
6.865999999999999653e-05
6.867999999999999973e-05
6.870000000000000293e-05
6.872000000000000612e-05
6.873999999999999577e-05
6.875999999999999896e-05
6.878000000000000216e-05
6.880000000000000536e-05
6.881999999999999500e-05
6.883999999999999820e-05
6.886000000000000139e-05
6.888000000000000459e-05
6.890000000000000779e-05
6.891999999999999743e-05
6.894000000000000063e-05
6.896000000000000383e-05
6.898000000000000702e-05
6.899999999999999667e-05
6.901999999999999986e-05
6.904000000000000306e-05
6.906000000000000626e-05
6.907999999999999590e-05
6.909999999999999910e-05
6.912000000000000229e-05
6.914000000000000549e-05
6.915999999999999513e-05
6.917999999999999833e-05
6.920000000000000153e-05
6.922000000000000472e-05
6.924000000000000792e-05
6.925999999999999756e-05
6.928000000000000076e-05
6.930000000000000396e-05
6.932000000000000715e-05
6.933999999999999680e-05
6.936000000000000000e-05
6.938000000000000319e-05
6.940000000000000639e-05
6.941999999999999603e-05
6.943999999999999923e-05
6.946000000000000243e-05
6.948000000000000562e-05
6.949999999999999527e-05
6.951999999999999846e-05
6.954000000000000166e-05
6.956000000000000486e-05
6.958000000000000805e-05
6.959999999999999770e-05
6.962000000000000089e-05
6.964000000000000409e-05
6.966000000000000729e-05
6.967999999999999693e-05
6.970000000000000013e-05
6.972000000000000332e-05
6.974000000000000652e-05
6.975999999999999617e-05
6.977999999999999936e-05
6.980000000000000256e-05
6.982000000000000576e-05
6.983999999999999540e-05
6.985999999999999860e-05
6.988000000000000179e-05
6.990000000000000499e-05
6.992000000000000819e-05
6.993999999999999783e-05
6.996000000000000103e-05
6.998000000000000422e-05
7.000000000000000742e-05
7.001999999999999706e-05
7.004000000000000026e-05
7.006000000000000346e-05
7.008000000000000665e-05
7.009999999999999630e-05
7.011999999999999950e-05
7.014000000000000269e-05
7.016000000000000589e-05
7.017999999999999553e-05
7.019999999999999873e-05
7.022000000000000193e-05
7.024000000000000512e-05
7.025999999999999477e-05
7.027999999999999796e-05
7.030000000000000116e-05
7.032000000000000436e-05
7.034000000000000755e-05
7.035999999999999720e-05
7.038000000000000039e-05
7.040000000000000359e-05
7.042000000000000679e-05
7.043999999999999643e-05
7.045999999999999963e-05
7.048000000000000282e-05
7.050000000000000602e-05
7.051999999999999567e-05
7.053999999999999886e-05
7.056000000000000206e-05
7.058000000000000526e-05
7.059999999999999490e-05
7.061999999999999810e-05
7.064000000000000129e-05
7.066000000000000449e-05
7.068000000000000769e-05
7.069999999999999733e-05
7.072000000000000053e-05
7.074000000000000372e-05
7.076000000000000692e-05
7.077999999999999656e-05
7.079999999999999976e-05
7.082000000000000296e-05
7.084000000000000615e-05
7.085999999999999580e-05
7.087999999999999899e-05
7.090000000000000219e-05
7.092000000000000539e-05
7.093999999999999503e-05
7.095999999999999823e-05
7.098000000000000143e-05
7.100000000000000462e-05
7.102000000000000782e-05
7.103999999999999746e-05
7.106000000000000066e-05
7.108000000000000386e-05
7.110000000000000705e-05
7.111999999999999670e-05
7.113999999999999989e-05
7.116000000000000309e-05
7.118000000000000629e-05
7.119999999999999593e-05
7.121999999999999913e-05
7.124000000000000232e-05
7.126000000000000552e-05
7.127999999999999517e-05
7.129999999999999836e-05
7.132000000000000156e-05
7.134000000000000476e-05
7.136000000000000795e-05
7.137999999999999760e-05
7.140000000000000079e-05
7.142000000000000399e-05
7.144000000000000719e-05
7.145999999999999683e-05
7.148000000000000003e-05
7.150000000000000322e-05
7.152000000000000642e-05
7.153999999999999606e-05
7.155999999999999926e-05
7.158000000000000246e-05
7.160000000000000565e-05
7.161999999999999530e-05
7.163999999999999849e-05
7.166000000000000169e-05
7.168000000000000489e-05
7.170000000000000808e-05
7.171999999999999773e-05
7.174000000000000093e-05
7.176000000000000412e-05
7.178000000000000732e-05
7.179999999999999696e-05
7.182000000000000016e-05
7.184000000000000336e-05
7.186000000000000655e-05
7.187999999999999620e-05
7.189999999999999939e-05
7.192000000000000259e-05
7.194000000000000579e-05
7.195999999999999543e-05
7.197999999999999863e-05
7.200000000000000182e-05
7.202000000000000502e-05
7.204000000000000822e-05
7.205999999999999786e-05
7.208000000000000106e-05
7.210000000000000425e-05
7.212000000000000745e-05
7.213999999999999710e-05
7.216000000000000029e-05
7.218000000000000349e-05
7.220000000000000669e-05
7.221999999999999633e-05
7.223999999999999953e-05
7.226000000000000272e-05
7.228000000000000592e-05
7.229999999999999556e-05
7.231999999999999876e-05
7.234000000000000196e-05
7.236000000000000515e-05
7.237999999999999480e-05
7.239999999999999799e-05
7.242000000000000119e-05
7.244000000000000439e-05
7.246000000000000758e-05
7.247999999999999723e-05
7.250000000000000043e-05
7.252000000000000362e-05
7.254000000000000682e-05
7.255999999999999646e-05
7.257999999999999966e-05
7.260000000000000286e-05
7.262000000000000605e-05
7.263999999999999570e-05
7.265999999999999889e-05
7.268000000000000209e-05
7.270000000000000529e-05
7.271999999999999493e-05
7.273999999999999813e-05
7.276000000000000132e-05
7.278000000000000452e-05
7.280000000000000772e-05
7.281999999999999736e-05
7.284000000000000056e-05
7.286000000000000375e-05
7.288000000000000695e-05
7.289999999999999660e-05
7.291999999999999979e-05
7.294000000000000299e-05
7.296000000000000619e-05
7.297999999999999583e-05
7.299999999999999903e-05
7.302000000000000222e-05
7.304000000000000542e-05
7.305999999999999506e-05
7.307999999999999826e-05
7.310000000000000146e-05
7.312000000000000465e-05
7.314000000000000785e-05
7.315999999999999749e-05
7.318000000000000069e-05
7.320000000000000389e-05
7.322000000000000708e-05
7.323999999999999673e-05
7.325999999999999992e-05
7.328000000000000312e-05
7.330000000000000632e-05
7.331999999999999596e-05
7.333999999999999916e-05
7.336000000000000236e-05
7.338000000000000555e-05
7.339999999999999520e-05
7.341999999999999839e-05
7.344000000000000159e-05
7.346000000000000479e-05
7.348000000000000798e-05
7.349999999999999763e-05
7.352000000000000082e-05
7.354000000000000402e-05
7.356000000000000722e-05
7.357999999999999686e-05
7.360000000000000006e-05
7.362000000000000325e-05
7.364000000000000645e-05
7.365999999999999609e-05
7.367999999999999929e-05
7.370000000000000249e-05
7.372000000000000568e-05
7.373999999999999533e-05
7.375999999999999853e-05
7.378000000000000172e-05
7.380000000000000492e-05
7.382000000000000812e-05
7.383999999999999776e-05
7.386000000000000096e-05
7.388000000000000415e-05
7.390000000000000735e-05
7.391999999999999699e-05
7.394000000000000019e-05
7.396000000000000339e-05
7.398000000000000658e-05
7.399999999999999623e-05
7.401999999999999942e-05
7.404000000000000262e-05
7.406000000000000582e-05
7.407999999999999546e-05
7.409999999999999866e-05
7.412000000000000186e-05
7.414000000000000505e-05
7.416000000000000825e-05
7.417999999999999789e-05
7.420000000000000109e-05
7.422000000000000429e-05
7.424000000000000748e-05
7.425999999999999713e-05
7.428000000000000032e-05
7.430000000000000352e-05
7.432000000000000672e-05
7.433999999999999636e-05
7.435999999999999956e-05
7.438000000000000275e-05
7.440000000000000595e-05
7.441999999999999559e-05
7.443999999999999879e-05
7.446000000000000199e-05
7.448000000000000518e-05
7.449999999999999483e-05
7.451999999999999803e-05
7.454000000000000122e-05
7.456000000000000442e-05
7.458000000000000762e-05
7.459999999999999726e-05
7.462000000000000046e-05
7.464000000000000365e-05
7.466000000000000685e-05
7.467999999999999649e-05
7.469999999999999969e-05
7.472000000000000289e-05
7.474000000000000608e-05
7.475999999999999573e-05
7.477999999999999892e-05
7.480000000000000212e-05
7.482000000000000532e-05
7.483999999999999496e-05
7.485999999999999816e-05
7.488000000000000135e-05
7.490000000000000455e-05
7.492000000000000775e-05
7.493999999999999739e-05
7.496000000000000059e-05
7.498000000000000379e-05
7.500000000000000698e-05
7.501999999999999663e-05
7.503999999999999982e-05
7.506000000000000302e-05
7.508000000000000622e-05
7.509999999999999586e-05
7.511999999999999906e-05
7.514000000000000225e-05
7.516000000000000545e-05
7.517999999999999509e-05
7.519999999999999829e-05
7.522000000000000149e-05
7.524000000000000468e-05
7.526000000000000788e-05
7.527999999999999753e-05
7.530000000000000072e-05
7.532000000000000392e-05
7.534000000000000712e-05
7.535999999999999676e-05
7.537999999999999996e-05
7.540000000000000315e-05
7.542000000000000635e-05
7.543999999999999599e-05
7.545999999999999919e-05
7.548000000000000239e-05
7.550000000000000558e-05
7.551999999999999523e-05
7.553999999999999842e-05
7.556000000000000162e-05
7.558000000000000482e-05
7.560000000000000801e-05
7.561999999999999766e-05
7.564000000000000085e-05
7.566000000000000405e-05
7.568000000000000725e-05
7.569999999999999689e-05
7.572000000000000009e-05
7.574000000000000329e-05
7.576000000000000648e-05
7.577999999999999613e-05
7.579999999999999932e-05
7.582000000000000252e-05
7.584000000000000572e-05
7.585999999999999536e-05
7.587999999999999856e-05
7.590000000000000175e-05
7.592000000000000495e-05
7.594000000000000815e-05
7.595999999999999779e-05
7.598000000000000099e-05
7.600000000000000418e-05
7.602000000000000738e-05
7.603999999999999702e-05
7.606000000000000022e-05
7.608000000000000342e-05
7.610000000000000661e-05
7.611999999999999626e-05
7.613999999999999946e-05
7.616000000000000265e-05
7.618000000000000585e-05
7.619999999999999549e-05
7.621999999999999869e-05
7.624000000000000189e-05
7.626000000000000508e-05
7.628000000000000828e-05
7.629999999999999792e-05
7.632000000000000112e-05
7.634000000000000432e-05
7.636000000000000751e-05
7.637999999999999716e-05
7.640000000000000035e-05
7.642000000000000355e-05
7.644000000000000675e-05
7.645999999999999639e-05
7.647999999999999959e-05
7.650000000000000279e-05
7.652000000000000598e-05
7.653999999999999563e-05
7.655999999999999882e-05
7.658000000000000202e-05
7.660000000000000522e-05
7.661999999999999486e-05
7.663999999999999806e-05
7.666000000000000125e-05
7.668000000000000445e-05
7.670000000000000765e-05
7.671999999999999729e-05
7.674000000000000049e-05
7.676000000000000368e-05
7.678000000000000688e-05
7.679999999999999652e-05
7.681999999999999972e-05
7.684000000000000292e-05
7.686000000000000611e-05
7.687999999999999576e-05
7.689999999999999896e-05
7.692000000000000215e-05
7.694000000000000535e-05
7.695999999999999499e-05
7.697999999999999819e-05
7.700000000000000139e-05
7.702000000000000458e-05
7.704000000000000778e-05
7.705999999999999742e-05
7.708000000000000062e-05
7.710000000000000382e-05
7.712000000000000701e-05
7.713999999999999666e-05
7.715999999999999985e-05
7.718000000000000305e-05
7.720000000000000625e-05
7.721999999999999589e-05
7.723999999999999909e-05
7.726000000000000228e-05
7.728000000000000548e-05
7.729999999999999513e-05
7.731999999999999832e-05
7.734000000000000152e-05
7.736000000000000472e-05
7.738000000000000791e-05
7.739999999999999756e-05
7.742000000000000075e-05
7.744000000000000395e-05
7.746000000000000715e-05
7.747999999999999679e-05
7.749999999999999999e-05
7.752000000000000318e-05
7.754000000000000638e-05
7.755999999999999602e-05
7.757999999999999922e-05
7.760000000000000242e-05
7.762000000000000561e-05
7.763999999999999526e-05
7.765999999999999846e-05
7.768000000000000165e-05
7.770000000000000485e-05
7.772000000000000805e-05
7.773999999999999769e-05
7.776000000000000089e-05
7.778000000000000408e-05
7.780000000000000728e-05
7.781999999999999692e-05
7.784000000000000012e-05
7.786000000000000332e-05
7.788000000000000651e-05
7.789999999999999616e-05
7.791999999999999935e-05
7.794000000000000255e-05
7.796000000000000575e-05
7.797999999999999539e-05
7.799999999999999859e-05
7.802000000000000178e-05
7.804000000000000498e-05
7.806000000000000818e-05
7.807999999999999782e-05
7.810000000000000102e-05
7.812000000000000422e-05
7.814000000000000741e-05
7.815999999999999706e-05
7.818000000000000025e-05
7.820000000000000345e-05
7.822000000000000665e-05
7.823999999999999629e-05
7.825999999999999949e-05
7.828000000000000268e-05
7.830000000000000588e-05
7.831999999999999552e-05
7.833999999999999872e-05
7.836000000000000192e-05
7.838000000000000511e-05
7.840000000000000831e-05
7.841999999999999795e-05
7.844000000000000115e-05
7.846000000000000435e-05
7.848000000000000754e-05
7.849999999999999719e-05
7.852000000000000039e-05
7.854000000000000358e-05
7.856000000000000678e-05
7.857999999999999642e-05
7.859999999999999962e-05
7.862000000000000282e-05
7.864000000000000601e-05
7.865999999999999566e-05
7.867999999999999885e-05
7.870000000000000205e-05
7.872000000000000525e-05
7.873999999999999489e-05
7.875999999999999809e-05
7.878000000000000128e-05
7.880000000000000448e-05
7.882000000000000768e-05
7.883999999999999732e-05
7.886000000000000052e-05
7.888000000000000372e-05
7.890000000000000691e-05
7.891999999999999656e-05
7.893999999999999975e-05
7.896000000000000295e-05
7.898000000000000615e-05
7.899999999999999579e-05
7.901999999999999899e-05
7.904000000000000218e-05
7.906000000000000538e-05
7.907999999999999502e-05
7.909999999999999822e-05
7.912000000000000142e-05
7.914000000000000461e-05
7.916000000000000781e-05
7.917999999999999745e-05
7.920000000000000065e-05
7.922000000000000385e-05
7.924000000000000704e-05
7.925999999999999669e-05
7.927999999999999989e-05
7.930000000000000308e-05
7.932000000000000628e-05
7.933999999999999592e-05
